# This file was produced by samtools stats (1.9+htslib-1.9) and can be plotted using plot-bamstats
# This file contains statistics for all reads.
# The command line was:  stats -@ 20 amelRNA_2/amelRNA_2_kv.bam
# CHK, Checksum	[2]Read Names	[3]Sequences	[4]Qualities
# CHK, CRC32 of reads which passed filtering followed by addition (32bit overflow)
CHK	be2e9036	771ac769	a0889239
# Summary Numbers. Use `grep ^SN | cut -f 2-` to extract this part.
SN	raw total sequences:	268749
SN	filtered sequences:	0
SN	sequences:	268749
SN	is sorted:	1
SN	1st fragments:	136392
SN	last fragments:	132357
SN	reads mapped:	255504
SN	reads mapped and paired:	242259	# paired-end technology bit set + both mates mapped
SN	reads unmapped:	13245
SN	reads properly paired:	234502	# proper-pair bit set
SN	reads paired:	268749	# paired-end technology bit set
SN	reads duplicated:	0	# PCR or optical duplicate bit set
SN	reads MQ0:	1209	# mapped and MQ=0
SN	reads QC failed:	0
SN	non-primary alignments:	1329
SN	total length:	40280922	# ignores clipping
SN	total first fragment length:	20445774	# ignores clipping
SN	total last fragment length:	19835148	# ignores clipping
SN	bases mapped:	38295073	# ignores clipping
SN	bases mapped (cigar):	38088193	# more accurate
SN	bases trimmed:	0
SN	bases duplicated:	0
SN	mismatches:	721051	# from NM fields
SN	error rate:	1.893109e-02	# mismatches / bases mapped (cigar)
SN	average length:	149
SN	average first fragment length:	150
SN	average last fragment length:	150
SN	maximum length:	150
SN	maximum first fragment length:	150
SN	maximum last fragment length:	150
SN	average quality:	36.2
SN	insert size average:	235.0
SN	insert size standard deviation:	43.7
SN	inward oriented pairs:	116135
SN	outward oriented pairs:	1998
SN	pairs with other orientation:	2
SN	pairs on different chromosomes:	2994
SN	percentage of properly paired reads (%):	87.3
# First Fragment Qualities. Use `grep ^FFQ | cut -f 2-` to extract this part.
# Columns correspond to qualities and rows to cycles. First column is the cycle number.
FFQ	1	0	0	0	0	0	0	0	0	0	0	0	1169	0	0	0	0	0	0	0	0	0	0	0	0	0	1974	0	0	0	0	0	0	0	0	0	0	0	133249	0
FFQ	2	0	0	2	0	0	0	0	0	0	0	0	996	0	0	0	0	0	0	0	0	0	0	0	0	0	2056	0	0	0	0	0	0	0	0	0	0	0	133338	0
FFQ	3	0	0	6	0	0	0	0	0	0	0	0	807	0	0	0	0	0	0	0	0	0	0	0	0	0	1730	0	0	0	0	0	0	0	0	0	0	0	133849	0
FFQ	4	0	0	0	0	0	0	0	0	0	0	0	788	0	0	0	0	0	0	0	0	0	0	0	0	0	1721	0	0	0	0	0	0	0	0	0	0	0	133883	0
FFQ	5	0	0	0	0	0	0	0	0	0	0	0	706	0	0	0	0	0	0	0	0	0	0	0	0	0	1659	0	0	0	0	0	0	0	0	0	0	0	134027	0
FFQ	6	0	0	30	0	0	0	0	0	0	0	0	840	0	0	0	0	0	0	0	0	0	0	0	0	0	1707	0	0	0	0	0	0	0	0	0	0	0	133815	0
FFQ	7	0	0	1	0	0	0	0	0	0	0	0	966	0	0	0	0	0	0	0	0	0	0	0	0	0	2123	0	0	0	0	0	0	0	0	0	0	0	133302	0
FFQ	8	0	0	18	0	0	0	0	0	0	0	0	945	0	0	0	0	0	0	0	0	0	0	0	0	0	2054	0	0	0	0	0	0	0	0	0	0	0	133375	0
FFQ	9	0	0	0	0	0	0	0	0	0	0	0	951	0	0	0	0	0	0	0	0	0	0	0	0	0	1846	0	0	0	0	0	0	0	0	0	0	0	133595	0
FFQ	10	0	0	6	0	0	0	0	0	0	0	0	981	0	0	0	0	0	0	0	0	0	0	0	0	0	1966	0	0	0	0	0	0	0	0	0	0	0	133439	0
FFQ	11	0	0	4	0	0	0	0	0	0	0	0	1030	0	0	0	0	0	0	0	0	0	0	0	0	0	1954	0	0	0	0	0	0	0	0	0	0	0	133404	0
FFQ	12	0	0	0	0	0	0	0	0	0	0	0	1055	0	0	0	0	0	0	0	0	0	0	0	0	0	1976	0	0	0	0	0	0	0	0	0	0	0	133361	0
FFQ	13	0	0	0	0	0	0	0	0	0	0	0	720	0	0	0	0	0	0	0	0	0	0	0	0	0	1989	0	0	0	0	0	0	0	0	0	0	0	133683	0
FFQ	14	0	0	0	0	0	0	0	0	0	0	0	844	0	0	0	0	0	0	0	0	0	0	0	0	0	2081	0	0	0	0	0	0	0	0	0	0	0	133467	0
FFQ	15	0	0	0	0	0	0	0	0	0	0	0	965	0	0	0	0	0	0	0	0	0	0	0	0	0	2110	0	0	0	0	0	0	0	0	0	0	0	133317	0
FFQ	16	0	0	0	0	0	0	0	0	0	0	0	851	0	0	0	0	0	0	0	0	0	0	0	0	0	2099	0	0	0	0	0	0	0	0	0	0	0	133442	0
FFQ	17	0	0	0	0	0	0	0	0	0	0	0	925	0	0	0	0	0	0	0	0	0	0	0	0	0	2048	0	0	0	0	0	0	0	0	0	0	0	133419	0
FFQ	18	0	0	0	0	0	0	0	0	0	0	0	732	0	0	0	0	0	0	0	0	0	0	0	0	0	2031	0	0	0	0	0	0	0	0	0	0	0	133629	0
FFQ	19	0	0	0	0	0	0	0	0	0	0	0	689	0	0	0	0	0	0	0	0	0	0	0	0	0	2019	0	0	0	0	0	0	0	0	0	0	0	133684	0
FFQ	20	0	0	0	0	0	0	0	0	0	0	0	689	0	0	0	0	0	0	0	0	0	0	0	0	0	2087	0	0	0	0	0	0	0	0	0	0	0	133616	0
FFQ	21	0	0	0	0	0	0	0	0	0	0	0	694	0	0	0	0	0	0	0	0	0	0	0	0	0	2115	0	0	0	0	0	0	0	0	0	0	0	133583	0
FFQ	22	0	0	0	0	0	0	0	0	0	0	0	681	0	0	0	0	0	0	0	0	0	0	0	0	0	2103	0	0	0	0	0	0	0	0	0	0	0	133608	0
FFQ	23	0	0	0	0	0	0	0	0	0	0	0	641	0	0	0	0	0	0	0	0	0	0	0	0	0	2138	0	0	0	0	0	0	0	0	0	0	0	133613	0
FFQ	24	0	0	0	0	0	0	0	0	0	0	0	727	0	0	0	0	0	0	0	0	0	0	0	0	0	2121	0	0	0	0	0	0	0	0	0	0	0	133544	0
FFQ	25	0	0	0	0	0	0	0	0	0	0	0	676	0	0	0	0	0	0	0	0	0	0	0	0	0	2001	0	0	0	0	0	0	0	0	0	0	0	133715	0
FFQ	26	0	0	0	0	0	0	0	0	0	0	0	718	0	0	0	0	0	0	0	0	0	0	0	0	0	2014	0	0	0	0	0	0	0	0	0	0	0	133660	0
FFQ	27	0	0	0	0	0	0	0	0	0	0	0	755	0	0	0	0	0	0	0	0	0	0	0	0	0	2064	0	0	0	0	0	0	0	0	0	0	0	133573	0
FFQ	28	0	0	0	0	0	0	0	0	0	0	0	810	0	0	0	0	0	0	0	0	0	0	0	0	0	2077	0	0	0	0	0	0	0	0	0	0	0	133505	0
FFQ	29	0	0	0	0	0	0	0	0	0	0	0	805	0	0	0	0	0	0	0	0	0	0	0	0	0	2029	0	0	0	0	0	0	0	0	0	0	0	133558	0
FFQ	30	0	0	0	0	0	0	0	0	0	0	0	750	0	0	0	0	0	0	0	0	0	0	0	0	0	2047	0	0	0	0	0	0	0	0	0	0	0	133595	0
FFQ	31	0	0	0	0	0	0	0	0	0	0	0	840	0	0	0	0	0	0	0	0	0	0	0	0	0	2046	0	0	0	0	0	0	0	0	0	0	0	133506	0
FFQ	32	0	0	0	0	0	0	0	0	0	0	0	786	0	0	0	0	0	0	0	0	0	0	0	0	0	1987	0	0	0	0	0	0	0	0	0	0	0	133619	0
FFQ	33	0	0	0	0	0	0	0	0	0	0	0	874	0	0	0	0	0	0	0	0	0	0	0	0	0	2054	0	0	0	0	0	0	0	0	0	0	0	133464	0
FFQ	34	0	0	0	0	0	0	0	0	0	0	0	997	0	0	0	0	0	0	0	0	0	0	0	0	0	2218	0	0	0	0	0	0	0	0	0	0	0	133177	0
FFQ	35	0	0	0	0	0	0	0	0	0	0	0	819	0	0	0	0	0	0	0	0	0	0	0	0	0	2378	0	0	0	0	0	0	0	0	0	0	0	133195	0
FFQ	36	0	0	0	0	0	0	0	0	0	0	0	834	0	0	0	0	0	0	0	0	0	0	0	0	0	2510	0	0	0	0	0	0	0	0	0	0	0	133048	0
FFQ	37	0	0	0	0	0	0	0	0	0	0	0	847	0	0	0	0	0	0	0	0	0	0	0	0	0	2449	0	0	0	0	0	0	0	0	0	0	0	133096	0
FFQ	38	0	0	0	0	0	0	0	0	0	0	0	923	0	0	0	0	0	0	0	0	0	0	0	0	0	2429	0	0	0	0	0	0	0	0	0	0	0	133040	0
FFQ	39	0	0	0	0	0	0	0	0	0	0	0	1144	0	0	0	0	0	0	0	0	0	0	0	0	0	2456	0	0	0	0	0	0	0	0	0	0	0	132792	0
FFQ	40	0	0	0	0	0	0	0	0	0	0	0	1413	0	0	0	0	0	0	0	0	0	0	0	0	0	2532	0	0	0	0	0	0	0	0	0	0	0	132447	0
FFQ	41	0	0	0	0	0	0	0	0	0	0	0	1801	0	0	0	0	0	0	0	0	0	0	0	0	0	2778	0	0	0	0	0	0	0	0	0	0	0	131813	0
FFQ	42	0	0	0	0	0	0	0	0	0	0	0	2557	0	0	0	0	0	0	0	0	0	0	0	0	0	3096	0	0	0	0	0	0	0	0	0	0	0	130739	0
FFQ	43	0	0	1	0	0	0	0	0	0	0	0	3760	0	0	0	0	0	0	0	0	0	0	0	0	0	3343	0	0	0	0	0	0	0	0	0	0	0	129288	0
FFQ	44	0	0	0	0	0	0	0	0	0	0	0	3830	0	0	0	0	0	0	0	0	0	0	0	0	0	3299	0	0	0	0	0	0	0	0	0	0	0	129263	0
FFQ	45	0	0	0	0	0	0	0	0	0	0	0	3019	0	0	0	0	0	0	0	0	0	0	0	0	0	3284	0	0	0	0	0	0	0	0	0	0	0	130089	0
FFQ	46	0	0	0	0	0	0	0	0	0	0	0	1580	0	0	0	0	0	0	0	0	0	0	0	0	0	3230	0	0	0	0	0	0	0	0	0	0	0	131582	0
FFQ	47	0	0	0	0	0	0	0	0	0	0	0	1380	0	0	0	0	0	0	0	0	0	0	0	0	0	3203	0	0	0	0	0	0	0	0	0	0	0	131809	0
FFQ	48	0	0	0	0	0	0	0	0	0	0	0	1282	0	0	0	0	0	0	0	0	0	0	0	0	0	2969	0	0	0	0	0	0	0	0	0	0	0	132141	0
FFQ	49	0	0	0	0	0	0	0	0	0	0	0	1177	0	0	0	0	0	0	0	0	0	0	0	0	0	2790	0	0	0	0	0	0	0	0	0	0	0	132425	0
FFQ	50	0	0	0	0	0	0	0	0	0	0	0	1258	0	0	0	0	0	0	0	0	0	0	0	0	0	2714	0	0	0	0	0	0	0	0	0	0	0	132420	0
FFQ	51	0	0	0	0	0	0	0	0	0	0	0	1058	0	0	0	0	0	0	0	0	0	0	0	0	0	2577	0	0	0	0	0	0	0	0	0	0	0	132757	0
FFQ	52	0	0	0	0	0	0	0	0	0	0	0	1032	0	0	0	0	0	0	0	0	0	0	0	0	0	2429	0	0	0	0	0	0	0	0	0	0	0	132931	0
FFQ	53	0	0	0	0	0	0	0	0	0	0	0	972	0	0	0	0	0	0	0	0	0	0	0	0	0	2461	0	0	0	0	0	0	0	0	0	0	0	132959	0
FFQ	54	0	0	0	0	0	0	0	0	0	0	0	880	0	0	0	0	0	0	0	0	0	0	0	0	0	2532	0	0	0	0	0	0	0	0	0	0	0	132980	0
FFQ	55	0	0	0	0	0	0	0	0	0	0	0	991	0	0	0	0	0	0	0	0	0	0	0	0	0	2569	0	0	0	0	0	0	0	0	0	0	0	132832	0
FFQ	56	0	0	0	0	0	0	0	0	0	0	0	902	0	0	0	0	0	0	0	0	0	0	0	0	0	2621	0	0	0	0	0	0	0	0	0	0	0	132869	0
FFQ	57	0	0	0	0	0	0	0	0	0	0	0	1025	0	0	0	0	0	0	0	0	0	0	0	0	0	2681	0	0	0	0	0	0	0	0	0	0	0	132686	0
FFQ	58	0	0	0	0	0	0	0	0	0	0	0	1056	0	0	0	0	0	0	0	0	0	0	0	0	0	2701	0	0	0	0	0	0	0	0	0	0	0	132635	0
FFQ	59	0	0	0	0	0	0	0	0	0	0	0	1304	0	0	0	0	0	0	0	0	0	0	0	0	0	3027	0	0	0	0	0	0	0	0	0	0	0	132061	0
FFQ	60	0	0	0	0	0	0	0	0	0	0	0	1402	0	0	0	0	0	0	0	0	0	0	0	0	0	2761	0	0	0	0	0	0	0	0	0	0	0	132229	0
FFQ	61	0	0	0	0	0	0	0	0	0	0	0	1576	0	0	0	0	0	0	0	0	0	0	0	0	0	2917	0	0	0	0	0	0	0	0	0	0	0	131899	0
FFQ	62	0	0	0	0	0	0	0	0	0	0	0	1227	0	0	0	0	0	0	0	0	0	0	0	0	0	3089	0	0	0	0	0	0	0	0	0	0	0	132076	0
FFQ	63	0	0	0	0	0	0	0	0	0	0	0	1218	0	0	0	0	0	0	0	0	0	0	0	0	0	3185	0	0	0	0	0	0	0	0	0	0	0	131989	0
FFQ	64	0	0	0	0	0	0	0	0	0	0	0	1247	0	0	0	0	0	0	0	0	0	0	0	0	0	2987	0	0	0	0	0	0	0	0	0	0	0	132158	0
FFQ	65	0	0	0	0	0	0	0	0	0	0	0	1286	0	0	0	0	0	0	0	0	0	0	0	0	0	3311	0	0	0	0	0	0	0	0	0	0	0	131795	0
FFQ	66	0	0	0	0	0	0	0	0	0	0	0	1242	0	0	0	0	0	0	0	0	0	0	0	0	0	3277	0	0	0	0	0	0	0	0	0	0	0	131873	0
FFQ	67	0	0	0	0	0	0	0	0	0	0	0	1309	0	0	0	0	0	0	0	0	0	0	0	0	0	3163	0	0	0	0	0	0	0	0	0	0	0	131920	0
FFQ	68	0	0	0	0	0	0	0	0	0	0	0	1299	0	0	0	0	0	0	0	0	0	0	0	0	0	3407	0	0	0	0	0	0	0	0	0	0	0	131686	0
FFQ	69	0	0	0	0	0	0	0	0	0	0	0	1129	0	0	0	0	0	0	0	0	0	0	0	0	0	3271	0	0	0	0	0	0	0	0	0	0	0	131992	0
FFQ	70	0	0	0	0	0	0	0	0	0	0	0	1205	0	0	0	0	0	0	0	0	0	0	0	0	0	3426	0	0	0	0	0	0	0	0	0	0	0	131761	0
FFQ	71	0	0	0	0	0	0	0	0	0	0	0	1381	0	0	0	0	0	0	0	0	0	0	0	0	0	3206	0	0	0	0	0	0	0	0	0	0	0	131805	0
FFQ	72	0	0	0	0	0	0	0	0	0	0	0	1501	0	0	0	0	0	0	0	0	0	0	0	0	0	3343	0	0	0	0	0	0	0	0	0	0	0	131548	0
FFQ	73	0	0	0	0	0	0	0	0	0	0	0	1398	0	0	0	0	0	0	0	0	0	0	0	0	0	2989	0	0	0	0	0	0	0	0	0	0	0	132005	0
FFQ	74	0	0	0	0	0	0	0	0	0	0	0	1603	0	0	0	0	0	0	0	0	0	0	0	0	0	3289	0	0	0	0	0	0	0	0	0	0	0	131500	0
FFQ	75	0	0	0	0	0	0	0	0	0	0	0	1385	0	0	0	0	0	0	0	0	0	0	0	0	0	3245	0	0	0	0	0	0	0	0	0	0	0	131762	0
FFQ	76	0	0	0	0	0	0	0	0	0	0	0	1655	0	0	0	0	0	0	0	0	0	0	0	0	0	3412	0	0	0	0	0	0	0	0	0	0	0	131325	0
FFQ	77	0	0	0	0	0	0	0	0	0	0	0	1882	0	0	0	0	0	0	0	0	0	0	0	0	0	3826	0	0	0	0	0	0	0	0	0	0	0	130684	0
FFQ	78	0	0	0	0	0	0	0	0	0	0	0	1869	0	0	0	0	0	0	0	0	0	0	0	0	0	3967	0	0	0	0	0	0	0	0	0	0	0	130556	0
FFQ	79	0	0	0	0	0	0	0	0	0	0	0	1431	0	0	0	0	0	0	0	0	0	0	0	0	0	3715	0	0	0	0	0	0	0	0	0	0	0	131246	0
FFQ	80	0	0	0	0	0	0	0	0	0	0	0	1192	0	0	0	0	0	0	0	0	0	0	0	0	0	3559	0	0	0	0	0	0	0	0	0	0	0	131641	0
FFQ	81	0	0	0	0	0	0	0	0	0	0	0	1125	0	0	0	0	0	0	0	0	0	0	0	0	0	3362	0	0	0	0	0	0	0	0	0	0	0	131905	0
FFQ	82	0	0	0	0	0	0	0	0	0	0	0	1207	0	0	0	0	0	0	0	0	0	0	0	0	0	3286	0	0	0	0	0	0	0	0	0	0	0	131899	0
FFQ	83	0	0	0	0	0	0	0	0	0	0	0	1199	0	0	0	0	0	0	0	0	0	0	0	0	0	3372	0	0	0	0	0	0	0	0	0	0	0	131821	0
FFQ	84	0	0	0	0	0	0	0	0	0	0	0	1259	0	0	0	0	0	0	0	0	0	0	0	0	0	3485	0	0	0	0	0	0	0	0	0	0	0	131648	0
FFQ	85	0	0	0	0	0	0	0	0	0	0	0	1576	0	0	0	0	0	0	0	0	0	0	0	0	0	3805	0	0	0	0	0	0	0	0	0	0	0	131011	0
FFQ	86	0	0	0	0	0	0	0	0	0	0	0	1357	0	0	0	0	0	0	0	0	0	0	0	0	0	3822	0	0	0	0	0	0	0	0	0	0	0	131213	0
FFQ	87	0	0	0	0	0	0	0	0	0	0	0	1576	0	0	0	0	0	0	0	0	0	0	0	0	0	3710	0	0	0	0	0	0	0	0	0	0	0	131106	0
FFQ	88	0	0	0	0	0	0	0	0	0	0	0	1491	0	0	0	0	0	0	0	0	0	0	0	0	0	3933	0	0	0	0	0	0	0	0	0	0	0	130968	0
FFQ	89	0	0	0	0	0	0	0	0	0	0	0	1571	0	0	0	0	0	0	0	0	0	0	0	0	0	3951	0	0	0	0	0	0	0	0	0	0	0	130870	0
FFQ	90	0	0	0	0	0	0	0	0	0	0	0	1528	0	0	0	0	0	0	0	0	0	0	0	0	0	3635	0	0	0	0	0	0	0	0	0	0	0	131229	0
FFQ	91	0	0	0	0	0	0	0	0	0	0	0	1446	0	0	0	0	0	0	0	0	0	0	0	0	0	3788	0	0	0	0	0	0	0	0	0	0	0	131158	0
FFQ	92	0	0	0	0	0	0	0	0	0	0	0	1477	0	0	0	0	0	0	0	0	0	0	0	0	0	3833	0	0	0	0	0	0	0	0	0	0	0	131082	0
FFQ	93	0	0	0	0	0	0	0	0	0	0	0	1346	0	0	0	0	0	0	0	0	0	0	0	0	0	3481	0	0	0	0	0	0	0	0	0	0	0	131565	0
FFQ	94	0	0	0	0	0	0	0	0	0	0	0	1363	0	0	0	0	0	0	0	0	0	0	0	0	0	3482	0	0	0	0	0	0	0	0	0	0	0	131547	0
FFQ	95	0	0	0	0	0	0	0	0	0	0	0	1249	0	0	0	0	0	0	0	0	0	0	0	0	0	3782	0	0	0	0	0	0	0	0	0	0	0	131361	0
FFQ	96	0	0	0	0	0	0	0	0	0	0	0	1378	0	0	0	0	0	0	0	0	0	0	0	0	0	3774	0	0	0	0	0	0	0	0	0	0	0	131240	0
FFQ	97	0	0	0	0	0	0	0	0	0	0	0	1314	0	0	0	0	0	0	0	0	0	0	0	0	0	3535	0	0	0	0	0	0	0	0	0	0	0	131543	0
FFQ	98	0	0	0	0	0	0	0	0	0	0	0	1419	0	0	0	0	0	0	0	0	0	0	0	0	0	3857	0	0	0	0	0	0	0	0	0	0	0	131116	0
FFQ	99	0	0	0	0	0	0	0	0	0	0	0	1492	0	0	0	0	0	0	0	0	0	0	0	0	0	3870	0	0	0	0	0	0	0	0	0	0	0	131030	0
FFQ	100	0	0	0	0	0	0	0	0	0	0	0	1582	0	0	0	0	0	0	0	0	0	0	0	0	0	3919	0	0	0	0	0	0	0	0	0	0	0	130891	0
FFQ	101	0	0	0	0	0	0	0	0	0	0	0	1572	0	0	0	0	0	0	0	0	0	0	0	0	0	4117	0	0	0	0	0	0	0	0	0	0	0	130703	0
FFQ	102	0	0	0	0	0	0	0	0	0	0	0	1688	0	0	0	0	0	0	0	0	0	0	0	0	0	4309	0	0	0	0	0	0	0	0	0	0	0	130395	0
FFQ	103	0	0	0	0	0	0	0	0	0	0	0	1610	0	0	0	0	0	0	0	0	0	0	0	0	0	3961	0	0	0	0	0	0	0	0	0	0	0	130821	0
FFQ	104	0	0	0	0	0	0	0	0	0	0	0	1432	0	0	0	0	0	0	0	0	0	0	0	0	0	3791	0	0	0	0	0	0	0	0	0	0	0	131169	0
FFQ	105	0	0	0	0	0	0	0	0	0	0	0	1457	0	0	0	0	0	0	0	0	0	0	0	0	0	3843	0	0	0	0	0	0	0	0	0	0	0	131092	0
FFQ	106	0	0	0	0	0	0	0	0	0	0	0	1690	0	0	0	0	0	0	0	0	0	0	0	0	0	4112	0	0	0	0	0	0	0	0	0	0	0	130590	0
FFQ	107	0	0	0	0	0	0	0	0	0	0	0	1682	0	0	0	0	0	0	0	0	0	0	0	0	0	4269	0	0	0	0	0	0	0	0	0	0	0	130441	0
FFQ	108	0	0	0	0	0	0	0	0	0	0	0	2038	0	0	0	0	0	0	0	0	0	0	0	0	0	4436	0	0	0	0	0	0	0	0	0	0	0	129918	0
FFQ	109	0	0	0	0	0	0	0	0	0	0	0	1996	0	0	0	0	0	0	0	0	0	0	0	0	0	4901	0	0	0	0	0	0	0	0	0	0	0	129495	0
FFQ	110	0	0	0	0	0	0	0	0	0	0	0	1913	0	0	0	0	0	0	0	0	0	0	0	0	0	4720	0	0	0	0	0	0	0	0	0	0	0	129759	0
FFQ	111	0	0	0	0	0	0	0	0	0	0	0	1633	0	0	0	0	0	0	0	0	0	0	0	0	0	4129	0	0	0	0	0	0	0	0	0	0	0	130630	0
FFQ	112	0	0	0	0	0	0	0	0	0	0	0	1602	0	0	0	0	0	0	0	0	0	0	0	0	0	4025	0	0	0	0	0	0	0	0	0	0	0	130765	0
FFQ	113	0	0	0	0	0	0	0	0	0	0	0	1793	0	0	0	0	0	0	0	0	0	0	0	0	0	4577	0	0	0	0	0	0	0	0	0	0	0	130022	0
FFQ	114	0	0	0	0	0	0	0	0	0	0	0	1804	0	0	0	0	0	0	0	0	0	0	0	0	0	4591	0	0	0	0	0	0	0	0	0	0	0	129997	0
FFQ	115	0	0	0	0	0	0	0	0	0	0	0	1834	0	0	0	0	0	0	0	0	0	0	0	0	0	4217	0	0	0	0	0	0	0	0	0	0	0	130341	0
FFQ	116	0	0	0	0	0	0	0	0	0	0	0	1791	0	0	0	0	0	0	0	0	0	0	0	0	0	4777	0	0	0	0	0	0	0	0	0	0	0	129824	0
FFQ	117	0	0	0	0	0	0	0	0	0	0	0	1996	0	0	0	0	0	0	0	0	0	0	0	0	0	4695	0	0	0	0	0	0	0	0	0	0	0	129701	0
FFQ	118	0	0	0	0	0	0	0	0	0	0	0	2219	0	0	0	0	0	0	0	0	0	0	0	0	0	4925	0	0	0	0	0	0	0	0	0	0	0	129248	0
FFQ	119	0	0	0	0	0	0	0	0	0	0	0	2023	0	0	0	0	0	0	0	0	0	0	0	0	0	4950	0	0	0	0	0	0	0	0	0	0	0	129419	0
FFQ	120	0	0	0	0	0	0	0	0	0	0	0	2117	0	0	0	0	0	0	0	0	0	0	0	0	0	5159	0	0	0	0	0	0	0	0	0	0	0	129116	0
FFQ	121	0	0	0	0	0	0	0	0	0	0	0	2354	0	0	0	0	0	0	0	0	0	0	0	0	0	5045	0	0	0	0	0	0	0	0	0	0	0	128993	0
FFQ	122	0	0	0	0	0	0	0	0	0	0	0	2409	0	0	0	0	0	0	0	0	0	0	0	0	0	5310	0	0	0	0	0	0	0	0	0	0	0	128673	0
FFQ	123	0	0	0	0	0	0	0	0	0	0	0	2438	0	0	0	0	0	0	0	0	0	0	0	0	0	5181	0	0	0	0	0	0	0	0	0	0	0	128773	0
FFQ	124	0	0	0	0	0	0	0	0	0	0	0	2244	0	0	0	0	0	0	0	0	0	0	0	0	0	5173	0	0	0	0	0	0	0	0	0	0	0	128975	0
FFQ	125	0	0	0	0	0	0	0	0	0	0	0	2219	0	0	0	0	0	0	0	0	0	0	0	0	0	5410	0	0	0	0	0	0	0	0	0	0	0	128763	0
FFQ	126	0	0	0	0	0	0	0	0	0	0	0	2373	0	0	0	0	0	0	0	0	0	0	0	0	0	5293	0	0	0	0	0	0	0	0	0	0	0	128726	0
FFQ	127	0	0	0	0	0	0	0	0	0	0	0	1826	0	0	0	0	0	0	0	0	0	0	0	0	0	4891	0	0	0	0	0	0	0	0	0	0	0	129675	0
FFQ	128	0	0	3	0	0	0	0	0	0	0	0	2209	0	0	0	0	0	0	0	0	0	0	0	0	0	5578	0	0	0	0	0	0	0	0	0	0	0	128602	0
FFQ	129	0	0	0	0	0	0	0	0	0	0	0	2147	0	0	0	0	0	0	0	0	0	0	0	0	0	5455	0	0	0	0	0	0	0	0	0	0	0	128790	0
FFQ	130	0	0	0	0	0	0	0	0	0	0	0	2149	0	0	0	0	0	0	0	0	0	0	0	0	0	5144	0	0	0	0	0	0	0	0	0	0	0	129099	0
FFQ	131	0	0	0	0	0	0	0	0	0	0	0	2448	0	0	0	0	0	0	0	0	0	0	0	0	0	5733	0	0	0	0	0	0	0	0	0	0	0	128211	0
FFQ	132	0	0	0	0	0	0	0	0	0	0	0	2229	0	0	0	0	0	0	0	0	0	0	0	0	0	5364	0	0	0	0	0	0	0	0	0	0	0	128799	0
FFQ	133	0	0	0	0	0	0	0	0	0	0	0	2363	0	0	0	0	0	0	0	0	0	0	0	0	0	5648	0	0	0	0	0	0	0	0	0	0	0	128381	0
FFQ	134	0	0	0	0	0	0	0	0	0	0	0	2346	0	0	0	0	0	0	0	0	0	0	0	0	0	5992	0	0	0	0	0	0	0	0	0	0	0	128054	0
FFQ	135	0	0	0	0	0	0	0	0	0	0	0	2814	0	0	0	0	0	0	0	0	0	0	0	0	0	6308	0	0	0	0	0	0	0	0	0	0	0	127270	0
FFQ	136	0	0	0	0	0	0	0	0	0	0	0	2689	0	0	0	0	0	0	0	0	0	0	0	0	0	6520	0	0	0	0	0	0	0	0	0	0	0	127183	0
FFQ	137	0	0	0	0	0	0	0	0	0	0	0	2427	0	0	0	0	0	0	0	0	0	0	0	0	0	6113	0	0	0	0	0	0	0	0	0	0	0	127852	0
FFQ	138	0	0	0	0	0	0	0	0	0	0	0	2607	0	0	0	0	0	0	0	0	0	0	0	0	0	6321	0	0	0	0	0	0	0	0	0	0	0	127464	0
FFQ	139	0	0	0	0	0	0	0	0	0	0	0	2937	0	0	0	0	0	0	0	0	0	0	0	0	0	6733	0	0	0	0	0	0	0	0	0	0	0	126722	0
FFQ	140	0	0	0	0	0	0	0	0	0	0	0	2999	0	0	0	0	0	0	0	0	0	0	0	0	0	6667	0	0	0	0	0	0	0	0	0	0	0	126726	0
FFQ	141	0	0	0	0	0	0	0	0	0	0	0	2707	0	0	0	0	0	0	0	0	0	0	0	0	0	6205	0	0	0	0	0	0	0	0	0	0	0	127480	0
FFQ	142	0	0	0	0	0	0	0	0	0	0	0	2778	0	0	0	0	0	0	0	0	0	0	0	0	0	6558	0	0	0	0	0	0	0	0	0	0	0	127056	0
FFQ	143	0	0	0	0	0	0	0	0	0	0	0	2550	0	0	0	0	0	0	0	0	0	0	0	0	0	6083	0	0	0	0	0	0	0	0	0	0	0	127759	0
FFQ	144	0	0	0	0	0	0	0	0	0	0	0	2660	0	0	0	0	0	0	0	0	0	0	0	0	0	6331	0	0	0	0	0	0	0	0	0	0	0	127401	0
FFQ	145	0	0	0	0	0	0	0	0	0	0	0	3224	0	0	0	0	0	0	0	0	0	0	0	0	0	7143	0	0	0	0	0	0	0	0	0	0	0	126025	0
FFQ	146	0	0	0	0	0	0	0	0	0	0	0	2741	0	0	0	0	0	0	0	0	0	0	0	0	0	6480	0	0	0	0	0	0	0	0	0	0	0	127160	0
FFQ	147	0	0	0	0	0	0	0	0	0	0	0	2922	0	0	0	0	0	0	0	0	0	0	0	0	0	6572	0	0	0	0	0	0	0	0	0	0	0	126466	0
FFQ	148	0	0	0	0	0	0	0	0	0	0	0	2896	0	0	0	0	0	0	0	0	0	0	0	0	0	6659	0	0	0	0	0	0	0	0	0	0	0	122647	0
FFQ	149	0	0	0	0	0	0	0	0	0	0	0	3015	0	0	0	0	0	0	0	0	0	0	0	0	0	6799	0	0	0	0	0	0	0	0	0	0	0	122388	0
FFQ	150	0	0	0	0	0	0	0	0	0	0	0	3046	0	0	0	0	0	0	0	0	0	0	0	0	0	6891	0	0	0	0	0	0	0	0	0	0	0	122252	0
# Last Fragment Qualities. Use `grep ^LFQ | cut -f 2-` to extract this part.
# Columns correspond to qualities and rows to cycles. First column is the cycle number.
LFQ	1	0	0	0	0	0	0	0	0	0	0	0	1519	0	0	0	0	0	0	0	0	0	0	0	0	0	3908	0	0	0	0	0	0	0	0	0	0	0	126930	0
LFQ	2	0	0	0	0	0	0	0	0	0	0	0	1480	0	0	0	0	0	0	0	0	0	0	0	0	0	4592	0	0	0	0	0	0	0	0	0	0	0	126285	0
LFQ	3	0	0	0	0	0	0	0	0	0	0	0	1310	0	0	0	0	0	0	0	0	0	0	0	0	0	3697	0	0	0	0	0	0	0	0	0	0	0	127350	0
LFQ	4	0	0	0	0	0	0	0	0	0	0	0	1272	0	0	0	0	0	0	0	0	0	0	0	0	0	3777	0	0	0	0	0	0	0	0	0	0	0	127308	0
LFQ	5	0	0	0	0	0	0	0	0	0	0	0	1118	0	0	0	0	0	0	0	0	0	0	0	0	0	3416	0	0	0	0	0	0	0	0	0	0	0	127823	0
LFQ	6	0	0	0	0	0	0	0	0	0	0	0	1085	0	0	0	0	0	0	0	0	0	0	0	0	0	3207	0	0	0	0	0	0	0	0	0	0	0	128065	0
LFQ	7	0	0	0	0	0	0	0	0	0	0	0	1257	0	0	0	0	0	0	0	0	0	0	0	0	0	3541	0	0	0	0	0	0	0	0	0	0	0	127559	0
LFQ	8	0	0	0	0	0	0	0	0	0	0	0	1060	0	0	0	0	0	0	0	0	0	0	0	0	0	3094	0	0	0	0	0	0	0	0	0	0	0	128203	0
LFQ	9	0	0	3	0	0	0	0	0	0	0	0	1122	0	0	0	0	0	0	0	0	0	0	0	0	0	3014	0	0	0	0	0	0	0	0	0	0	0	128218	0
LFQ	10	0	0	0	0	0	0	0	0	0	0	0	1150	0	0	0	0	0	0	0	0	0	0	0	0	0	3352	0	0	0	0	0	0	0	0	0	0	0	127855	0
LFQ	11	0	0	0	0	0	0	0	0	0	0	0	1026	0	0	0	0	0	0	0	0	0	0	0	0	0	3057	0	0	0	0	0	0	0	0	0	0	0	128274	0
LFQ	12	0	0	0	0	0	0	0	0	0	0	0	1125	0	0	0	0	0	0	0	0	0	0	0	0	0	3036	0	0	0	0	0	0	0	0	0	0	0	128196	0
LFQ	13	0	0	0	0	0	0	0	0	0	0	0	1072	0	0	0	0	0	0	0	0	0	0	0	0	0	2982	0	0	0	0	0	0	0	0	0	0	0	128303	0
LFQ	14	0	0	0	0	0	0	0	0	0	0	0	1089	0	0	0	0	0	0	0	0	0	0	0	0	0	3206	0	0	0	0	0	0	0	0	0	0	0	128062	0
LFQ	15	0	0	0	0	0	0	0	0	0	0	0	1124	0	0	0	0	0	0	0	0	0	0	0	0	0	3132	0	0	0	0	0	0	0	0	0	0	0	128101	0
LFQ	16	0	0	0	0	0	0	0	0	0	0	0	1105	0	0	0	0	0	0	0	0	0	0	0	0	0	3138	0	0	0	0	0	0	0	0	0	0	0	128114	0
LFQ	17	0	0	0	0	0	0	0	0	0	0	0	1077	0	0	0	0	0	0	0	0	0	0	0	0	0	3297	0	0	0	0	0	0	0	0	0	0	0	127983	0
LFQ	18	0	0	0	0	0	0	0	0	0	0	0	1101	0	0	0	0	0	0	0	0	0	0	0	0	0	3196	0	0	0	0	0	0	0	0	0	0	0	128060	0
LFQ	19	0	0	0	0	0	0	0	0	0	0	0	1053	0	0	0	0	0	0	0	0	0	0	0	0	0	3594	0	0	0	0	0	0	0	0	0	0	0	127710	0
LFQ	20	0	0	0	0	0	0	0	0	0	0	0	1181	0	0	0	0	0	0	0	0	0	0	0	0	0	3222	0	0	0	0	0	0	0	0	0	0	0	127954	0
LFQ	21	0	0	0	0	0	0	0	0	0	0	0	1130	0	0	0	0	0	0	0	0	0	0	0	0	0	3501	0	0	0	0	0	0	0	0	0	0	0	127726	0
LFQ	22	0	0	0	0	0	0	0	0	0	0	0	1111	0	0	0	0	0	0	0	0	0	0	0	0	0	3360	0	0	0	0	0	0	0	0	0	0	0	127886	0
LFQ	23	0	0	0	0	0	0	0	0	0	0	0	1267	0	0	0	0	0	0	0	0	0	0	0	0	0	3513	0	0	0	0	0	0	0	0	0	0	0	127577	0
LFQ	24	0	0	0	0	0	0	0	0	0	0	0	1150	0	0	0	0	0	0	0	0	0	0	0	0	0	3650	0	0	0	0	0	0	0	0	0	0	0	127557	0
LFQ	25	0	0	0	0	0	0	0	0	0	0	0	1310	0	0	0	0	0	0	0	0	0	0	0	0	0	3857	0	0	0	0	0	0	0	0	0	0	0	127190	0
LFQ	26	0	0	0	0	0	0	0	0	0	0	0	1278	0	0	0	0	0	0	0	0	0	0	0	0	0	3765	0	0	0	0	0	0	0	0	0	0	0	127314	0
LFQ	27	0	0	0	0	0	0	0	0	0	0	0	1217	0	0	0	0	0	0	0	0	0	0	0	0	0	3741	0	0	0	0	0	0	0	0	0	0	0	127399	0
LFQ	28	0	0	0	0	0	0	0	0	0	0	0	1333	0	0	0	0	0	0	0	0	0	0	0	0	0	3836	0	0	0	0	0	0	0	0	0	0	0	127188	0
LFQ	29	0	0	0	0	0	0	0	0	0	0	0	1310	0	0	0	0	0	0	0	0	0	0	0	0	0	4013	0	0	0	0	0	0	0	0	0	0	0	127034	0
LFQ	30	0	0	0	0	0	0	0	0	0	0	0	1328	0	0	0	0	0	0	0	0	0	0	0	0	0	4091	0	0	0	0	0	0	0	0	0	0	0	126938	0
LFQ	31	0	0	0	0	0	0	0	0	0	0	0	1426	0	0	0	0	0	0	0	0	0	0	0	0	0	4147	0	0	0	0	0	0	0	0	0	0	0	126784	0
LFQ	32	0	0	0	0	0	0	0	0	0	0	0	1446	0	0	0	0	0	0	0	0	0	0	0	0	0	4226	0	0	0	0	0	0	0	0	0	0	0	126685	0
LFQ	33	0	0	0	0	0	0	0	0	0	0	0	1255	0	0	0	0	0	0	0	0	0	0	0	0	0	3936	0	0	0	0	0	0	0	0	0	0	0	127166	0
LFQ	34	0	0	0	0	0	0	0	0	0	0	0	1252	0	0	0	0	0	0	0	0	0	0	0	0	0	3769	0	0	0	0	0	0	0	0	0	0	0	127336	0
LFQ	35	0	0	0	0	0	0	0	0	0	0	0	1337	0	0	0	0	0	0	0	0	0	0	0	0	0	4098	0	0	0	0	0	0	0	0	0	0	0	126922	0
LFQ	36	0	0	0	0	0	0	0	0	0	0	0	1287	0	0	0	0	0	0	0	0	0	0	0	0	0	3946	0	0	0	0	0	0	0	0	0	0	0	127124	0
LFQ	37	0	0	3	0	0	0	0	0	0	0	0	1299	0	0	0	0	0	0	0	0	0	0	0	0	0	3926	0	0	0	0	0	0	0	0	0	0	0	127129	0
LFQ	38	0	0	0	0	0	0	0	0	0	0	0	1304	0	0	0	0	0	0	0	0	0	0	0	0	0	3858	0	0	0	0	0	0	0	0	0	0	0	127195	0
LFQ	39	0	0	0	0	0	0	0	0	0	0	0	1367	0	0	0	0	0	0	0	0	0	0	0	0	0	3948	0	0	0	0	0	0	0	0	0	0	0	127042	0
LFQ	40	0	0	0	0	0	0	0	0	0	0	0	1318	0	0	0	0	0	0	0	0	0	0	0	0	0	4081	0	0	0	0	0	0	0	0	0	0	0	126958	0
LFQ	41	0	0	2	0	0	0	0	0	0	0	0	1464	0	0	0	0	0	0	0	0	0	0	0	0	0	4198	0	0	0	0	0	0	0	0	0	0	0	126693	0
LFQ	42	0	0	0	0	0	0	0	0	0	0	0	1602	0	0	0	0	0	0	0	0	0	0	0	0	0	4390	0	0	0	0	0	0	0	0	0	0	0	126365	0
LFQ	43	0	0	0	0	0	0	0	0	0	0	0	1609	0	0	0	0	0	0	0	0	0	0	0	0	0	4472	0	0	0	0	0	0	0	0	0	0	0	126276	0
LFQ	44	0	0	0	0	0	0	0	0	0	0	0	1559	0	0	0	0	0	0	0	0	0	0	0	0	0	4344	0	0	0	0	0	0	0	0	0	0	0	126454	0
LFQ	45	0	0	0	0	0	0	0	0	0	0	0	1538	0	0	0	0	0	0	0	0	0	0	0	0	0	4383	0	0	0	0	0	0	0	0	0	0	0	126436	0
LFQ	46	0	0	0	0	0	0	0	0	0	0	0	1549	0	0	0	0	0	0	0	0	0	0	0	0	0	4221	0	0	0	0	0	0	0	0	0	0	0	126587	0
LFQ	47	0	0	0	0	0	0	0	0	0	0	0	1425	0	0	0	0	0	0	0	0	0	0	0	0	0	4271	0	0	0	0	0	0	0	0	0	0	0	126661	0
LFQ	48	0	0	0	0	0	0	0	0	0	0	0	1460	0	0	0	0	0	0	0	0	0	0	0	0	0	4434	0	0	0	0	0	0	0	0	0	0	0	126463	0
LFQ	49	0	0	0	0	0	0	0	0	0	0	0	1553	0	0	0	0	0	0	0	0	0	0	0	0	0	4545	0	0	0	0	0	0	0	0	0	0	0	126259	0
LFQ	50	0	0	0	0	0	0	0	0	0	0	0	1496	0	0	0	0	0	0	0	0	0	0	0	0	0	4513	0	0	0	0	0	0	0	0	0	0	0	126348	0
LFQ	51	0	0	0	0	0	0	0	0	0	0	0	1663	0	0	0	0	0	0	0	0	0	0	0	0	0	4505	0	0	0	0	0	0	0	0	0	0	0	126189	0
LFQ	52	0	0	0	0	0	0	0	0	0	0	0	1655	0	0	0	0	0	0	0	0	0	0	0	0	0	4463	0	0	0	0	0	0	0	0	0	0	0	126239	0
LFQ	53	0	0	0	0	0	0	0	0	0	0	0	1556	0	0	0	0	0	0	0	0	0	0	0	0	0	4572	0	0	0	0	0	0	0	0	0	0	0	126229	0
LFQ	54	0	0	0	0	0	0	0	0	0	0	0	1690	0	0	0	0	0	0	0	0	0	0	0	0	0	4485	0	0	0	0	0	0	0	0	0	0	0	126182	0
LFQ	55	0	0	0	0	0	0	0	0	0	0	0	1490	0	0	0	0	0	0	0	0	0	0	0	0	0	4376	0	0	0	0	0	0	0	0	0	0	0	126491	0
LFQ	56	0	0	0	0	0	0	0	0	0	0	0	1491	0	0	0	0	0	0	0	0	0	0	0	0	0	4320	0	0	0	0	0	0	0	0	0	0	0	126546	0
LFQ	57	0	0	0	0	0	0	0	0	0	0	0	1638	0	0	0	0	0	0	0	0	0	0	0	0	0	4460	0	0	0	0	0	0	0	0	0	0	0	126259	0
LFQ	58	0	0	0	0	0	0	0	0	0	0	0	1429	0	0	0	0	0	0	0	0	0	0	0	0	0	4533	0	0	0	0	0	0	0	0	0	0	0	126395	0
LFQ	59	0	0	0	0	0	0	0	0	0	0	0	1857	0	0	0	0	0	0	0	0	0	0	0	0	0	4938	0	0	0	0	0	0	0	0	0	0	0	125562	0
LFQ	60	0	0	0	0	0	0	0	0	0	0	0	1571	0	0	0	0	0	0	0	0	0	0	0	0	0	4482	0	0	0	0	0	0	0	0	0	0	0	126304	0
LFQ	61	0	0	0	0	0	0	0	0	0	0	0	1661	0	0	0	0	0	0	0	0	0	0	0	0	0	4504	0	0	0	0	0	0	0	0	0	0	0	126192	0
LFQ	62	0	0	0	0	0	0	0	0	0	0	0	1640	0	0	0	0	0	0	0	0	0	0	0	0	0	4694	0	0	0	0	0	0	0	0	0	0	0	126023	0
LFQ	63	0	0	0	0	0	0	0	0	0	0	0	1785	0	0	0	0	0	0	0	0	0	0	0	0	0	4922	0	0	0	0	0	0	0	0	0	0	0	125650	0
LFQ	64	0	0	0	0	0	0	0	0	0	0	0	1935	0	0	0	0	0	0	0	0	0	0	0	0	0	5070	0	0	0	0	0	0	0	0	0	0	0	125352	0
LFQ	65	0	0	0	0	0	0	0	0	0	0	0	1733	0	0	0	0	0	0	0	0	0	0	0	0	0	4979	0	0	0	0	0	0	0	0	0	0	0	125645	0
LFQ	66	0	0	0	0	0	0	0	0	0	0	0	1720	0	0	0	0	0	0	0	0	0	0	0	0	0	4877	0	0	0	0	0	0	0	0	0	0	0	125760	0
LFQ	67	0	0	0	0	0	0	0	0	0	0	0	1693	0	0	0	0	0	0	0	0	0	0	0	0	0	4851	0	0	0	0	0	0	0	0	0	0	0	125813	0
LFQ	68	0	0	0	0	0	0	0	0	0	0	0	1751	0	0	0	0	0	0	0	0	0	0	0	0	0	4801	0	0	0	0	0	0	0	0	0	0	0	125805	0
LFQ	69	0	0	0	0	0	0	0	0	0	0	0	1767	0	0	0	0	0	0	0	0	0	0	0	0	0	5023	0	0	0	0	0	0	0	0	0	0	0	125567	0
LFQ	70	0	0	0	0	0	0	0	0	0	0	0	1853	0	0	0	0	0	0	0	0	0	0	0	0	0	5250	0	0	0	0	0	0	0	0	0	0	0	125254	0
LFQ	71	0	0	3	0	0	0	0	0	0	0	0	1806	0	0	0	0	0	0	0	0	0	0	0	0	0	4644	0	0	0	0	0	0	0	0	0	0	0	125904	0
LFQ	72	0	0	0	0	0	0	0	0	0	0	0	1688	0	0	0	0	0	0	0	0	0	0	0	0	0	4857	0	0	0	0	0	0	0	0	0	0	0	125812	0
LFQ	73	0	0	0	0	0	0	0	0	0	0	0	1829	0	0	0	0	0	0	0	0	0	0	0	0	0	4996	0	0	0	0	0	0	0	0	0	0	0	125532	0
LFQ	74	0	0	0	0	0	0	0	0	0	0	0	1846	0	0	0	0	0	0	0	0	0	0	0	0	0	5020	0	0	0	0	0	0	0	0	0	0	0	125491	0
LFQ	75	0	0	0	0	0	0	0	0	0	0	0	1850	0	0	0	0	0	0	0	0	0	0	0	0	0	5144	0	0	0	0	0	0	0	0	0	0	0	125363	0
LFQ	76	0	0	0	0	0	0	0	0	0	0	0	2024	0	0	0	0	0	0	0	0	0	0	0	0	0	5476	0	0	0	0	0	0	0	0	0	0	0	124857	0
LFQ	77	0	0	2	0	0	0	0	0	0	0	0	1785	0	0	0	0	0	0	0	0	0	0	0	0	0	5324	0	0	0	0	0	0	0	0	0	0	0	125246	0
LFQ	78	0	0	0	0	0	0	0	0	0	0	0	1901	0	0	0	0	0	0	0	0	0	0	0	0	0	5204	0	0	0	0	0	0	0	0	0	0	0	125252	0
LFQ	79	0	0	0	0	0	0	0	0	0	0	0	2102	0	0	0	0	0	0	0	0	0	0	0	0	0	5331	0	0	0	0	0	0	0	0	0	0	0	124924	0
LFQ	80	0	0	0	0	0	0	0	0	0	0	0	2113	0	0	0	0	0	0	0	0	0	0	0	0	0	5616	0	0	0	0	0	0	0	0	0	0	0	124628	0
LFQ	81	0	0	0	0	0	0	0	0	0	0	0	2096	0	0	0	0	0	0	0	0	0	0	0	0	0	5419	0	0	0	0	0	0	0	0	0	0	0	124842	0
LFQ	82	0	0	0	0	0	0	0	0	0	0	0	1886	0	0	0	0	0	0	0	0	0	0	0	0	0	5108	0	0	0	0	0	0	0	0	0	0	0	125363	0
LFQ	83	0	0	0	0	0	0	0	0	0	0	0	1941	0	0	0	0	0	0	0	0	0	0	0	0	0	5333	0	0	0	0	0	0	0	0	0	0	0	125083	0
LFQ	84	0	0	0	0	0	0	0	0	0	0	0	2131	0	0	0	0	0	0	0	0	0	0	0	0	0	5528	0	0	0	0	0	0	0	0	0	0	0	124698	0
LFQ	85	0	0	0	0	0	0	0	0	0	0	0	2214	0	0	0	0	0	0	0	0	0	0	0	0	0	5403	0	0	0	0	0	0	0	0	0	0	0	124740	0
LFQ	86	0	0	0	0	0	0	0	0	0	0	0	2133	0	0	0	0	0	0	0	0	0	0	0	0	0	5809	0	0	0	0	0	0	0	0	0	0	0	124415	0
LFQ	87	0	0	4	0	0	0	0	0	0	0	0	2258	0	0	0	0	0	0	0	0	0	0	0	0	0	5722	0	0	0	0	0	0	0	0	0	0	0	124373	0
LFQ	88	0	0	0	0	0	0	0	0	0	0	0	2233	0	0	0	0	0	0	0	0	0	0	0	0	0	5778	0	0	0	0	0	0	0	0	0	0	0	124346	0
LFQ	89	0	0	0	0	0	0	0	0	0	0	0	2368	0	0	0	0	0	0	0	0	0	0	0	0	0	5990	0	0	0	0	0	0	0	0	0	0	0	123999	0
LFQ	90	0	0	0	0	0	0	0	0	0	0	0	2144	0	0	0	0	0	0	0	0	0	0	0	0	0	5744	0	0	0	0	0	0	0	0	0	0	0	124469	0
LFQ	91	0	0	0	0	0	0	0	0	0	0	0	2294	0	0	0	0	0	0	0	0	0	0	0	0	0	6152	0	0	0	0	0	0	0	0	0	0	0	123911	0
LFQ	92	0	0	0	0	0	0	0	0	0	0	0	2397	0	0	0	0	0	0	0	0	0	0	0	0	0	6050	0	0	0	0	0	0	0	0	0	0	0	123910	0
LFQ	93	0	0	0	0	0	0	0	0	0	0	0	2266	0	0	0	0	0	0	0	0	0	0	0	0	0	5934	0	0	0	0	0	0	0	0	0	0	0	124157	0
LFQ	94	0	0	0	0	0	0	0	0	0	0	0	2327	0	0	0	0	0	0	0	0	0	0	0	0	0	5901	0	0	0	0	0	0	0	0	0	0	0	124129	0
LFQ	95	0	0	0	0	0	0	0	0	0	0	0	2441	0	0	0	0	0	0	0	0	0	0	0	0	0	5994	0	0	0	0	0	0	0	0	0	0	0	123922	0
LFQ	96	0	0	0	0	0	0	0	0	0	0	0	2668	0	0	0	0	0	0	0	0	0	0	0	0	0	6476	0	0	0	0	0	0	0	0	0	0	0	123213	0
LFQ	97	0	0	3	0	0	0	0	0	0	0	0	2517	0	0	0	0	0	0	0	0	0	0	0	0	0	6314	0	0	0	0	0	0	0	0	0	0	0	123523	0
LFQ	98	0	0	0	0	0	0	0	0	0	0	0	2510	0	0	0	0	0	0	0	0	0	0	0	0	0	6283	0	0	0	0	0	0	0	0	0	0	0	123564	0
LFQ	99	0	0	0	0	0	0	0	0	0	0	0	2407	0	0	0	0	0	0	0	0	0	0	0	0	0	6201	0	0	0	0	0	0	0	0	0	0	0	123749	0
LFQ	100	0	0	0	0	0	0	0	0	0	0	0	2377	0	0	0	0	0	0	0	0	0	0	0	0	0	6380	0	0	0	0	0	0	0	0	0	0	0	123600	0
LFQ	101	0	0	0	0	0	0	0	0	0	0	0	2561	0	0	0	0	0	0	0	0	0	0	0	0	0	6277	0	0	0	0	0	0	0	0	0	0	0	123519	0
LFQ	102	0	0	0	0	0	0	0	0	0	0	0	2586	0	0	0	0	0	0	0	0	0	0	0	0	0	6543	0	0	0	0	0	0	0	0	0	0	0	123228	0
LFQ	103	0	0	0	0	0	0	0	0	0	0	0	2699	0	0	0	0	0	0	0	0	0	0	0	0	0	6709	0	0	0	0	0	0	0	0	0	0	0	122949	0
LFQ	104	0	0	0	0	0	0	0	0	0	0	0	2691	0	0	0	0	0	0	0	0	0	0	0	0	0	6908	0	0	0	0	0	0	0	0	0	0	0	122758	0
LFQ	105	0	0	0	0	0	0	0	0	0	0	0	2785	0	0	0	0	0	0	0	0	0	0	0	0	0	6642	0	0	0	0	0	0	0	0	0	0	0	122930	0
LFQ	106	0	0	0	0	0	0	0	0	0	0	0	2848	0	0	0	0	0	0	0	0	0	0	0	0	0	6575	0	0	0	0	0	0	0	0	0	0	0	122934	0
LFQ	107	0	0	0	0	0	0	0	0	0	0	0	2602	0	0	0	0	0	0	0	0	0	0	0	0	0	6626	0	0	0	0	0	0	0	0	0	0	0	123129	0
LFQ	108	0	0	0	0	0	0	0	0	0	0	0	2821	0	0	0	0	0	0	0	0	0	0	0	0	0	6787	0	0	0	0	0	0	0	0	0	0	0	122749	0
LFQ	109	0	0	0	0	0	0	0	0	0	0	0	2753	0	0	0	0	0	0	0	0	0	0	0	0	0	6925	0	0	0	0	0	0	0	0	0	0	0	122679	0
LFQ	110	0	0	0	0	0	0	0	0	0	0	0	2943	0	0	0	0	0	0	0	0	0	0	0	0	0	6902	0	0	0	0	0	0	0	0	0	0	0	122512	0
LFQ	111	0	0	0	0	0	0	0	0	0	0	0	2867	0	0	0	0	0	0	0	0	0	0	0	0	0	6844	0	0	0	0	0	0	0	0	0	0	0	122646	0
LFQ	112	0	0	1	0	0	0	0	0	0	0	0	2638	0	0	0	0	0	0	0	0	0	0	0	0	0	6649	0	0	0	0	0	0	0	0	0	0	0	123069	0
LFQ	113	0	0	0	0	0	0	0	0	0	0	0	2778	0	0	0	0	0	0	0	0	0	0	0	0	0	6896	0	0	0	0	0	0	0	0	0	0	0	122683	0
LFQ	114	0	0	0	0	0	0	0	0	0	0	0	2761	0	0	0	0	0	0	0	0	0	0	0	0	0	7016	0	0	0	0	0	0	0	0	0	0	0	122580	0
LFQ	115	0	0	0	0	0	0	0	0	0	0	0	2891	0	0	0	0	0	0	0	0	0	0	0	0	0	7005	0	0	0	0	0	0	0	0	0	0	0	122461	0
LFQ	116	0	0	1	0	0	0	0	0	0	0	0	2836	0	0	0	0	0	0	0	0	0	0	0	0	0	6955	0	0	0	0	0	0	0	0	0	0	0	122565	0
LFQ	117	0	0	0	0	0	0	0	0	0	0	0	3080	0	0	0	0	0	0	0	0	0	0	0	0	0	7179	0	0	0	0	0	0	0	0	0	0	0	122098	0
LFQ	118	0	0	5	0	0	0	0	0	0	0	0	3000	0	0	0	0	0	0	0	0	0	0	0	0	0	7152	0	0	0	0	0	0	0	0	0	0	0	122200	0
LFQ	119	0	0	0	0	0	0	0	0	0	0	0	3005	0	0	0	0	0	0	0	0	0	0	0	0	0	7182	0	0	0	0	0	0	0	0	0	0	0	122170	0
LFQ	120	0	0	0	0	0	0	0	0	0	0	0	3092	0	0	0	0	0	0	0	0	0	0	0	0	0	7436	0	0	0	0	0	0	0	0	0	0	0	121829	0
LFQ	121	0	0	4	0	0	0	0	0	0	0	0	3122	0	0	0	0	0	0	0	0	0	0	0	0	0	7478	0	0	0	0	0	0	0	0	0	0	0	121753	0
LFQ	122	0	0	0	0	0	0	0	0	0	0	0	3142	0	0	0	0	0	0	0	0	0	0	0	0	0	7467	0	0	0	0	0	0	0	0	0	0	0	121748	0
LFQ	123	0	0	0	0	0	0	0	0	0	0	0	3128	0	0	0	0	0	0	0	0	0	0	0	0	0	7351	0	0	0	0	0	0	0	0	0	0	0	121878	0
LFQ	124	0	0	0	0	0	0	0	0	0	0	0	3394	0	0	0	0	0	0	0	0	0	0	0	0	0	7867	0	0	0	0	0	0	0	0	0	0	0	121096	0
LFQ	125	0	0	0	0	0	0	0	0	0	0	0	3479	0	0	0	0	0	0	0	0	0	0	0	0	0	7982	0	0	0	0	0	0	0	0	0	0	0	120896	0
LFQ	126	0	0	0	0	0	0	0	0	0	0	0	3373	0	0	0	0	0	0	0	0	0	0	0	0	0	7648	0	0	0	0	0	0	0	0	0	0	0	121336	0
LFQ	127	0	0	0	0	0	0	0	0	0	0	0	3452	0	0	0	0	0	0	0	0	0	0	0	0	0	7905	0	0	0	0	0	0	0	0	0	0	0	121000	0
LFQ	128	0	0	0	0	0	0	0	0	0	0	0	3665	0	0	0	0	0	0	0	0	0	0	0	0	0	8097	0	0	0	0	0	0	0	0	0	0	0	120595	0
LFQ	129	0	0	0	0	0	0	0	0	0	0	0	3699	0	0	0	0	0	0	0	0	0	0	0	0	0	8219	0	0	0	0	0	0	0	0	0	0	0	120439	0
LFQ	130	0	0	0	0	0	0	0	0	0	0	0	3892	0	0	0	0	0	0	0	0	0	0	0	0	0	8526	0	0	0	0	0	0	0	0	0	0	0	119939	0
LFQ	131	0	0	0	0	0	0	0	0	0	0	0	3545	0	0	0	0	0	0	0	0	0	0	0	0	0	8190	0	0	0	0	0	0	0	0	0	0	0	120622	0
LFQ	132	0	0	0	0	0	0	0	0	0	0	0	3720	0	0	0	0	0	0	0	0	0	0	0	0	0	8309	0	0	0	0	0	0	0	0	0	0	0	120328	0
LFQ	133	0	0	0	0	0	0	0	0	0	0	0	3686	0	0	0	0	0	0	0	0	0	0	0	0	0	8222	0	0	0	0	0	0	0	0	0	0	0	120449	0
LFQ	134	0	0	0	0	0	0	0	0	0	0	0	3479	0	0	0	0	0	0	0	0	0	0	0	0	0	7945	0	0	0	0	0	0	0	0	0	0	0	120933	0
LFQ	135	0	0	0	0	0	0	0	0	0	0	0	3458	0	0	0	0	0	0	0	0	0	0	0	0	0	8047	0	0	0	0	0	0	0	0	0	0	0	120852	0
LFQ	136	0	0	0	0	0	0	0	0	0	0	0	3741	0	0	0	0	0	0	0	0	0	0	0	0	0	8575	0	0	0	0	0	0	0	0	0	0	0	120041	0
LFQ	137	0	0	0	0	0	0	0	0	0	0	0	3736	0	0	0	0	0	0	0	0	0	0	0	0	0	8614	0	0	0	0	0	0	0	0	0	0	0	120006	0
LFQ	138	0	0	0	0	0	0	0	0	0	0	0	3788	0	0	0	0	0	0	0	0	0	0	0	0	0	8536	0	0	0	0	0	0	0	0	0	0	0	119921	0
LFQ	139	0	0	0	0	0	0	0	0	0	0	0	3634	0	0	0	0	0	0	0	0	0	0	0	0	0	8368	0	0	0	0	0	0	0	0	0	0	0	120154	0
LFQ	140	0	0	0	0	0	0	0	0	0	0	0	4067	0	0	0	0	0	0	0	0	0	0	0	0	0	8835	0	0	0	0	0	0	0	0	0	0	0	119170	0
LFQ	141	0	0	0	0	0	0	0	0	0	0	0	4488	0	0	0	0	0	0	0	0	0	0	0	0	0	9404	0	0	0	0	0	0	0	0	0	0	0	118087	0
LFQ	142	0	0	0	0	0	0	0	0	0	0	0	4489	0	0	0	0	0	0	0	0	0	0	0	0	0	9122	0	0	0	0	0	0	0	0	0	0	0	118240	0
LFQ	143	0	0	0	0	0	0	0	0	0	0	0	4258	0	0	0	0	0	0	0	0	0	0	0	0	0	9180	0	0	0	0	0	0	0	0	0	0	0	118280	0
LFQ	144	0	0	0	0	0	0	0	0	0	0	0	4457	0	0	0	0	0	0	0	0	0	0	0	0	0	8917	0	0	0	0	0	0	0	0	0	0	0	118189	0
LFQ	145	0	0	3	0	0	0	0	0	0	0	0	4384	0	0	0	0	0	0	0	0	0	0	0	0	0	9132	0	0	0	0	0	0	0	0	0	0	0	117912	0
LFQ	146	0	0	0	0	0	0	0	0	0	0	0	4345	0	0	0	0	0	0	0	0	0	0	0	0	0	9176	0	0	0	0	0	0	0	0	0	0	0	117758	0
LFQ	147	0	0	0	0	0	0	0	0	0	0	0	4463	0	0	0	0	0	0	0	0	0	0	0	0	0	9225	0	0	0	0	0	0	0	0	0	0	0	117277	0
LFQ	148	0	0	0	0	0	0	0	0	0	0	0	4258	0	0	0	0	0	0	0	0	0	0	0	0	0	8806	0	0	0	0	0	0	0	0	0	0	0	115291	0
LFQ	149	0	0	0	0	0	0	0	0	0	0	0	4477	0	0	0	0	0	0	0	0	0	0	0	0	0	9216	0	0	0	0	0	0	0	0	0	0	0	114662	0
LFQ	150	0	0	0	0	0	0	0	0	0	0	0	4810	0	0	0	0	0	0	0	0	0	0	0	0	0	9502	0	0	0	0	0	0	0	0	0	0	0	113959	0
# GC Content of first fragments. Use `grep ^GCF | cut -f 2-` to extract this part.
GCF	0.50	0
GCF	1.26	1
GCF	2.01	0
GCF	2.76	3
GCF	3.77	1
GCF	4.77	3
GCF	5.78	0
GCF	6.78	1
GCF	7.29	0
GCF	8.04	1
GCF	9.05	0
GCF	10.05	2
GCF	11.56	0
GCF	12.81	2
GCF	13.32	1
GCF	14.32	0
GCF	15.83	1
GCF	16.83	0
GCF	17.34	1
GCF	18.09	0
GCF	18.84	1
GCF	19.35	2
GCF	20.10	0
GCF	20.85	1
GCF	21.36	0
GCF	22.11	1
GCF	22.86	3
GCF	23.37	0
GCF	24.12	2
GCF	24.87	0
GCF	25.38	5
GCF	25.88	1
GCF	26.38	2
GCF	27.14	6
GCF	28.14	10
GCF	28.89	63
GCF	29.40	1408
GCF	29.90	1207
GCF	30.40	1214
GCF	30.90	681
GCF	31.41	1150
GCF	31.91	3488
GCF	32.41	3519
GCF	32.91	4800
GCF	33.42	9615
GCF	33.92	9451
GCF	34.42	6310
GCF	34.92	6281
GCF	35.43	4825
GCF	35.93	8340
GCF	36.43	7274
GCF	36.93	6927
GCF	37.44	3290
GCF	37.94	2618
GCF	38.44	3964
GCF	38.94	3934
GCF	39.45	8694
GCF	39.95	6363
GCF	40.45	9935
GCF	40.95	9753
GCF	41.46	13968
GCF	41.96	4187
GCF	42.46	2080
GCF	42.96	1967
GCF	43.47	1983
GCF	43.97	2114
GCF	44.47	2316
GCF	44.97	2347
GCF	45.48	1991
GCF	45.98	3785
GCF	46.48	1335
GCF	46.98	1336
GCF	47.49	3844
GCF	47.99	4359
GCF	48.74	715
GCF	49.50	726
GCF	50.00	178
GCF	50.75	18
GCF	51.51	1
GCF	52.01	2
GCF	52.76	0
GCF	53.52	1
GCF	55.78	0
GCF	58.04	1
GCF	59.05	0
GCF	60.55	1
GCF	62.31	0
GCF	63.57	1
# GC Content of last fragments. Use `grep ^GCL | cut -f 2-` to extract this part.
GCL	0.25	0
GCL	0.75	1
GCL	1.26	0
GCL	2.01	1
GCL	3.77	0
GCL	5.78	1
GCL	6.78	0
GCL	7.29	2
GCL	8.04	1
GCL	8.79	0
GCL	9.30	2
GCL	10.30	0
GCL	11.31	3
GCL	12.06	0
GCL	12.81	2
GCL	13.32	1
GCL	14.07	3
GCL	14.82	2
GCL	16.08	1
GCL	17.34	3
GCL	18.09	4
GCL	18.84	2
GCL	19.35	3
GCL	20.10	2
GCL	20.85	1
GCL	21.36	3
GCL	22.11	4
GCL	23.12	3
GCL	24.12	6
GCL	24.87	12
GCL	25.38	6
GCL	26.13	7
GCL	26.88	12
GCL	27.39	18
GCL	27.89	43
GCL	28.39	46
GCL	28.89	365
GCL	29.40	2786
GCL	29.90	2319
GCL	30.40	2384
GCL	30.90	2526
GCL	31.41	3338
GCL	31.91	4766
GCL	32.41	4751
GCL	32.91	4435
GCL	33.42	4045
GCL	33.92	4014
GCL	34.42	4937
GCL	34.92	5074
GCL	35.43	7683
GCL	35.93	5345
GCL	36.43	5472
GCL	36.93	5464
GCL	37.44	4930
GCL	37.94	4424
GCL	38.44	4768
GCL	38.94	4829
GCL	39.45	8081
GCL	39.95	9643
GCL	40.45	6014
GCL	40.95	5721
GCL	41.46	6839
GCL	41.96	4572
GCL	42.46	4077
GCL	42.96	4237
GCL	43.47	2737
GCL	43.97	3356
GCL	44.47	5412
GCL	44.97	5354
GCL	45.48	4197
GCL	45.98	3418
GCL	46.48	1767
GCL	46.98	1749
GCL	47.49	2993
GCL	47.99	2135
GCL	48.49	422
GCL	48.99	428
GCL	49.50	536
GCL	50.00	40
GCL	50.75	21
GCL	51.51	4
GCL	52.51	0
GCL	53.52	3
GCL	54.02	1
GCL	54.77	2
GCL	55.53	1
GCL	56.03	3
GCL	56.78	0
GCL	57.54	1
GCL	58.04	2
GCL	58.79	1
GCL	59.55	0
GCL	60.05	1
GCL	60.80	0
GCL	61.56	1
GCL	62.06	0
GCL	62.81	1
GCL	63.57	0
GCL	64.07	1
GCL	72.61	0
GCL	81.41	1
GCL	84.42	0
GCL	87.44	1
GCL	88.19	0
GCL	88.69	1
GCL	90.95	0
GCL	93.47	1
# ACGT content per cycle. Use `grep ^GCC | cut -f 2-` to extract this part. The columns are: cycle; A,C,G,T base counts as a percentage of all A/C/G/T bases [%]; and N and O counts as a percentage of all A/C/G/T bases [%]
GCC	1	21.48	21.70	38.49	18.34	0.00	0.00
GCC	2	30.28	12.96	32.26	24.50	0.00	0.00
GCC	3	29.58	13.88	31.15	25.39	0.00	0.00
GCC	4	29.06	14.86	31.85	24.23	0.00	0.00
GCC	5	31.68	16.00	25.09	27.23	0.00	0.00
GCC	6	32.86	15.82	22.88	28.44	0.01	0.00
GCC	7	32.62	12.82	18.85	35.72	0.00	0.00
GCC	8	31.36	15.44	21.26	31.93	0.01	0.00
GCC	9	28.69	16.30	22.58	32.43	0.00	0.00
GCC	10	32.94	13.17	20.16	33.73	0.00	0.00
GCC	11	28.53	18.26	23.41	29.80	0.00	0.00
GCC	12	25.99	18.80	21.41	33.80	0.00	0.00
GCC	13	28.37	18.07	19.77	33.79	0.00	0.00
GCC	14	29.72	16.64	19.42	34.22	0.00	0.00
GCC	15	30.68	14.73	19.40	35.18	0.00	0.00
GCC	16	30.98	16.66	21.40	30.96	0.00	0.00
GCC	17	30.57	16.65	23.06	29.72	0.00	0.00
GCC	18	30.33	15.66	23.47	30.54	0.00	0.00
GCC	19	29.92	13.70	25.97	30.41	0.00	0.00
GCC	20	32.24	13.83	22.48	31.45	0.00	0.00
GCC	21	30.74	15.19	21.45	32.62	0.00	0.00
GCC	22	30.10	13.52	25.47	30.92	0.00	0.00
GCC	23	29.56	14.60	22.45	33.40	0.00	0.00
GCC	24	30.12	14.88	22.58	32.42	0.00	0.00
GCC	25	32.46	16.05	19.73	31.76	0.00	0.00
GCC	26	27.96	16.20	24.60	31.24	0.00	0.00
GCC	27	29.04	17.36	24.04	29.57	0.00	0.00
GCC	28	32.21	16.93	24.07	26.79	0.00	0.00
GCC	29	30.35	14.84	24.50	30.31	0.00	0.00
GCC	30	28.62	14.52	24.79	32.08	0.00	0.00
GCC	31	28.36	14.52	24.49	32.63	0.00	0.00
GCC	32	30.74	14.54	22.93	31.79	0.00	0.00
GCC	33	27.42	16.99	20.24	35.35	0.00	0.00
GCC	34	27.16	18.31	20.37	34.17	0.00	0.00
GCC	35	25.90	20.11	22.20	31.79	0.00	0.00
GCC	36	30.49	16.63	20.30	32.58	0.00	0.00
GCC	37	28.56	19.00	23.39	29.05	0.00	0.00
GCC	38	29.14	18.71	24.17	27.97	0.00	0.00
GCC	39	30.35	17.92	21.14	30.59	0.00	0.00
GCC	40	28.09	17.89	22.21	31.81	0.00	0.00
GCC	41	31.03	16.52	20.70	31.75	0.00	0.00
GCC	42	29.15	16.83	20.53	33.50	0.00	0.00
GCC	43	29.11	13.87	24.11	32.90	0.00	0.00
GCC	44	30.23	15.14	24.18	30.45	0.00	0.00
GCC	45	30.05	18.55	23.39	28.00	0.00	0.00
GCC	46	33.30	16.11	24.04	26.55	0.00	0.00
GCC	47	31.92	15.28	24.88	27.92	0.00	0.00
GCC	48	33.18	14.10	24.35	28.36	0.00	0.00
GCC	49	32.84	15.55	20.22	31.38	0.00	0.00
GCC	50	31.58	16.97	22.55	28.90	0.00	0.00
GCC	51	33.29	14.69	22.25	29.77	0.00	0.00
GCC	52	30.57	15.78	23.45	30.20	0.00	0.00
GCC	53	29.35	15.54	23.33	31.78	0.00	0.00
GCC	54	32.18	15.98	21.09	30.75	0.00	0.00
GCC	55	32.34	16.79	20.86	30.01	0.00	0.00
GCC	56	30.58	16.19	22.15	31.07	0.00	0.00
GCC	57	29.72	17.73	23.11	29.44	0.00	0.00
GCC	58	34.47	13.27	21.57	30.68	0.00	0.00
GCC	59	31.96	15.46	19.56	33.02	0.00	0.00
GCC	60	32.02	14.55	22.97	30.45	0.00	0.00
GCC	61	31.06	15.18	22.01	31.74	0.00	0.00
GCC	62	31.94	13.83	22.78	31.45	0.00	0.00
GCC	63	30.07	13.85	24.15	31.92	0.00	0.00
GCC	64	31.27	15.04	22.83	30.86	0.00	0.00
GCC	65	31.30	16.09	22.33	30.28	0.00	0.00
GCC	66	30.58	14.18	23.54	31.71	0.00	0.00
GCC	67	29.30	16.50	21.07	33.13	0.00	0.00
GCC	68	27.64	15.87	22.48	34.00	0.00	0.00
GCC	69	32.57	15.15	22.42	29.87	0.00	0.00
GCC	70	30.62	14.49	22.83	32.06	0.00	0.00
GCC	71	30.85	16.51	24.03	28.61	0.00	0.00
GCC	72	31.57	15.56	22.75	30.13	0.00	0.00
GCC	73	30.10	13.98	22.42	33.51	0.00	0.00
GCC	74	30.00	15.30	22.02	32.68	0.00	0.00
GCC	75	31.26	12.86	20.89	34.99	0.00	0.00
GCC	76	29.59	13.93	22.71	33.77	0.00	0.00
GCC	77	31.03	15.71	21.51	31.75	0.00	0.00
GCC	78	30.81	16.31	22.46	30.43	0.00	0.00
GCC	79	30.35	14.22	21.73	33.70	0.00	0.00
GCC	80	32.16	12.57	23.11	32.15	0.00	0.00
GCC	81	29.40	15.25	23.85	31.50	0.00	0.00
GCC	82	29.40	14.16	24.39	32.06	0.00	0.00
GCC	83	29.55	14.67	24.72	31.06	0.00	0.00
GCC	84	31.15	15.58	21.69	31.58	0.00	0.00
GCC	85	30.68	18.28	19.92	31.12	0.00	0.00
GCC	86	31.69	14.57	19.95	33.79	0.00	0.00
GCC	87	30.46	14.66	23.85	31.04	0.00	0.00
GCC	88	30.73	14.93	22.44	31.89	0.00	0.00
GCC	89	32.74	14.46	24.26	28.54	0.00	0.00
GCC	90	32.95	14.36	23.25	29.43	0.00	0.00
GCC	91	31.67	15.07	20.49	32.76	0.00	0.00
GCC	92	31.82	15.61	23.17	29.40	0.00	0.00
GCC	93	30.57	16.50	23.95	28.98	0.00	0.00
GCC	94	30.20	14.61	22.74	32.45	0.00	0.00
GCC	95	29.76	15.83	21.80	32.61	0.00	0.00
GCC	96	29.33	14.27	20.74	35.67	0.00	0.00
GCC	97	29.55	14.16	20.45	35.84	0.00	0.00
GCC	98	30.11	15.49	22.53	31.87	0.00	0.00
GCC	99	28.23	17.54	21.41	32.82	0.00	0.00
GCC	100	30.50	15.22	22.09	32.19	0.00	0.00
GCC	101	30.89	16.50	21.45	31.16	0.00	0.00
GCC	102	31.21	15.22	20.10	33.48	0.00	0.00
GCC	103	30.41	15.60	21.54	32.45	0.00	0.00
GCC	104	28.46	15.85	24.20	31.49	0.00	0.00
GCC	105	28.49	16.60	22.58	32.32	0.00	0.00
GCC	106	28.67	15.63	23.39	32.30	0.00	0.00
GCC	107	30.58	13.20	23.82	32.40	0.00	0.00
GCC	108	27.29	15.23	23.80	33.69	0.00	0.00
GCC	109	29.93	15.80	23.66	30.60	0.00	0.00
GCC	110	28.55	17.92	24.65	28.88	0.00	0.00
GCC	111	30.08	18.11	22.59	29.22	0.00	0.00
GCC	112	31.32	14.43	25.61	28.63	0.00	0.00
GCC	113	32.77	13.67	25.23	28.33	0.00	0.00
GCC	114	31.63	15.25	23.47	29.65	0.00	0.00
GCC	115	28.27	17.52	24.00	30.22	0.00	0.00
GCC	116	32.43	15.01	21.90	30.66	0.00	0.00
GCC	117	31.06	17.90	21.17	29.87	0.00	0.00
GCC	118	34.55	13.69	21.80	29.95	0.00	0.00
GCC	119	30.63	15.35	22.96	31.06	0.00	0.00
GCC	120	28.49	19.87	21.65	29.99	0.00	0.00
GCC	121	29.34	16.60	23.07	30.99	0.00	0.00
GCC	122	30.34	14.77	22.12	32.76	0.00	0.00
GCC	123	30.84	15.76	22.15	31.25	0.00	0.00
GCC	124	32.99	16.70	19.87	30.45	0.00	0.00
GCC	125	31.14	13.60	23.22	32.03	0.00	0.00
GCC	126	30.16	15.06	23.77	31.01	0.00	0.00
GCC	127	29.31	14.80	23.56	32.34	0.00	0.00
GCC	128	31.35	15.25	22.45	30.95	0.00	0.00
GCC	129	29.01	16.12	23.74	31.13	0.00	0.00
GCC	130	30.77	13.90	24.93	30.41	0.00	0.00
GCC	131	31.32	16.21	23.61	28.86	0.00	0.00
GCC	132	29.57	19.11	22.64	28.68	0.00	0.00
GCC	133	30.34	16.85	22.52	30.29	0.00	0.00
GCC	134	30.94	14.80	21.71	32.55	0.00	0.00
GCC	135	30.91	16.67	21.88	30.54	0.00	0.00
GCC	136	31.30	15.68	24.39	28.64	0.00	0.00
GCC	137	30.97	16.83	22.39	29.82	0.00	0.00
GCC	138	29.65	17.90	22.31	30.14	0.00	0.00
GCC	139	30.89	16.93	23.74	28.44	0.00	0.00
GCC	140	30.02	15.45	22.50	32.04	0.00	0.00
GCC	141	28.80	16.56	25.59	29.05	0.00	0.00
GCC	142	29.50	19.69	22.22	28.60	0.00	0.00
GCC	143	30.70	15.71	23.02	30.58	0.00	0.00
GCC	144	29.98	16.55	22.79	30.68	0.00	0.00
GCC	145	28.43	17.77	20.42	33.38	0.00	0.00
GCC	146	28.83	16.68	21.29	33.20	0.00	0.00
GCC	147	28.15	15.86	22.71	33.29	0.00	0.00
GCC	148	27.78	13.58	24.96	33.68	0.00	0.00
GCC	149	29.72	15.08	25.18	30.01	0.00	0.00
GCC	150	28.43	14.17	23.84	33.56	0.00	0.00
# ACGT content per cycle for first fragments. Use `grep ^FBC | cut -f 2-` to extract this part. The columns are: cycle; A,C,G,T base counts as a percentage of all A/C/G/T bases [%]; and N and O counts as a percentage of all A/C/G/T bases [%]
FBC	1	14.94	21.12	46.95	16.99	0.00	0.00
FBC	2	30.57	16.58	36.04	16.81	0.00	0.00
FBC	3	26.98	13.69	40.97	18.36	0.00	0.00
FBC	4	24.58	16.75	38.98	19.68	0.00	0.00
FBC	5	27.64	18.86	26.45	27.06	0.00	0.00
FBC	6	27.01	18.24	26.08	28.66	0.02	0.00
FBC	7	39.76	11.04	18.50	30.70	0.00	0.00
FBC	8	36.67	13.66	22.13	27.54	0.01	0.00
FBC	9	33.37	15.93	22.81	27.89	0.00	0.00
FBC	10	29.68	12.77	17.87	39.68	0.00	0.00
FBC	11	25.33	17.80	18.86	38.01	0.00	0.00
FBC	12	27.78	17.90	18.45	35.87	0.00	0.00
FBC	13	29.06	17.95	18.28	34.71	0.00	0.00
FBC	14	27.88	16.08	19.10	36.95	0.00	0.00
FBC	15	29.88	13.24	18.90	37.98	0.00	0.00
FBC	16	32.08	15.63	19.88	32.41	0.00	0.00
FBC	17	33.34	15.12	21.99	29.56	0.00	0.00
FBC	18	32.89	10.79	25.02	31.31	0.00	0.00
FBC	19	29.96	10.62	28.77	30.65	0.00	0.00
FBC	20	33.24	10.87	21.28	34.61	0.00	0.00
FBC	21	33.20	11.80	20.10	34.91	0.00	0.00
FBC	22	29.62	11.74	25.41	33.23	0.00	0.00
FBC	23	26.82	14.27	22.60	36.31	0.00	0.00
FBC	24	29.85	15.29	21.93	32.92	0.00	0.00
FBC	25	32.28	17.04	17.74	32.94	0.00	0.00
FBC	26	28.27	17.50	22.54	31.68	0.00	0.00
FBC	27	28.12	18.31	24.29	29.28	0.00	0.00
FBC	28	34.63	18.80	21.96	24.61	0.00	0.00
FBC	29	32.16	16.00	22.42	29.42	0.00	0.00
FBC	30	27.93	13.83	27.43	30.80	0.00	0.00
FBC	31	28.03	14.44	25.23	32.30	0.00	0.00
FBC	32	30.42	15.40	23.08	31.10	0.00	0.00
FBC	33	26.48	19.68	16.84	37.00	0.00	0.00
FBC	34	24.37	21.53	17.35	36.75	0.00	0.00
FBC	35	23.78	22.99	23.12	30.11	0.00	0.00
FBC	36	30.67	18.95	19.69	30.69	0.00	0.00
FBC	37	28.20	21.68	23.15	26.97	0.00	0.00
FBC	38	28.55	20.91	22.74	27.81	0.00	0.00
FBC	39	29.53	18.47	21.41	30.59	0.00	0.00
FBC	40	26.59	17.91	23.48	32.03	0.00	0.00
FBC	41	32.26	17.80	18.37	31.57	0.00	0.00
FBC	42	28.53	16.35	18.48	36.65	0.00	0.00
FBC	43	28.41	13.50	22.00	36.08	0.00	0.00
FBC	44	29.47	14.44	24.19	31.90	0.00	0.00
FBC	45	30.10	17.62	24.71	27.57	0.00	0.00
FBC	46	36.61	14.71	24.65	24.03	0.00	0.00
FBC	47	32.92	14.17	27.33	25.59	0.00	0.00
FBC	48	33.22	12.59	24.96	29.23	0.00	0.00
FBC	49	35.28	16.01	20.86	27.85	0.00	0.00
FBC	50	35.00	17.25	21.85	25.91	0.00	0.00
FBC	51	36.18	15.03	21.31	27.49	0.00	0.00
FBC	52	29.90	17.77	22.91	29.41	0.00	0.00
FBC	53	27.21	16.01	22.83	33.95	0.00	0.00
FBC	54	31.12	17.21	21.26	30.41	0.00	0.00
FBC	55	34.13	18.42	18.78	28.67	0.00	0.00
FBC	56	29.98	18.05	20.09	31.88	0.00	0.00
FBC	57	29.41	18.64	23.43	28.52	0.00	0.00
FBC	58	35.12	13.26	22.06	29.56	0.00	0.00
FBC	59	33.06	14.69	18.80	33.45	0.00	0.00
FBC	60	32.37	13.56	22.05	32.02	0.00	0.00
FBC	61	32.18	15.48	21.58	30.77	0.00	0.00
FBC	62	31.99	12.39	24.16	31.46	0.00	0.00
FBC	63	29.84	12.04	26.86	31.25	0.00	0.00
FBC	64	30.39	16.31	23.68	29.63	0.00	0.00
FBC	65	31.22	17.91	21.35	29.53	0.00	0.00
FBC	66	30.42	13.58	23.65	32.34	0.00	0.00
FBC	67	27.15	16.81	21.09	34.95	0.00	0.00
FBC	68	26.24	14.58	23.32	35.85	0.00	0.00
FBC	69	32.90	13.84	23.85	29.42	0.00	0.00
FBC	70	31.11	13.57	22.40	32.92	0.00	0.00
FBC	71	31.84	17.18	23.29	27.69	0.00	0.00
FBC	72	33.32	14.82	19.39	32.46	0.00	0.00
FBC	73	31.01	13.41	20.66	34.91	0.00	0.00
FBC	74	30.19	13.43	20.80	35.59	0.00	0.00
FBC	75	29.59	11.62	20.50	38.29	0.00	0.00
FBC	76	30.06	14.43	20.83	34.67	0.00	0.00
FBC	77	29.92	16.37	19.54	34.17	0.00	0.00
FBC	78	31.06	15.30	22.06	31.59	0.00	0.00
FBC	79	31.99	13.66	20.35	34.00	0.00	0.00
FBC	80	32.41	12.58	22.81	32.20	0.00	0.00
FBC	81	30.90	14.24	24.78	30.08	0.00	0.00
FBC	82	28.85	14.31	25.58	31.26	0.00	0.00
FBC	83	26.39	13.74	25.60	34.27	0.00	0.00
FBC	84	28.73	15.75	20.20	35.32	0.00	0.00
FBC	85	30.36	19.03	17.92	32.69	0.00	0.00
FBC	86	32.17	13.78	19.41	34.64	0.00	0.00
FBC	87	30.23	14.12	24.68	30.97	0.00	0.00
FBC	88	33.20	14.28	20.18	32.34	0.00	0.00
FBC	89	37.48	12.50	22.47	27.55	0.00	0.00
FBC	90	36.90	13.24	21.05	28.82	0.00	0.00
FBC	91	35.44	14.31	18.41	31.83	0.00	0.00
FBC	92	32.70	16.79	23.23	27.29	0.00	0.00
FBC	93	31.52	16.39	25.02	27.07	0.00	0.00
FBC	94	28.99	12.52	24.94	33.55	0.00	0.00
FBC	95	28.53	13.94	22.33	35.20	0.00	0.00
FBC	96	27.52	13.31	19.01	40.15	0.00	0.00
FBC	97	28.85	14.64	18.88	37.62	0.00	0.00
FBC	98	33.19	14.40	21.71	30.70	0.00	0.00
FBC	99	29.33	16.99	20.46	33.22	0.00	0.00
FBC	100	31.56	13.82	21.44	33.17	0.00	0.00
FBC	101	32.49	16.22	18.90	32.38	0.00	0.00
FBC	102	29.03	15.95	20.08	34.94	0.00	0.00
FBC	103	30.52	15.94	20.97	32.56	0.00	0.00
FBC	104	27.37	16.21	22.42	34.00	0.00	0.00
FBC	105	26.97	14.93	23.52	34.58	0.00	0.00
FBC	106	28.97	15.81	23.29	31.93	0.00	0.00
FBC	107	30.33	12.21	24.72	32.75	0.00	0.00
FBC	108	27.88	14.76	25.04	32.31	0.00	0.00
FBC	109	29.83	18.20	22.47	29.51	0.00	0.00
FBC	110	27.65	19.95	25.02	27.38	0.00	0.00
FBC	111	29.52	18.35	22.78	29.35	0.00	0.00
FBC	112	30.04	15.22	28.72	26.02	0.00	0.00
FBC	113	33.57	13.07	28.42	24.94	0.00	0.00
FBC	114	31.28	15.87	25.73	27.12	0.00	0.00
FBC	115	26.94	19.42	24.95	28.69	0.00	0.00
FBC	116	31.31	17.18	21.59	29.92	0.00	0.00
FBC	117	31.13	18.22	20.59	30.06	0.00	0.00
FBC	118	36.55	15.01	19.77	28.68	0.00	0.00
FBC	119	31.62	16.27	21.67	30.44	0.00	0.00
FBC	120	28.74	20.58	21.75	28.94	0.00	0.00
FBC	121	27.79	17.00	23.73	31.48	0.00	0.00
FBC	122	30.24	14.07	23.08	32.61	0.00	0.00
FBC	123	32.39	15.01	22.05	30.55	0.00	0.00
FBC	124	36.99	16.66	18.51	27.84	0.00	0.00
FBC	125	31.88	13.01	22.96	32.15	0.00	0.00
FBC	126	30.15	15.20	22.31	32.34	0.00	0.00
FBC	127	29.23	14.53	23.33	32.91	0.00	0.00
FBC	128	31.87	14.50	23.30	30.33	0.00	0.00
FBC	129	30.37	15.87	24.36	29.40	0.00	0.00
FBC	130	31.85	12.72	24.81	30.62	0.00	0.00
FBC	131	34.02	15.43	24.53	26.02	0.00	0.00
FBC	132	29.95	19.28	22.71	28.06	0.00	0.00
FBC	133	28.97	17.79	22.81	30.43	0.00	0.00
FBC	134	33.03	15.69	20.85	30.43	0.00	0.00
FBC	135	30.91	19.23	20.38	29.48	0.00	0.00
FBC	136	32.33	17.35	24.92	25.41	0.00	0.00
FBC	137	32.76	16.21	21.61	29.42	0.00	0.00
FBC	138	28.39	20.14	23.55	27.93	0.00	0.00
FBC	139	30.80	17.53	25.65	26.02	0.00	0.00
FBC	140	28.85	17.13	23.10	30.92	0.00	0.00
FBC	141	28.96	17.78	26.83	26.43	0.00	0.00
FBC	142	27.50	23.47	21.85	27.18	0.00	0.00
FBC	143	29.71	16.52	22.21	31.56	0.00	0.00
FBC	144	29.63	17.14	23.40	29.84	0.00	0.00
FBC	145	27.73	20.39	20.33	31.55	0.00	0.00
FBC	146	29.36	17.07	21.49	32.08	0.00	0.00
FBC	147	27.09	15.33	22.68	34.90	0.00	0.00
FBC	148	25.59	13.81	28.89	31.70	0.00	0.00
FBC	149	30.67	13.94	26.94	28.45	0.00	0.00
FBC	150	26.80	13.94	22.50	36.76	0.00	0.00
# ACGT content per cycle for last fragments. Use `grep ^LBC | cut -f 2-` to extract this part. The columns are: cycle; A,C,G,T base counts as a percentage of all A/C/G/T bases [%]; and N and O counts as a percentage of all A/C/G/T bases [%]
LBC	1	28.21	22.29	29.77	19.73	0.00	0.00
LBC	2	29.97	9.23	28.36	32.43	0.00	0.00
LBC	3	32.25	14.07	21.04	32.64	0.00	0.00
LBC	4	33.68	12.91	24.50	28.91	0.00	0.00
LBC	5	35.85	13.05	23.68	27.42	0.00	0.00
LBC	6	38.89	13.32	19.57	28.22	0.00	0.00
LBC	7	25.26	14.66	19.20	40.89	0.00	0.00
LBC	8	25.89	17.28	20.37	36.45	0.00	0.00
LBC	9	23.88	16.67	22.34	37.11	0.00	0.00
LBC	10	36.30	13.59	22.52	27.60	0.00	0.00
LBC	11	31.83	18.73	28.10	21.34	0.00	0.00
LBC	12	24.14	19.72	24.47	31.67	0.00	0.00
LBC	13	27.66	18.19	21.32	32.83	0.00	0.00
LBC	14	31.61	17.22	19.75	31.41	0.00	0.00
LBC	15	31.51	16.27	19.92	32.30	0.00	0.00
LBC	16	29.83	17.73	22.96	29.48	0.00	0.00
LBC	17	27.72	18.22	24.17	29.89	0.00	0.00
LBC	18	27.70	20.68	21.87	29.75	0.00	0.00
LBC	19	29.88	16.87	23.08	30.17	0.00	0.00
LBC	20	31.21	16.89	23.71	28.19	0.00	0.00
LBC	21	28.22	18.69	22.84	30.26	0.00	0.00
LBC	22	30.59	15.35	25.52	28.53	0.00	0.00
LBC	23	32.37	14.94	22.29	30.39	0.00	0.00
LBC	24	30.39	14.45	23.26	31.91	0.00	0.00
LBC	25	32.65	15.03	21.78	30.54	0.00	0.00
LBC	26	27.65	14.86	26.72	30.77	0.00	0.00
LBC	27	29.99	16.38	23.78	29.86	0.00	0.00
LBC	28	29.71	15.00	26.25	29.04	0.00	0.00
LBC	29	28.48	13.65	26.65	31.22	0.00	0.00
LBC	30	29.32	15.23	22.06	33.39	0.00	0.00
LBC	31	28.71	14.61	23.72	32.97	0.00	0.00
LBC	32	31.06	13.65	22.77	32.51	0.00	0.00
LBC	33	28.39	14.21	23.74	33.66	0.00	0.00
LBC	34	30.04	14.98	23.48	31.50	0.00	0.00
LBC	35	28.08	17.14	21.25	33.53	0.00	0.00
LBC	36	30.30	14.24	20.94	34.52	0.00	0.00
LBC	37	28.94	16.23	23.63	31.20	0.00	0.00
LBC	38	29.76	16.45	25.65	28.14	0.00	0.00
LBC	39	31.20	17.36	20.86	30.58	0.00	0.00
LBC	40	29.63	17.87	20.90	31.60	0.00	0.00
LBC	41	29.76	15.21	23.09	31.94	0.00	0.00
LBC	42	29.80	17.32	22.64	30.24	0.00	0.00
LBC	43	29.82	14.25	26.29	29.63	0.00	0.00
LBC	44	31.01	15.87	24.17	28.95	0.00	0.00
LBC	45	29.99	19.52	22.04	28.45	0.00	0.00
LBC	46	29.90	17.54	23.41	29.15	0.00	0.00
LBC	47	30.89	16.43	22.36	30.33	0.00	0.00
LBC	48	33.15	15.66	23.72	27.47	0.00	0.00
LBC	49	30.33	15.08	19.56	35.03	0.00	0.00
LBC	50	28.06	16.69	23.27	31.97	0.00	0.00
LBC	51	30.31	14.35	23.21	32.12	0.00	0.00
LBC	52	31.26	13.73	24.00	31.01	0.00	0.00
LBC	53	31.56	15.05	23.85	29.55	0.00	0.00
LBC	54	33.28	14.71	20.91	31.11	0.00	0.00
LBC	55	30.49	15.12	23.01	31.38	0.00	0.00
LBC	56	31.20	14.28	24.28	30.24	0.00	0.00
LBC	57	30.05	16.79	22.78	30.39	0.00	0.00
LBC	58	33.81	13.29	21.06	31.84	0.00	0.00
LBC	59	30.83	16.25	20.34	32.58	0.00	0.00
LBC	60	31.66	15.58	23.93	28.83	0.00	0.00
LBC	61	29.92	14.88	22.46	32.74	0.00	0.00
LBC	62	31.90	15.31	21.35	31.44	0.00	0.00
LBC	63	30.30	15.72	21.36	32.61	0.00	0.00
LBC	64	32.17	13.74	21.96	32.12	0.00	0.00
LBC	65	31.38	14.21	23.34	31.06	0.00	0.00
LBC	66	30.75	14.79	23.41	31.05	0.00	0.00
LBC	67	31.51	16.18	21.06	31.25	0.00	0.00
LBC	68	29.08	17.20	21.62	32.09	0.00	0.00
LBC	69	32.23	16.50	20.95	30.33	0.00	0.00
LBC	70	30.11	15.44	23.28	31.17	0.00	0.00
LBC	71	29.82	15.81	24.80	29.57	0.00	0.00
LBC	72	29.75	16.32	26.21	27.72	0.00	0.00
LBC	73	29.15	14.56	24.23	32.06	0.00	0.00
LBC	74	29.81	17.24	23.27	29.68	0.00	0.00
LBC	75	32.98	14.13	21.29	31.60	0.00	0.00
LBC	76	29.09	13.40	24.65	32.85	0.00	0.00
LBC	77	32.17	15.02	23.54	29.26	0.00	0.00
LBC	78	30.55	17.35	22.87	29.23	0.00	0.00
LBC	79	28.67	14.79	23.16	33.38	0.00	0.00
LBC	80	31.91	12.57	23.42	32.10	0.00	0.00
LBC	81	27.85	16.29	22.89	32.97	0.00	0.00
LBC	82	29.96	14.00	23.16	32.88	0.00	0.00
LBC	83	32.82	15.63	23.81	27.75	0.00	0.00
LBC	84	33.64	15.41	23.23	27.72	0.00	0.00
LBC	85	31.02	17.51	21.98	29.50	0.00	0.00
LBC	86	31.19	15.38	20.51	32.92	0.00	0.00
LBC	87	30.69	15.20	22.99	31.11	0.00	0.00
LBC	88	28.19	15.60	24.77	31.43	0.00	0.00
LBC	89	27.85	16.49	26.10	29.56	0.00	0.00
LBC	90	28.89	15.52	25.53	30.06	0.00	0.00
LBC	91	27.79	15.86	22.64	33.72	0.00	0.00
LBC	92	30.90	14.40	23.11	31.58	0.00	0.00
LBC	93	29.60	16.60	22.86	30.94	0.00	0.00
LBC	94	31.44	16.77	20.48	31.31	0.00	0.00
LBC	95	31.02	17.78	21.26	29.94	0.00	0.00
LBC	96	31.18	15.25	22.52	31.05	0.00	0.00
LBC	97	30.27	13.67	22.07	34.00	0.00	0.00
LBC	98	26.92	16.61	23.38	33.08	0.00	0.00
LBC	99	27.10	18.10	22.39	32.42	0.00	0.00
LBC	100	29.40	16.67	22.75	31.18	0.00	0.00
LBC	101	29.24	16.79	24.09	29.89	0.00	0.00
LBC	102	33.45	14.46	20.13	31.96	0.00	0.00
LBC	103	30.30	15.25	22.12	32.33	0.00	0.00
LBC	104	29.58	15.48	26.04	28.91	0.00	0.00
LBC	105	30.06	18.33	21.62	29.99	0.00	0.00
LBC	106	28.37	15.44	23.50	32.69	0.00	0.00
LBC	107	30.83	14.22	22.90	32.05	0.00	0.00
LBC	108	26.68	15.70	22.52	35.10	0.00	0.00
LBC	109	30.05	13.32	24.90	31.73	0.00	0.00
LBC	110	29.48	15.83	24.27	30.41	0.00	0.00
LBC	111	30.67	17.86	22.39	29.08	0.00	0.00
LBC	112	32.64	13.62	22.40	31.33	0.00	0.00
LBC	113	31.95	14.29	21.94	31.83	0.00	0.00
LBC	114	31.99	14.61	21.14	32.26	0.00	0.00
LBC	115	29.63	15.56	23.01	31.80	0.00	0.00
LBC	116	33.58	12.78	22.21	31.43	0.00	0.00
LBC	117	30.99	17.57	21.76	29.68	0.00	0.00
LBC	118	32.50	12.33	23.90	31.26	0.00	0.00
LBC	119	29.61	14.40	24.29	31.70	0.00	0.00
LBC	120	28.24	19.13	21.55	31.08	0.00	0.00
LBC	121	30.95	16.19	22.39	30.48	0.00	0.00
LBC	122	30.45	15.50	21.13	32.92	0.00	0.00
LBC	123	29.24	16.54	22.25	31.97	0.00	0.00
LBC	124	28.87	16.73	21.27	33.13	0.00	0.00
LBC	125	30.38	14.21	23.49	31.92	0.00	0.00
LBC	126	30.17	14.92	25.28	29.63	0.00	0.00
LBC	127	29.39	15.08	23.79	31.74	0.00	0.00
LBC	128	30.82	16.01	21.58	31.58	0.00	0.00
LBC	129	27.60	16.37	23.11	32.91	0.00	0.00
LBC	130	29.65	15.11	25.05	30.19	0.00	0.00
LBC	131	28.55	17.00	22.66	31.79	0.00	0.00
LBC	132	29.17	18.93	22.57	29.33	0.00	0.00
LBC	133	31.76	15.87	22.23	30.14	0.00	0.00
LBC	134	28.78	13.89	22.60	34.73	0.00	0.00
LBC	135	30.91	14.04	23.43	31.62	0.00	0.00
LBC	136	30.25	13.95	23.84	31.96	0.00	0.00
LBC	137	29.12	17.46	23.19	30.23	0.00	0.00
LBC	138	30.94	15.60	21.03	32.43	0.00	0.00
LBC	139	30.99	16.32	21.76	30.93	0.00	0.00
LBC	140	31.22	13.72	21.87	33.19	0.00	0.00
LBC	141	28.64	15.30	24.30	31.76	0.00	0.00
LBC	142	31.56	15.77	22.61	30.06	0.00	0.00
LBC	143	31.72	14.87	23.85	29.56	0.00	0.00
LBC	144	30.35	15.93	22.16	31.56	0.00	0.00
LBC	145	29.17	15.04	20.51	35.28	0.00	0.00
LBC	146	28.28	16.29	21.07	34.36	0.00	0.00
LBC	147	29.25	16.40	22.74	31.61	0.00	0.00
LBC	148	30.04	13.35	20.90	35.72	0.00	0.00
LBC	149	28.74	16.27	23.37	31.62	0.00	0.00
LBC	150	30.10	14.41	25.23	30.26	0.00	0.00
# Insert sizes. Use `grep ^IS | cut -f 2-` to extract this part. The columns are: insert size, pairs total, inward oriented pairs, outward oriented pairs, other pairs
IS	0	141	14	127	0
IS	1	0	0	0	0
IS	2	0	0	0	0
IS	3	0	0	0	0
IS	4	0	0	0	0
IS	5	0	0	0	0
IS	6	0	0	0	0
IS	7	0	0	0	0
IS	8	0	0	0	0
IS	9	0	0	0	0
IS	10	0	0	0	0
IS	11	0	0	0	0
IS	12	0	0	0	0
IS	13	0	0	0	0
IS	14	0	0	0	0
IS	15	0	0	0	0
IS	16	0	0	0	0
IS	17	0	0	0	0
IS	18	0	0	0	0
IS	19	0	0	0	0
IS	20	0	0	0	0
IS	21	0	0	0	0
IS	22	0	0	0	0
IS	23	0	0	0	0
IS	24	0	0	0	0
IS	25	0	0	0	0
IS	26	0	0	0	0
IS	27	0	0	0	0
IS	28	0	0	0	0
IS	29	0	0	0	0
IS	30	0	0	0	0
IS	31	0	0	0	0
IS	32	0	0	0	0
IS	33	0	0	0	0
IS	34	0	0	0	0
IS	35	0	0	0	0
IS	36	0	0	0	0
IS	37	0	0	0	0
IS	38	0	0	0	0
IS	39	0	0	0	0
IS	40	0	0	0	0
IS	41	0	0	0	0
IS	42	0	0	0	0
IS	43	0	0	0	0
IS	44	0	0	0	0
IS	45	0	0	0	0
IS	46	0	0	0	0
IS	47	0	0	0	0
IS	48	0	0	0	0
IS	49	0	0	0	0
IS	50	0	0	0	0
IS	51	0	0	0	0
IS	52	0	0	0	0
IS	53	0	0	0	0
IS	54	0	0	0	0
IS	55	0	0	0	0
IS	56	0	0	0	0
IS	57	0	0	0	0
IS	58	0	0	0	0
IS	59	0	0	0	0
IS	60	0	0	0	0
IS	61	0	0	0	0
IS	62	0	0	0	0
IS	63	0	0	0	0
IS	64	0	0	0	0
IS	65	0	0	0	0
IS	66	0	0	0	0
IS	67	0	0	0	0
IS	68	0	0	0	0
IS	69	0	0	0	0
IS	70	0	0	0	0
IS	71	0	0	0	0
IS	72	0	0	0	0
IS	73	0	0	0	0
IS	74	0	0	0	0
IS	75	0	0	0	0
IS	76	0	0	0	0
IS	77	0	0	0	0
IS	78	0	0	0	0
IS	79	0	0	0	0
IS	80	0	0	0	0
IS	81	0	0	0	0
IS	82	0	0	0	0
IS	83	0	0	0	0
IS	84	0	0	0	0
IS	85	0	0	0	0
IS	86	0	0	0	0
IS	87	0	0	0	0
IS	88	0	0	0	0
IS	89	0	0	0	0
IS	90	0	0	0	0
IS	91	0	0	0	0
IS	92	0	0	0	0
IS	93	0	0	0	0
IS	94	0	0	0	0
IS	95	0	0	0	0
IS	96	0	0	0	0
IS	97	0	0	0	0
IS	98	0	0	0	0
IS	99	0	0	0	0
IS	100	0	0	0	0
IS	101	0	0	0	0
IS	102	0	0	0	0
IS	103	0	0	0	0
IS	104	0	0	0	0
IS	105	0	0	0	0
IS	106	0	0	0	0
IS	107	0	0	0	0
IS	108	0	0	0	0
IS	109	0	0	0	0
IS	110	0	0	0	0
IS	111	0	0	0	0
IS	112	0	0	0	0
IS	113	0	0	0	0
IS	114	0	0	0	0
IS	115	0	0	0	0
IS	116	0	0	0	0
IS	117	0	0	0	0
IS	118	0	0	0	0
IS	119	0	0	0	0
IS	120	0	0	0	0
IS	121	0	0	0	0
IS	122	0	0	0	0
IS	123	0	0	0	0
IS	124	0	0	0	0
IS	125	0	0	0	0
IS	126	0	0	0	0
IS	127	0	0	0	0
IS	128	0	0	0	0
IS	129	0	0	0	0
IS	130	0	0	0	0
IS	131	0	0	0	0
IS	132	0	0	0	0
IS	133	0	0	0	0
IS	134	0	0	0	0
IS	135	0	0	0	0
IS	136	0	0	0	0
IS	137	0	0	0	0
IS	138	0	0	0	0
IS	139	0	0	0	0
IS	140	0	0	0	0
IS	141	0	0	0	0
IS	142	0	0	0	0
IS	143	0	0	0	0
IS	144	0	0	0	0
IS	145	0	0	0	0
IS	146	0	0	0	0
IS	147	0	0	0	0
IS	148	0	0	0	0
IS	149	1	0	1	0
IS	150	192	10	182	0
IS	151	1375	247	1128	0
IS	152	305	191	114	0
IS	153	334	220	114	0
IS	154	216	216	0	0
IS	155	250	249	1	0
IS	156	288	283	5	0
IS	157	355	351	4	0
IS	158	351	347	4	0
IS	159	335	332	3	0
IS	160	289	288	1	0
IS	161	262	262	0	0
IS	162	339	339	0	0
IS	163	318	318	0	0
IS	164	306	306	0	0
IS	165	369	326	43	0
IS	166	376	328	48	0
IS	167	348	303	45	0
IS	168	316	282	34	0
IS	169	322	287	35	0
IS	170	415	392	23	0
IS	171	457	433	24	0
IS	172	457	426	31	0
IS	173	435	421	14	0
IS	174	435	426	9	0
IS	175	484	479	5	0
IS	176	537	537	0	0
IS	177	516	515	1	0
IS	178	528	527	1	0
IS	179	525	524	1	0
IS	180	527	527	0	0
IS	181	614	614	0	0
IS	182	554	554	0	0
IS	183	601	601	0	0
IS	184	676	676	0	0
IS	185	670	670	0	0
IS	186	691	691	0	0
IS	187	700	700	0	0
IS	188	608	608	0	0
IS	189	643	643	0	0
IS	190	736	736	0	0
IS	191	782	782	0	0
IS	192	843	843	0	0
IS	193	809	809	0	0
IS	194	801	801	0	0
IS	195	785	785	0	0
IS	196	733	733	0	0
IS	197	766	766	0	0
IS	198	654	654	0	0
IS	199	808	808	0	0
IS	200	794	794	0	0
IS	201	797	797	0	0
IS	202	990	990	0	0
IS	203	863	863	0	0
IS	204	842	842	0	0
IS	205	773	773	0	0
IS	206	747	747	0	0
IS	207	684	684	0	0
IS	208	796	796	0	0
IS	209	1011	1011	0	0
IS	210	830	830	0	0
IS	211	839	839	0	0
IS	212	822	822	0	0
IS	213	911	911	0	0
IS	214	1004	1004	0	0
IS	215	981	981	0	0
IS	216	960	960	0	0
IS	217	1053	1053	0	0
IS	218	1406	1406	0	0
IS	219	1341	1341	0	0
IS	220	1061	1061	0	0
IS	221	919	919	0	0
IS	222	991	991	0	0
IS	223	901	901	0	0
IS	224	1073	1073	0	0
IS	225	862	862	0	0
IS	226	940	940	0	0
IS	227	1050	1050	0	0
IS	228	1060	1060	0	0
IS	229	1007	1007	0	0
IS	230	968	968	0	0
IS	231	1066	1066	0	0
IS	232	1037	1037	0	0
IS	233	1062	1062	0	0
IS	234	1070	1070	0	0
IS	235	1281	1281	0	0
IS	236	1279	1279	0	0
IS	237	1016	1016	0	0
IS	238	1059	1059	0	0
IS	239	1000	1000	0	0
IS	240	1100	1100	0	0
IS	241	1069	1069	0	0
IS	242	1087	1087	0	0
IS	243	1051	1051	0	0
IS	244	1023	1023	0	0
IS	245	1037	1037	0	0
IS	246	852	852	0	0
IS	247	803	803	0	0
IS	248	815	815	0	0
IS	249	725	725	0	0
IS	250	779	779	0	0
IS	251	765	765	0	0
IS	252	954	954	0	0
IS	253	916	916	0	0
IS	254	769	769	0	0
IS	255	862	862	0	0
IS	256	820	820	0	0
IS	257	824	824	0	0
IS	258	960	960	0	0
IS	259	740	740	0	0
IS	260	854	854	0	0
IS	261	883	883	0	0
IS	262	933	933	0	0
IS	263	838	838	0	0
IS	264	847	847	0	0
IS	265	865	865	0	0
IS	266	702	702	0	0
IS	267	726	726	0	0
IS	268	723	723	0	0
IS	269	737	737	0	0
IS	270	719	719	0	0
IS	271	730	730	0	0
IS	272	801	801	0	0
IS	273	685	685	0	0
IS	274	624	624	0	0
IS	275	558	558	0	0
IS	276	625	625	0	0
IS	277	622	622	0	0
IS	278	569	569	0	0
IS	279	594	594	0	0
IS	280	545	545	0	0
IS	281	550	550	0	0
IS	282	431	431	0	0
IS	283	505	505	0	0
IS	284	552	552	0	0
IS	285	564	564	0	0
IS	286	550	550	0	0
IS	287	592	592	0	0
IS	288	585	585	0	0
IS	289	523	523	0	0
IS	290	445	445	0	0
IS	291	429	429	0	0
IS	292	392	392	0	0
IS	293	362	362	0	0
IS	294	420	420	0	0
IS	295	439	439	0	0
IS	296	405	405	0	0
IS	297	397	397	0	0
IS	298	374	374	0	0
IS	299	357	357	0	0
IS	300	334	334	0	0
IS	301	387	387	0	0
IS	302	392	392	0	0
IS	303	369	369	0	0
IS	304	347	347	0	0
IS	305	261	261	0	0
IS	306	233	233	0	0
IS	307	250	250	0	0
IS	308	228	228	0	0
IS	309	286	286	0	0
IS	310	257	257	0	0
IS	311	246	246	0	0
IS	312	258	258	0	0
IS	313	264	264	0	0
IS	314	311	311	0	0
IS	315	231	231	0	0
IS	316	191	191	0	0
IS	317	239	239	0	0
IS	318	213	213	0	0
IS	319	203	203	0	0
IS	320	224	224	0	0
IS	321	231	231	0	0
IS	322	186	186	0	0
IS	323	157	157	0	0
IS	324	165	165	0	0
IS	325	121	121	0	0
IS	326	166	166	0	0
IS	327	113	113	0	0
IS	328	111	111	0	0
IS	329	130	130	0	0
IS	330	109	109	0	0
IS	331	110	110	0	0
IS	332	90	90	0	0
IS	333	88	88	0	0
IS	334	115	115	0	0
IS	335	87	87	0	0
IS	336	94	94	0	0
IS	337	89	89	0	0
IS	338	94	94	0	0
IS	339	101	101	0	0
IS	340	68	68	0	0
IS	341	88	88	0	0
IS	342	77	77	0	0
IS	343	85	85	0	0
IS	344	73	73	0	0
IS	345	115	115	0	0
IS	346	78	78	0	0
IS	347	92	92	0	0
IS	348	88	88	0	0
IS	349	66	66	0	0
IS	350	72	72	0	0
IS	351	67	67	0	0
IS	352	69	69	0	0
IS	353	49	49	0	0
IS	354	47	47	0	0
IS	355	36	36	0	0
IS	356	42	42	0	0
IS	357	49	49	0	0
IS	358	33	33	0	0
IS	359	31	31	0	0
IS	360	48	46	0	2
IS	361	41	41	0	0
IS	362	46	46	0	0
IS	363	23	23	0	0
IS	364	29	29	0	0
IS	365	34	34	0	0
# Read lengths. Use `grep ^RL | cut -f 2-` to extract this part. The columns are: read length, count
RL	136	1
RL	137	111
RL	138	89
RL	139	84
RL	140	93
RL	141	128
RL	142	133
RL	143	155
RL	144	132
RL	145	163
RL	146	735
RL	147	6368
RL	149	97
RL	150	260460
# Read lengths - first fragments. Use `grep ^FRL | cut -f 2-` to extract this part. The columns are: read length, count
FRL	145	11
FRL	146	421
FRL	147	3758
FRL	149	13
FRL	150	132189
# Read lengths - last fragments. Use `grep ^LRL | cut -f 2-` to extract this part. The columns are: read length, count
LRL	136	1
LRL	137	111
LRL	138	89
LRL	139	84
LRL	140	93
LRL	141	128
LRL	142	133
LRL	143	155
LRL	144	132
LRL	145	152
LRL	146	314
LRL	147	2610
LRL	149	84
LRL	150	128271
# Indel distribution. Use `grep ^ID | cut -f 2-` to extract this part. The columns are: length, number of insertions, number of deletions
ID	1	156	508
ID	2	1	161
ID	3	0	22
# Indels per cycle. Use `grep ^IC | cut -f 2-` to extract this part. The columns are: cycle, number of insertions (fwd), .. (rev) , number of deletions (fwd), .. (rev)
IC	13	0	2	0	0
IC	15	0	1	0	0
IC	16	0	0	0	2
IC	18	0	0	0	2
IC	19	0	1	3	0
IC	20	0	0	0	1
IC	21	0	0	7	2
IC	22	0	0	2	5
IC	23	0	1	3	1
IC	24	1	4	0	2
IC	25	1	0	1	0
IC	26	0	0	3	0
IC	27	4	2	5	2
IC	28	0	1	2	7
IC	29	3	1	2	4
IC	30	0	0	0	5
IC	31	1	4	1	1
IC	32	0	4	0	5
IC	33	0	0	4	3
IC	34	0	0	1	0
IC	35	0	0	3	4
IC	36	0	0	3	4
IC	37	1	0	5	3
IC	38	3	2	7	4
IC	39	2	0	3	1
IC	40	1	0	5	3
IC	41	0	0	6	1
IC	42	1	1	3	1
IC	43	2	1	3	4
IC	44	0	0	2	2
IC	45	0	0	2	12
IC	46	0	0	2	5
IC	47	0	1	3	6
IC	48	0	3	1	2
IC	49	0	0	4	6
IC	50	0	0	2	1
IC	51	1	1	4	3
IC	52	0	0	1	5
IC	53	0	0	1	3
IC	54	0	2	11	6
IC	55	0	5	0	4
IC	56	0	1	4	1
IC	57	0	0	3	5
IC	58	0	2	6	8
IC	59	2	1	2	6
IC	60	0	0	1	1
IC	61	0	0	4	3
IC	62	0	0	2	1
IC	63	0	1	11	2
IC	64	0	0	2	1
IC	65	2	2	5	2
IC	66	0	1	1	0
IC	67	1	0	1	3
IC	68	2	3	14	1
IC	69	0	0	11	4
IC	70	4	0	2	1
IC	71	4	1	2	2
IC	72	0	5	2	3
IC	73	1	1	3	1
IC	74	0	0	1	0
IC	75	0	0	1	3
IC	76	0	0	7	1
IC	77	0	0	14	2
IC	78	3	4	5	3
IC	79	0	1	3	4
IC	80	0	6	8	2
IC	81	0	0	3	3
IC	82	0	1	4	2
IC	83	0	1	4	9
IC	84	0	0	0	4
IC	85	0	0	1	1
IC	86	0	0	0	3
IC	87	0	0	5	0
IC	88	0	3	4	2
IC	89	1	2	3	1
IC	90	1	0	1	2
IC	91	2	1	5	3
IC	92	1	0	5	0
IC	93	0	0	2	1
IC	94	0	0	2	2
IC	95	0	0	6	2
IC	96	0	2	1	8
IC	97	0	1	3	3
IC	98	0	0	2	2
IC	99	0	0	3	4
IC	100	0	0	3	0
IC	102	0	2	4	3
IC	103	1	0	3	1
IC	104	1	0	1	8
IC	105	1	1	2	2
IC	106	0	4	3	0
IC	107	4	1	0	4
IC	108	1	0	2	2
IC	109	2	0	5	3
IC	110	0	1	2	0
IC	111	2	2	1	8
IC	112	3	0	5	3
IC	113	0	0	2	7
IC	114	0	0	3	7
IC	115	0	0	0	2
IC	116	0	0	9	4
IC	117	0	0	12	3
IC	118	0	0	1	2
IC	119	0	0	5	11
IC	120	1	1	2	2
IC	121	0	0	0	1
IC	122	0	2	3	2
IC	123	2	0	2	0
IC	124	1	1	1	3
IC	125	0	0	2	2
IC	126	0	0	0	2
IC	127	0	0	1	1
IC	128	0	0	2	2
IC	129	0	1	4	4
IC	130	0	0	4	0
IC	131	0	0	2	2
IC	132	0	0	2	0
IC	133	0	0	2	0
IC	134	0	0	0	1
IC	135	0	0	1	0
# Coverage distribution. Use `grep ^COV | cut -f 2-` to extract this part.
COV	[1-1]	1	201
COV	[2-2]	2	155
COV	[3-3]	3	3
COV	[4-4]	4	8
COV	[5-5]	5	4
COV	[6-6]	6	8
COV	[7-7]	7	1
COV	[8-8]	8	2
COV	[9-9]	9	1
COV	[11-11]	11	4
COV	[12-12]	12	16
COV	[13-13]	13	32
COV	[14-14]	14	27
COV	[15-15]	15	46
COV	[16-16]	16	8
COV	[17-17]	17	7
COV	[18-18]	18	11
COV	[19-19]	19	44
COV	[20-20]	20	7
COV	[22-22]	22	11
COV	[23-23]	23	3
COV	[24-24]	24	8
COV	[25-25]	25	4
COV	[26-26]	26	4
COV	[27-27]	27	54
COV	[28-28]	28	6
COV	[29-29]	29	35
COV	[30-30]	30	10
COV	[31-31]	31	3
COV	[32-32]	32	1
COV	[33-33]	33	1
COV	[34-34]	34	1
COV	[35-35]	35	2
COV	[36-36]	36	4
COV	[37-37]	37	2
COV	[38-38]	38	3
COV	[39-39]	39	2
COV	[40-40]	40	4
COV	[41-41]	41	79
COV	[42-42]	42	5
COV	[43-43]	43	1
COV	[46-46]	46	2
COV	[47-47]	47	3
COV	[48-48]	48	3
COV	[49-49]	49	2
COV	[50-50]	50	7
COV	[51-51]	51	1
COV	[52-52]	52	4
COV	[53-53]	53	19
COV	[54-54]	54	3
COV	[55-55]	55	1
COV	[56-56]	56	2
COV	[57-57]	57	1
COV	[58-58]	58	5
COV	[59-59]	59	5
COV	[60-60]	60	6
COV	[61-61]	61	2
COV	[62-62]	62	1
COV	[63-63]	63	33
COV	[64-64]	64	7
COV	[65-65]	65	44
COV	[66-66]	66	9
COV	[67-67]	67	1
COV	[69-69]	69	1
COV	[70-70]	70	1
COV	[71-71]	71	2
COV	[72-72]	72	1
COV	[75-75]	75	1
COV	[79-79]	79	2
COV	[82-82]	82	1
COV	[85-85]	85	3
COV	[86-86]	86	1
COV	[88-88]	88	1
COV	[89-89]	89	1
COV	[91-91]	91	4
COV	[94-94]	94	2
COV	[95-95]	95	1
COV	[97-97]	97	2
COV	[99-99]	99	2
COV	[101-101]	101	1
COV	[102-102]	102	2
COV	[104-104]	104	1
COV	[106-106]	106	1
COV	[108-108]	108	1
COV	[109-109]	109	1
COV	[111-111]	111	1
COV	[113-113]	113	1
COV	[114-114]	114	1
COV	[117-117]	117	1
COV	[120-120]	120	2
COV	[121-121]	121	1
COV	[122-122]	122	4
COV	[123-123]	123	4
COV	[127-127]	127	1
COV	[128-128]	128	1
COV	[129-129]	129	1
COV	[130-130]	130	1
COV	[134-134]	134	2
COV	[136-136]	136	1
COV	[139-139]	139	1
COV	[143-143]	143	1
COV	[145-145]	145	1
COV	[146-146]	146	1
COV	[147-147]	147	1
COV	[153-153]	153	2
COV	[156-156]	156	1
COV	[157-157]	157	1
COV	[158-158]	158	2
COV	[163-163]	163	3
COV	[168-168]	168	1
COV	[170-170]	170	1
COV	[175-175]	175	1
COV	[176-176]	176	1
COV	[177-177]	177	1
COV	[178-178]	178	3
COV	[180-180]	180	1
COV	[181-181]	181	1
COV	[182-182]	182	2
COV	[184-184]	184	1
COV	[185-185]	185	1
COV	[188-188]	188	2
COV	[189-189]	189	10
COV	[191-191]	191	48
COV	[192-192]	192	2
COV	[193-193]	193	4
COV	[194-194]	194	3
COV	[195-195]	195	2
COV	[197-197]	197	7
COV	[200-200]	200	1
COV	[204-204]	204	1
COV	[209-209]	209	2
COV	[211-211]	211	2
COV	[212-212]	212	2
COV	[213-213]	213	1
COV	[214-214]	214	3
COV	[215-215]	215	6
COV	[216-216]	216	1
COV	[217-217]	217	1
COV	[218-218]	218	1
COV	[219-219]	219	1
COV	[221-221]	221	1
COV	[222-222]	222	2
COV	[226-226]	226	1
COV	[228-228]	228	1
COV	[231-231]	231	9
COV	[232-232]	232	2
COV	[235-235]	235	1
COV	[237-237]	237	1
COV	[239-239]	239	54
COV	[240-240]	240	1
COV	[241-241]	241	4
COV	[242-242]	242	2
COV	[243-243]	243	1
COV	[245-245]	245	1
COV	[250-250]	250	1
COV	[251-251]	251	1
COV	[257-257]	257	1
COV	[258-258]	258	3
COV	[260-260]	260	3
COV	[262-262]	262	1
COV	[265-265]	265	2
COV	[266-266]	266	1
COV	[267-267]	267	2
COV	[271-271]	271	1
COV	[272-272]	272	1
COV	[273-273]	273	2
COV	[277-277]	277	3
COV	[278-278]	278	3
COV	[279-279]	279	3
COV	[280-280]	280	3
COV	[281-281]	281	5
COV	[282-282]	282	5
COV	[284-284]	284	1
COV	[285-285]	285	1
COV	[286-286]	286	7
COV	[287-287]	287	13
COV	[291-291]	291	2
COV	[293-293]	293	2
COV	[294-294]	294	1
COV	[295-295]	295	2
COV	[298-298]	298	1
COV	[299-299]	299	2
COV	[300-300]	300	1
COV	[303-303]	303	3
COV	[304-304]	304	1
COV	[308-308]	308	1
COV	[312-312]	312	1
COV	[313-313]	313	3
COV	[315-315]	315	14
COV	[316-316]	316	12
COV	[317-317]	317	4
COV	[318-318]	318	7
COV	[319-319]	319	6
COV	[320-320]	320	10
COV	[321-321]	321	1
COV	[322-322]	322	1
COV	[323-323]	323	1
COV	[324-324]	324	2
COV	[325-325]	325	1
COV	[326-326]	326	1
COV	[327-327]	327	1
COV	[329-329]	329	1
COV	[330-330]	330	1
COV	[331-331]	331	3
COV	[334-334]	334	1
COV	[335-335]	335	1
COV	[336-336]	336	1
COV	[337-337]	337	3
COV	[339-339]	339	2
COV	[340-340]	340	4
COV	[341-341]	341	3
COV	[342-342]	342	4
COV	[343-343]	343	5
COV	[344-344]	344	10
COV	[345-345]	345	5
COV	[346-346]	346	2
COV	[347-347]	347	10
COV	[348-348]	348	4
COV	[349-349]	349	3
COV	[351-351]	351	3
COV	[352-352]	352	2
COV	[354-354]	354	1
COV	[358-358]	358	5
COV	[364-364]	364	1
COV	[365-365]	365	1
COV	[369-369]	369	1
COV	[370-370]	370	1
COV	[376-376]	376	5
COV	[381-381]	381	1
COV	[382-382]	382	3
COV	[383-383]	383	4
COV	[384-384]	384	1
COV	[385-385]	385	3
COV	[387-387]	387	1
COV	[388-388]	388	2
COV	[389-389]	389	1
COV	[390-390]	390	1
COV	[392-392]	392	2
COV	[393-393]	393	1
COV	[394-394]	394	2
COV	[395-395]	395	3
COV	[397-397]	397	3
COV	[398-398]	398	1
COV	[402-402]	402	1
COV	[404-404]	404	3
COV	[405-405]	405	1
COV	[406-406]	406	1
COV	[407-407]	407	1
COV	[409-409]	409	1
COV	[411-411]	411	7
COV	[412-412]	412	3
COV	[415-415]	415	26
COV	[416-416]	416	2
COV	[418-418]	418	1
COV	[419-419]	419	3
COV	[421-421]	421	2
COV	[422-422]	422	3
COV	[424-424]	424	6
COV	[425-425]	425	1
COV	[426-426]	426	3
COV	[428-428]	428	1
COV	[430-430]	430	1
COV	[432-432]	432	1
COV	[435-435]	435	1
COV	[436-436]	436	2
COV	[437-437]	437	5
COV	[442-442]	442	1
COV	[444-444]	444	3
COV	[446-446]	446	1
COV	[448-448]	448	1
COV	[456-456]	456	1
COV	[460-460]	460	2
COV	[464-464]	464	1
COV	[467-467]	467	1
COV	[470-470]	470	1
COV	[475-475]	475	1
COV	[482-482]	482	1
COV	[485-485]	485	1
COV	[487-487]	487	1
COV	[488-488]	488	5
COV	[489-489]	489	2
COV	[491-491]	491	1
COV	[492-492]	492	1
COV	[493-493]	493	1
COV	[495-495]	495	1
COV	[496-496]	496	2
COV	[499-499]	499	2
COV	[500-500]	500	1
COV	[501-501]	501	3
COV	[502-502]	502	1
COV	[503-503]	503	1
COV	[507-507]	507	1
COV	[509-509]	509	1
COV	[510-510]	510	1
COV	[512-512]	512	2
COV	[515-515]	515	2
COV	[516-516]	516	2
COV	[517-517]	517	7
COV	[518-518]	518	2
COV	[519-519]	519	7
COV	[520-520]	520	2
COV	[521-521]	521	3
COV	[523-523]	523	3
COV	[524-524]	524	3
COV	[525-525]	525	6
COV	[527-527]	527	3
COV	[528-528]	528	5
COV	[531-531]	531	1
COV	[533-533]	533	2
COV	[534-534]	534	9
COV	[535-535]	535	1
COV	[536-536]	536	6
COV	[537-537]	537	3
COV	[538-538]	538	1
COV	[539-539]	539	1
COV	[540-540]	540	4
COV	[548-548]	548	1
COV	[568-568]	568	1
COV	[579-579]	579	1
COV	[583-583]	583	1
COV	[603-603]	603	1
COV	[607-607]	607	1
COV	[624-624]	624	1
COV	[627-627]	627	1
COV	[635-635]	635	1
COV	[650-650]	650	1
COV	[651-651]	651	1
COV	[652-652]	652	1
COV	[657-657]	657	1
COV	[659-659]	659	1
COV	[662-662]	662	1
COV	[663-663]	663	1
COV	[665-665]	665	1
COV	[667-667]	667	1
COV	[669-669]	669	1
COV	[670-670]	670	1
COV	[676-676]	676	1
COV	[677-677]	677	2
COV	[686-686]	686	1
COV	[687-687]	687	1
COV	[689-689]	689	1
COV	[695-695]	695	1
COV	[699-699]	699	1
COV	[701-701]	701	1
COV	[702-702]	702	1
COV	[703-703]	703	1
COV	[704-704]	704	2
COV	[705-705]	705	1
COV	[708-708]	708	1
COV	[709-709]	709	1
COV	[712-712]	712	1
COV	[715-715]	715	1
COV	[717-717]	717	2
COV	[718-718]	718	1
COV	[724-724]	724	1
COV	[732-732]	732	5
COV	[733-733]	733	1
COV	[735-735]	735	1
COV	[736-736]	736	2
COV	[737-737]	737	1
COV	[738-738]	738	2
COV	[739-739]	739	15
COV	[740-740]	740	1
COV	[741-741]	741	12
COV	[742-742]	742	1
COV	[743-743]	743	9
COV	[745-745]	745	4
COV	[746-746]	746	1
COV	[748-748]	748	4
COV	[749-749]	749	3
COV	[750-750]	750	2
COV	[751-751]	751	1
COV	[755-755]	755	1
COV	[761-761]	761	1
COV	[766-766]	766	1
COV	[768-768]	768	1
COV	[769-769]	769	1
COV	[777-777]	777	4
COV	[779-779]	779	2
COV	[781-781]	781	1
COV	[784-784]	784	1
COV	[799-799]	799	1
COV	[800-800]	800	2
COV	[801-801]	801	1
COV	[802-802]	802	1
COV	[803-803]	803	1
COV	[804-804]	804	1
COV	[806-806]	806	1
COV	[816-816]	816	5
COV	[819-819]	819	1
COV	[820-820]	820	1
COV	[821-821]	821	1
COV	[824-824]	824	1
COV	[827-827]	827	1
COV	[828-828]	828	1
COV	[830-830]	830	1
COV	[832-832]	832	1
COV	[836-836]	836	2
COV	[840-840]	840	1
COV	[841-841]	841	1
COV	[846-846]	846	1
COV	[847-847]	847	1
COV	[848-848]	848	2
COV	[852-852]	852	2
COV	[854-854]	854	1
COV	[867-867]	867	1
COV	[872-872]	872	1
COV	[874-874]	874	1
COV	[883-883]	883	1
COV	[891-891]	891	1
COV	[892-892]	892	1
COV	[893-893]	893	4
COV	[894-894]	894	1
COV	[898-898]	898	1
COV	[904-904]	904	1
COV	[906-906]	906	1
COV	[914-914]	914	1
COV	[916-916]	916	1
COV	[918-918]	918	1
COV	[923-923]	923	1
COV	[945-945]	945	1
COV	[949-949]	949	1
COV	[950-950]	950	1
COV	[953-953]	953	1
COV	[968-968]	968	1
COV	[970-970]	970	1
COV	[983-983]	983	1
COV	[985-985]	985	1
COV	[991-991]	991	1
COV	[993-993]	993	2
COV	[995-995]	995	1
COV	[998-998]	998	1
COV	[1000<]	1000	1926
# GC-depth. Use `grep ^GCD | cut -f 2-` to extract this part. The columns are: GC%, unique sequence percentiles, 10th, 25th, 50th, 75th and 90th depth percentile
GCD	0.0	100.000	0.000	0.000	0.000	0.000	0.000
