# This file was produced by samtools stats (1.9+htslib-1.9) and can be plotted using plot-bamstats
# This file contains statistics for all reads.
# The command line was:  stats -@ 20 amelRNA_1/amelRNA_1_dwv.bam
# CHK, Checksum	[2]Read Names	[3]Sequences	[4]Qualities
# CHK, CRC32 of reads which passed filtering followed by addition (32bit overflow)
CHK	b3f17d3c	748cf8b0	f2d8649e
# Summary Numbers. Use `grep ^SN | cut -f 2-` to extract this part.
SN	raw total sequences:	721058
SN	filtered sequences:	0
SN	sequences:	721058
SN	is sorted:	1
SN	1st fragments:	360955
SN	last fragments:	360103
SN	reads mapped:	677100
SN	reads mapped and paired:	633142	# paired-end technology bit set + both mates mapped
SN	reads unmapped:	43958
SN	reads properly paired:	613690	# proper-pair bit set
SN	reads paired:	721058	# paired-end technology bit set
SN	reads duplicated:	0	# PCR or optical duplicate bit set
SN	reads MQ0:	5699	# mapped and MQ=0
SN	reads QC failed:	0
SN	non-primary alignments:	7854
SN	total length:	108068230	# ignores clipping
SN	total first fragment length:	54109064	# ignores clipping
SN	total last fragment length:	53959166	# ignores clipping
SN	bases mapped:	101480608	# ignores clipping
SN	bases mapped (cigar):	100982685	# more accurate
SN	bases trimmed:	0
SN	bases duplicated:	0
SN	mismatches:	1787366	# from NM fields
SN	error rate:	1.769973e-02	# mismatches / bases mapped (cigar)
SN	average length:	149
SN	average first fragment length:	150
SN	average last fragment length:	150
SN	maximum length:	150
SN	maximum first fragment length:	150
SN	maximum last fragment length:	150
SN	average quality:	36.3
SN	insert size average:	241.7
SN	insert size standard deviation:	44.3
SN	inward oriented pairs:	304756
SN	outward oriented pairs:	4160
SN	pairs with other orientation:	11
SN	pairs on different chromosomes:	7644
SN	percentage of properly paired reads (%):	85.1
# First Fragment Qualities. Use `grep ^FFQ | cut -f 2-` to extract this part.
# Columns correspond to qualities and rows to cycles. First column is the cycle number.
FFQ	1	0	0	0	0	0	0	0	0	0	0	0	2498	0	0	0	0	0	0	0	0	0	0	0	0	0	4898	0	0	0	0	0	0	0	0	0	0	0	353559	0
FFQ	2	0	0	7	0	0	0	0	0	0	0	0	2599	0	0	0	0	0	0	0	0	0	0	0	0	0	5270	0	0	0	0	0	0	0	0	0	0	0	353079	0
FFQ	3	0	0	16	0	0	0	0	0	0	0	0	2221	0	0	0	0	0	0	0	0	0	0	0	0	0	4715	0	0	0	0	0	0	0	0	0	0	0	354003	0
FFQ	4	0	0	0	0	0	0	0	0	0	0	0	2001	0	0	0	0	0	0	0	0	0	0	0	0	0	4632	0	0	0	0	0	0	0	0	0	0	0	354322	0
FFQ	5	0	0	0	0	0	0	0	0	0	0	0	1671	0	0	0	0	0	0	0	0	0	0	0	0	0	4334	0	0	0	0	0	0	0	0	0	0	0	354950	0
FFQ	6	0	0	119	0	0	0	0	0	0	0	0	1545	0	0	0	0	0	0	0	0	0	0	0	0	0	4398	0	0	0	0	0	0	0	0	0	0	0	354893	0
FFQ	7	0	0	0	0	0	0	0	0	0	0	0	2066	0	0	0	0	0	0	0	0	0	0	0	0	0	5528	0	0	0	0	0	0	0	0	0	0	0	353361	0
FFQ	8	0	0	70	0	0	0	0	0	0	0	0	1895	0	0	0	0	0	0	0	0	0	0	0	0	0	5028	0	0	0	0	0	0	0	0	0	0	0	353962	0
FFQ	9	0	0	0	0	0	0	0	0	0	0	0	1802	0	0	0	0	0	0	0	0	0	0	0	0	0	4919	0	0	0	0	0	0	0	0	0	0	0	354234	0
FFQ	10	0	0	6	0	0	0	0	0	0	0	0	1578	0	0	0	0	0	0	0	0	0	0	0	0	0	4932	0	0	0	0	0	0	0	0	0	0	0	354439	0
FFQ	11	0	0	2	0	0	0	0	0	0	0	0	1373	0	0	0	0	0	0	0	0	0	0	0	0	0	4548	0	0	0	0	0	0	0	0	0	0	0	355032	0
FFQ	12	0	0	1	0	0	0	0	0	0	0	0	1664	0	0	0	0	0	0	0	0	0	0	0	0	0	4898	0	0	0	0	0	0	0	0	0	0	0	354392	0
FFQ	13	0	0	0	0	0	0	0	0	0	0	0	1530	0	0	0	0	0	0	0	0	0	0	0	0	0	4820	0	0	0	0	0	0	0	0	0	0	0	354605	0
FFQ	14	0	0	0	0	0	0	0	0	0	0	0	1641	0	0	0	0	0	0	0	0	0	0	0	0	0	5078	0	0	0	0	0	0	0	0	0	0	0	354236	0
FFQ	15	0	0	0	0	0	0	0	0	0	0	0	1713	0	0	0	0	0	0	0	0	0	0	0	0	0	5072	0	0	0	0	0	0	0	0	0	0	0	354170	0
FFQ	16	0	0	0	0	0	0	0	0	0	0	0	1679	0	0	0	0	0	0	0	0	0	0	0	0	0	5580	0	0	0	0	0	0	0	0	0	0	0	353696	0
FFQ	17	0	0	0	0	0	0	0	0	0	0	0	1740	0	0	0	0	0	0	0	0	0	0	0	0	0	5642	0	0	0	0	0	0	0	0	0	0	0	353573	0
FFQ	18	0	0	0	0	0	0	0	0	0	0	0	1767	0	0	0	0	0	0	0	0	0	0	0	0	0	5505	0	0	0	0	0	0	0	0	0	0	0	353683	0
FFQ	19	0	0	0	0	0	0	0	0	0	0	0	1703	0	0	0	0	0	0	0	0	0	0	0	0	0	5534	0	0	0	0	0	0	0	0	0	0	0	353718	0
FFQ	20	0	0	0	0	0	0	0	0	0	0	0	1836	0	0	0	0	0	0	0	0	0	0	0	0	0	5347	0	0	0	0	0	0	0	0	0	0	0	353772	0
FFQ	21	0	0	0	0	0	0	0	0	0	0	0	1671	0	0	0	0	0	0	0	0	0	0	0	0	0	5577	0	0	0	0	0	0	0	0	0	0	0	353707	0
FFQ	22	0	0	0	0	0	0	0	0	0	0	0	2018	0	0	0	0	0	0	0	0	0	0	0	0	0	5796	0	0	0	0	0	0	0	0	0	0	0	353141	0
FFQ	23	0	0	0	0	0	0	0	0	0	0	0	1929	0	0	0	0	0	0	0	0	0	0	0	0	0	6000	0	0	0	0	0	0	0	0	0	0	0	353026	0
FFQ	24	0	0	0	0	0	0	0	0	0	0	0	1862	0	0	0	0	0	0	0	0	0	0	0	0	0	5974	0	0	0	0	0	0	0	0	0	0	0	353119	0
FFQ	25	0	0	0	0	0	0	0	0	0	0	0	2192	0	0	0	0	0	0	0	0	0	0	0	0	0	6168	0	0	0	0	0	0	0	0	0	0	0	352595	0
FFQ	26	0	0	0	0	0	0	0	0	0	0	0	2231	0	0	0	0	0	0	0	0	0	0	0	0	0	6269	0	0	0	0	0	0	0	0	0	0	0	352455	0
FFQ	27	0	0	0	0	0	0	0	0	0	0	0	2060	0	0	0	0	0	0	0	0	0	0	0	0	0	5899	0	0	0	0	0	0	0	0	0	0	0	352996	0
FFQ	28	0	0	0	0	0	0	0	0	0	0	0	2077	0	0	0	0	0	0	0	0	0	0	0	0	0	5915	0	0	0	0	0	0	0	0	0	0	0	352963	0
FFQ	29	0	0	0	0	0	0	0	0	0	0	0	2020	0	0	0	0	0	0	0	0	0	0	0	0	0	6201	0	0	0	0	0	0	0	0	0	0	0	352734	0
FFQ	30	0	0	0	0	0	0	0	0	0	0	0	2037	0	0	0	0	0	0	0	0	0	0	0	0	0	6030	0	0	0	0	0	0	0	0	0	0	0	352888	0
FFQ	31	0	0	0	0	0	0	0	0	0	0	0	2008	0	0	0	0	0	0	0	0	0	0	0	0	0	6012	0	0	0	0	0	0	0	0	0	0	0	352935	0
FFQ	32	0	0	0	0	0	0	0	0	0	0	0	2092	0	0	0	0	0	0	0	0	0	0	0	0	0	5963	0	0	0	0	0	0	0	0	0	0	0	352900	0
FFQ	33	0	0	0	0	0	0	0	0	0	0	0	2255	0	0	0	0	0	0	0	0	0	0	0	0	0	6158	0	0	0	0	0	0	0	0	0	0	0	352542	0
FFQ	34	0	0	0	0	0	0	0	0	0	0	0	2065	0	0	0	0	0	0	0	0	0	0	0	0	0	6183	0	0	0	0	0	0	0	0	0	0	0	352707	0
FFQ	35	0	0	0	0	0	0	0	0	0	0	0	2393	0	0	0	0	0	0	0	0	0	0	0	0	0	6491	0	0	0	0	0	0	0	0	0	0	0	352071	0
FFQ	36	0	0	0	0	0	0	0	0	0	0	0	2353	0	0	0	0	0	0	0	0	0	0	0	0	0	6709	0	0	0	0	0	0	0	0	0	0	0	351893	0
FFQ	37	0	0	0	0	0	0	0	0	0	0	0	2134	0	0	0	0	0	0	0	0	0	0	0	0	0	6339	0	0	0	0	0	0	0	0	0	0	0	352482	0
FFQ	38	0	0	0	0	0	0	0	0	0	0	0	2124	0	0	0	0	0	0	0	0	0	0	0	0	0	6203	0	0	0	0	0	0	0	0	0	0	0	352628	0
FFQ	39	0	0	0	0	0	0	0	0	0	0	0	2262	0	0	0	0	0	0	0	0	0	0	0	0	0	6369	0	0	0	0	0	0	0	0	0	0	0	352324	0
FFQ	40	0	0	0	0	0	0	0	0	0	0	0	2219	0	0	0	0	0	0	0	0	0	0	0	0	0	6531	0	0	0	0	0	0	0	0	0	0	0	352205	0
FFQ	41	0	0	0	0	0	0	0	0	0	0	0	2545	0	0	0	0	0	0	0	0	0	0	0	0	0	7021	0	0	0	0	0	0	0	0	0	0	0	351389	0
FFQ	42	0	0	0	0	0	0	0	0	0	0	0	2430	0	0	0	0	0	0	0	0	0	0	0	0	0	6559	0	0	0	0	0	0	0	0	0	0	0	351966	0
FFQ	43	0	0	6	0	0	0	0	0	0	0	0	2782	0	0	0	0	0	0	0	0	0	0	0	0	0	6738	0	0	0	0	0	0	0	0	0	0	0	351429	0
FFQ	44	0	0	0	0	0	0	0	0	0	0	0	2784	0	0	0	0	0	0	0	0	0	0	0	0	0	6981	0	0	0	0	0	0	0	0	0	0	0	351190	0
FFQ	45	0	0	0	0	0	0	0	0	0	0	0	2592	0	0	0	0	0	0	0	0	0	0	0	0	0	7188	0	0	0	0	0	0	0	0	0	0	0	351175	0
FFQ	46	0	0	0	0	0	0	0	0	0	0	0	2710	0	0	0	0	0	0	0	0	0	0	0	0	0	7014	0	0	0	0	0	0	0	0	0	0	0	351231	0
FFQ	47	0	0	0	0	0	0	0	0	0	0	0	3161	0	0	0	0	0	0	0	0	0	0	0	0	0	7970	0	0	0	0	0	0	0	0	0	0	0	349824	0
FFQ	48	0	0	1	0	0	0	0	0	0	0	0	2929	0	0	0	0	0	0	0	0	0	0	0	0	0	7645	0	0	0	0	0	0	0	0	0	0	0	350380	0
FFQ	49	0	0	0	0	0	0	0	0	0	0	0	2805	0	0	0	0	0	0	0	0	0	0	0	0	0	7573	0	0	0	0	0	0	0	0	0	0	0	350577	0
FFQ	50	0	0	0	0	0	0	0	0	0	0	0	2687	0	0	0	0	0	0	0	0	0	0	0	0	0	7036	0	0	0	0	0	0	0	0	0	0	0	351232	0
FFQ	51	0	0	0	0	0	0	0	0	0	0	0	2613	0	0	0	0	0	0	0	0	0	0	0	0	0	6835	0	0	0	0	0	0	0	0	0	0	0	351507	0
FFQ	52	0	0	0	0	0	0	0	0	0	0	0	2265	0	0	0	0	0	0	0	0	0	0	0	0	0	6112	0	0	0	0	0	0	0	0	0	0	0	352578	0
FFQ	53	0	0	0	0	0	0	0	0	0	0	0	2547	0	0	0	0	0	0	0	0	0	0	0	0	0	6671	0	0	0	0	0	0	0	0	0	0	0	351737	0
FFQ	54	0	0	0	0	0	0	0	0	0	0	0	2411	0	0	0	0	0	0	0	0	0	0	0	0	0	6419	0	0	0	0	0	0	0	0	0	0	0	352125	0
FFQ	55	0	0	0	0	0	0	0	0	0	0	0	2504	0	0	0	0	0	0	0	0	0	0	0	0	0	6754	0	0	0	0	0	0	0	0	0	0	0	351697	0
FFQ	56	0	0	0	0	0	0	0	0	0	0	0	2783	0	0	0	0	0	0	0	0	0	0	0	0	0	6814	0	0	0	0	0	0	0	0	0	0	0	351358	0
FFQ	57	0	0	0	0	0	0	0	0	0	0	0	2619	0	0	0	0	0	0	0	0	0	0	0	0	0	6757	0	0	0	0	0	0	0	0	0	0	0	351579	0
FFQ	58	0	0	0	0	0	0	0	0	0	0	0	2668	0	0	0	0	0	0	0	0	0	0	0	0	0	7333	0	0	0	0	0	0	0	0	0	0	0	350954	0
FFQ	59	0	0	0	0	0	0	0	0	0	0	0	2836	0	0	0	0	0	0	0	0	0	0	0	0	0	7954	0	0	0	0	0	0	0	0	0	0	0	350165	0
FFQ	60	0	0	0	0	0	0	0	0	0	0	0	2833	0	0	0	0	0	0	0	0	0	0	0	0	0	7532	0	0	0	0	0	0	0	0	0	0	0	350590	0
FFQ	61	0	0	0	0	0	0	0	0	0	0	0	2725	0	0	0	0	0	0	0	0	0	0	0	0	0	7513	0	0	0	0	0	0	0	0	0	0	0	350717	0
FFQ	62	0	0	0	0	0	0	0	0	0	0	0	2611	0	0	0	0	0	0	0	0	0	0	0	0	0	7115	0	0	0	0	0	0	0	0	0	0	0	351229	0
FFQ	63	0	0	0	0	0	0	0	0	0	0	0	2655	0	0	0	0	0	0	0	0	0	0	0	0	0	7680	0	0	0	0	0	0	0	0	0	0	0	350620	0
FFQ	64	0	0	0	0	0	0	0	0	0	0	0	2910	0	0	0	0	0	0	0	0	0	0	0	0	0	7509	0	0	0	0	0	0	0	0	0	0	0	350536	0
FFQ	65	0	0	0	0	0	0	0	0	0	0	0	2690	0	0	0	0	0	0	0	0	0	0	0	0	0	7422	0	0	0	0	0	0	0	0	0	0	0	350843	0
FFQ	66	0	0	0	0	0	0	0	0	0	0	0	2874	0	0	0	0	0	0	0	0	0	0	0	0	0	8115	0	0	0	0	0	0	0	0	0	0	0	349966	0
FFQ	67	0	0	0	0	0	0	0	0	0	0	0	3029	0	0	0	0	0	0	0	0	0	0	0	0	0	8424	0	0	0	0	0	0	0	0	0	0	0	349502	0
FFQ	68	0	0	0	0	0	0	0	0	0	0	0	2671	0	0	0	0	0	0	0	0	0	0	0	0	0	7752	0	0	0	0	0	0	0	0	0	0	0	350532	0
FFQ	69	0	0	0	0	0	0	0	0	0	0	0	2641	0	0	0	0	0	0	0	0	0	0	0	0	0	7501	0	0	0	0	0	0	0	0	0	0	0	350813	0
FFQ	70	0	0	0	0	0	0	0	0	0	0	0	2647	0	0	0	0	0	0	0	0	0	0	0	0	0	7857	0	0	0	0	0	0	0	0	0	0	0	350451	0
FFQ	71	0	0	0	0	0	0	0	0	0	0	0	2770	0	0	0	0	0	0	0	0	0	0	0	0	0	7782	0	0	0	0	0	0	0	0	0	0	0	350403	0
FFQ	72	0	0	0	0	0	0	0	0	0	0	0	2756	0	0	0	0	0	0	0	0	0	0	0	0	0	7772	0	0	0	0	0	0	0	0	0	0	0	350427	0
FFQ	73	0	0	0	0	0	0	0	0	0	0	0	2422	0	0	0	0	0	0	0	0	0	0	0	0	0	7198	0	0	0	0	0	0	0	0	0	0	0	351335	0
FFQ	74	0	0	0	0	0	0	0	0	0	0	0	2566	0	0	0	0	0	0	0	0	0	0	0	0	0	7358	0	0	0	0	0	0	0	0	0	0	0	351031	0
FFQ	75	0	0	4	0	0	0	0	0	0	0	0	2562	0	0	0	0	0	0	0	0	0	0	0	0	0	7393	0	0	0	0	0	0	0	0	0	0	0	350996	0
FFQ	76	0	0	0	0	0	0	0	0	0	0	0	2631	0	0	0	0	0	0	0	0	0	0	0	0	0	7323	0	0	0	0	0	0	0	0	0	0	0	351001	0
FFQ	77	0	0	0	0	0	0	0	0	0	0	0	2689	0	0	0	0	0	0	0	0	0	0	0	0	0	7413	0	0	0	0	0	0	0	0	0	0	0	350853	0
FFQ	78	0	0	0	0	0	0	0	0	0	0	0	2664	0	0	0	0	0	0	0	0	0	0	0	0	0	7752	0	0	0	0	0	0	0	0	0	0	0	350539	0
FFQ	79	0	0	0	0	0	0	0	0	0	0	0	2723	0	0	0	0	0	0	0	0	0	0	0	0	0	8013	0	0	0	0	0	0	0	0	0	0	0	350219	0
FFQ	80	0	0	0	0	0	0	0	0	0	0	0	2901	0	0	0	0	0	0	0	0	0	0	0	0	0	8217	0	0	0	0	0	0	0	0	0	0	0	349837	0
FFQ	81	0	0	0	0	0	0	0	0	0	0	0	3046	0	0	0	0	0	0	0	0	0	0	0	0	0	8240	0	0	0	0	0	0	0	0	0	0	0	349669	0
FFQ	82	0	0	0	0	0	0	0	0	0	0	0	2934	0	0	0	0	0	0	0	0	0	0	0	0	0	7622	0	0	0	0	0	0	0	0	0	0	0	350399	0
FFQ	83	0	0	0	0	0	0	0	0	0	0	0	3034	0	0	0	0	0	0	0	0	0	0	0	0	0	8177	0	0	0	0	0	0	0	0	0	0	0	349744	0
FFQ	84	0	0	0	0	0	0	0	0	0	0	0	3015	0	0	0	0	0	0	0	0	0	0	0	0	0	8437	0	0	0	0	0	0	0	0	0	0	0	349503	0
FFQ	85	0	0	0	0	0	0	0	0	0	0	0	3092	0	0	0	0	0	0	0	0	0	0	0	0	0	8851	0	0	0	0	0	0	0	0	0	0	0	349012	0
FFQ	86	0	0	0	0	0	0	0	0	0	0	0	3263	0	0	0	0	0	0	0	0	0	0	0	0	0	9030	0	0	0	0	0	0	0	0	0	0	0	348662	0
FFQ	87	0	0	0	0	0	0	0	0	0	0	0	3231	0	0	0	0	0	0	0	0	0	0	0	0	0	8805	0	0	0	0	0	0	0	0	0	0	0	348919	0
FFQ	88	0	0	0	0	0	0	0	0	0	0	0	3457	0	0	0	0	0	0	0	0	0	0	0	0	0	9385	0	0	0	0	0	0	0	0	0	0	0	348113	0
FFQ	89	0	0	0	0	0	0	0	0	0	0	0	3392	0	0	0	0	0	0	0	0	0	0	0	0	0	9302	0	0	0	0	0	0	0	0	0	0	0	348261	0
FFQ	90	0	0	0	0	0	0	0	0	0	0	0	3490	0	0	0	0	0	0	0	0	0	0	0	0	0	8996	0	0	0	0	0	0	0	0	0	0	0	348469	0
FFQ	91	0	0	0	0	0	0	0	0	0	0	0	3261	0	0	0	0	0	0	0	0	0	0	0	0	0	8716	0	0	0	0	0	0	0	0	0	0	0	348978	0
FFQ	92	0	0	0	0	0	0	0	0	0	0	0	3326	0	0	0	0	0	0	0	0	0	0	0	0	0	8827	0	0	0	0	0	0	0	0	0	0	0	348802	0
FFQ	93	0	0	0	0	0	0	0	0	0	0	0	3308	0	0	0	0	0	0	0	0	0	0	0	0	0	8903	0	0	0	0	0	0	0	0	0	0	0	348744	0
FFQ	94	0	0	0	0	0	0	0	0	0	0	0	3156	0	0	0	0	0	0	0	0	0	0	0	0	0	8260	0	0	0	0	0	0	0	0	0	0	0	349539	0
FFQ	95	0	0	0	0	0	0	0	0	0	0	0	2965	0	0	0	0	0	0	0	0	0	0	0	0	0	8274	0	0	0	0	0	0	0	0	0	0	0	349716	0
FFQ	96	0	0	0	0	0	0	0	0	0	0	0	3156	0	0	0	0	0	0	0	0	0	0	0	0	0	8676	0	0	0	0	0	0	0	0	0	0	0	349123	0
FFQ	97	0	0	0	0	0	0	0	0	0	0	0	3297	0	0	0	0	0	0	0	0	0	0	0	0	0	9121	0	0	0	0	0	0	0	0	0	0	0	348537	0
FFQ	98	0	0	0	0	0	0	0	0	0	0	0	3297	0	0	0	0	0	0	0	0	0	0	0	0	0	8992	0	0	0	0	0	0	0	0	0	0	0	348666	0
FFQ	99	0	0	0	0	0	0	0	0	0	0	0	3275	0	0	0	0	0	0	0	0	0	0	0	0	0	8959	0	0	0	0	0	0	0	0	0	0	0	348721	0
FFQ	100	0	0	0	0	0	0	0	0	0	0	0	3415	0	0	0	0	0	0	0	0	0	0	0	0	0	9275	0	0	0	0	0	0	0	0	0	0	0	348265	0
FFQ	101	0	0	0	0	0	0	0	0	0	0	0	3541	0	0	0	0	0	0	0	0	0	0	0	0	0	9725	0	0	0	0	0	0	0	0	0	0	0	347689	0
FFQ	102	0	0	0	0	0	0	0	0	0	0	0	3477	0	0	0	0	0	0	0	0	0	0	0	0	0	9906	0	0	0	0	0	0	0	0	0	0	0	347572	0
FFQ	103	0	0	0	0	0	0	0	0	0	0	0	3382	0	0	0	0	0	0	0	0	0	0	0	0	0	9185	0	0	0	0	0	0	0	0	0	0	0	348388	0
FFQ	104	0	0	0	0	0	0	0	0	0	0	0	3141	0	0	0	0	0	0	0	0	0	0	0	0	0	9000	0	0	0	0	0	0	0	0	0	0	0	348814	0
FFQ	105	0	0	0	0	0	0	0	0	0	0	0	3165	0	0	0	0	0	0	0	0	0	0	0	0	0	8679	0	0	0	0	0	0	0	0	0	0	0	349111	0
FFQ	106	0	0	0	0	0	0	0	0	0	0	0	3377	0	0	0	0	0	0	0	0	0	0	0	0	0	8926	0	0	0	0	0	0	0	0	0	0	0	348652	0
FFQ	107	0	0	0	0	0	0	0	0	0	0	0	3451	0	0	0	0	0	0	0	0	0	0	0	0	0	9323	0	0	0	0	0	0	0	0	0	0	0	348181	0
FFQ	108	0	0	0	0	0	0	0	0	0	0	0	3591	0	0	0	0	0	0	0	0	0	0	0	0	0	9445	0	0	0	0	0	0	0	0	0	0	0	347919	0
FFQ	109	0	0	0	0	0	0	0	0	0	0	0	3636	0	0	0	0	0	0	0	0	0	0	0	0	0	9637	0	0	0	0	0	0	0	0	0	0	0	347682	0
FFQ	110	0	0	0	0	0	0	0	0	0	0	0	4052	0	0	0	0	0	0	0	0	0	0	0	0	0	10190	0	0	0	0	0	0	0	0	0	0	0	346713	0
FFQ	111	0	0	0	0	0	0	0	0	0	0	0	3506	0	0	0	0	0	0	0	0	0	0	0	0	0	9396	0	0	0	0	0	0	0	0	0	0	0	348053	0
FFQ	112	0	0	0	0	0	0	0	0	0	0	0	3312	0	0	0	0	0	0	0	0	0	0	0	0	0	9259	0	0	0	0	0	0	0	0	0	0	0	348384	0
FFQ	113	0	0	0	0	0	0	0	0	0	0	0	3605	0	0	0	0	0	0	0	0	0	0	0	0	0	9630	0	0	0	0	0	0	0	0	0	0	0	347720	0
FFQ	114	0	0	0	0	0	0	0	0	0	0	0	3933	0	0	0	0	0	0	0	0	0	0	0	0	0	10101	0	0	0	0	0	0	0	0	0	0	0	346921	0
FFQ	115	0	0	0	0	0	0	0	0	0	0	0	3943	0	0	0	0	0	0	0	0	0	0	0	0	0	10876	0	0	0	0	0	0	0	0	0	0	0	346136	0
FFQ	116	0	0	0	0	0	0	0	0	0	0	0	4025	0	0	0	0	0	0	0	0	0	0	0	0	0	10994	0	0	0	0	0	0	0	0	0	0	0	345936	0
FFQ	117	0	0	0	0	0	0	0	0	0	0	0	4589	0	0	0	0	0	0	0	0	0	0	0	0	0	11510	0	0	0	0	0	0	0	0	0	0	0	344856	0
FFQ	118	0	0	0	0	0	0	0	0	0	0	0	4543	0	0	0	0	0	0	0	0	0	0	0	0	0	11629	0	0	0	0	0	0	0	0	0	0	0	344783	0
FFQ	119	0	0	0	0	0	0	0	0	0	0	0	4476	0	0	0	0	0	0	0	0	0	0	0	0	0	11457	0	0	0	0	0	0	0	0	0	0	0	345022	0
FFQ	120	0	0	0	0	0	0	0	0	0	0	0	5255	0	0	0	0	0	0	0	0	0	0	0	0	0	11827	0	0	0	0	0	0	0	0	0	0	0	343873	0
FFQ	121	0	0	0	0	0	0	0	0	0	0	0	5247	0	0	0	0	0	0	0	0	0	0	0	0	0	11602	0	0	0	0	0	0	0	0	0	0	0	344106	0
FFQ	122	0	0	0	0	0	0	0	0	0	0	0	4772	0	0	0	0	0	0	0	0	0	0	0	0	0	11965	0	0	0	0	0	0	0	0	0	0	0	344218	0
FFQ	123	0	0	0	0	0	0	0	0	0	0	0	4816	0	0	0	0	0	0	0	0	0	0	0	0	0	12047	0	0	0	0	0	0	0	0	0	0	0	344092	0
FFQ	124	0	0	0	0	0	0	0	0	0	0	0	5016	0	0	0	0	0	0	0	0	0	0	0	0	0	11995	0	0	0	0	0	0	0	0	0	0	0	343944	0
FFQ	125	0	0	0	0	0	0	0	0	0	0	0	5189	0	0	0	0	0	0	0	0	0	0	0	0	0	13034	0	0	0	0	0	0	0	0	0	0	0	342732	0
FFQ	126	0	0	0	0	0	0	0	0	0	0	0	5185	0	0	0	0	0	0	0	0	0	0	0	0	0	13086	0	0	0	0	0	0	0	0	0	0	0	342684	0
FFQ	127	0	0	0	0	0	0	0	0	0	0	0	4635	0	0	0	0	0	0	0	0	0	0	0	0	0	12148	0	0	0	0	0	0	0	0	0	0	0	344172	0
FFQ	128	0	0	17	0	0	0	0	0	0	0	0	4986	0	0	0	0	0	0	0	0	0	0	0	0	0	12667	0	0	0	0	0	0	0	0	0	0	0	343285	0
FFQ	129	0	0	0	0	0	0	0	0	0	0	0	4761	0	0	0	0	0	0	0	0	0	0	0	0	0	12503	0	0	0	0	0	0	0	0	0	0	0	343691	0
FFQ	130	0	0	0	0	0	0	0	0	0	0	0	4801	0	0	0	0	0	0	0	0	0	0	0	0	0	12459	0	0	0	0	0	0	0	0	0	0	0	343695	0
FFQ	131	0	0	0	0	0	0	0	0	0	0	0	4830	0	0	0	0	0	0	0	0	0	0	0	0	0	12428	0	0	0	0	0	0	0	0	0	0	0	343697	0
FFQ	132	0	0	0	0	0	0	0	0	0	0	0	4823	0	0	0	0	0	0	0	0	0	0	0	0	0	12692	0	0	0	0	0	0	0	0	0	0	0	343440	0
FFQ	133	0	0	0	0	0	0	0	0	0	0	0	4914	0	0	0	0	0	0	0	0	0	0	0	0	0	12761	0	0	0	0	0	0	0	0	0	0	0	343280	0
FFQ	134	0	0	0	0	0	0	0	0	0	0	0	4789	0	0	0	0	0	0	0	0	0	0	0	0	0	12958	0	0	0	0	0	0	0	0	0	0	0	343208	0
FFQ	135	0	0	0	0	0	0	0	0	0	0	0	4627	0	0	0	0	0	0	0	0	0	0	0	0	0	12552	0	0	0	0	0	0	0	0	0	0	0	343776	0
FFQ	136	0	0	0	0	0	0	0	0	0	0	0	5119	0	0	0	0	0	0	0	0	0	0	0	0	0	13578	0	0	0	0	0	0	0	0	0	0	0	342258	0
FFQ	137	0	0	0	0	0	0	0	0	0	0	0	5319	0	0	0	0	0	0	0	0	0	0	0	0	0	13529	0	0	0	0	0	0	0	0	0	0	0	342107	0
FFQ	138	0	0	0	0	0	0	0	0	0	0	0	5716	0	0	0	0	0	0	0	0	0	0	0	0	0	14504	0	0	0	0	0	0	0	0	0	0	0	340735	0
FFQ	139	0	0	0	0	0	0	0	0	0	0	0	7931	0	0	0	0	0	0	0	0	0	0	0	0	0	16474	0	0	0	0	0	0	0	0	0	0	0	336550	0
FFQ	140	0	0	0	0	0	0	0	0	0	0	0	7349	0	0	0	0	0	0	0	0	0	0	0	0	0	15886	0	0	0	0	0	0	0	0	0	0	0	337720	0
FFQ	141	0	0	0	0	0	0	0	0	0	0	0	6324	0	0	0	0	0	0	0	0	0	0	0	0	0	14526	0	0	0	0	0	0	0	0	0	0	0	340105	0
FFQ	142	0	0	0	0	0	0	0	0	0	0	0	5634	0	0	0	0	0	0	0	0	0	0	0	0	0	14227	0	0	0	0	0	0	0	0	0	0	0	341094	0
FFQ	143	0	0	0	0	0	0	0	0	0	0	0	5669	0	0	0	0	0	0	0	0	0	0	0	0	0	14110	0	0	0	0	0	0	0	0	0	0	0	341176	0
FFQ	144	0	0	0	0	0	0	0	0	0	0	0	5822	0	0	0	0	0	0	0	0	0	0	0	0	0	14295	0	0	0	0	0	0	0	0	0	0	0	340838	0
FFQ	145	0	0	0	0	0	0	0	0	0	0	0	6407	0	0	0	0	0	0	0	0	0	0	0	0	0	15701	0	0	0	0	0	0	0	0	0	0	0	338459	0
FFQ	146	0	0	0	0	0	0	0	0	0	0	0	5738	0	0	0	0	0	0	0	0	0	0	0	0	0	14325	0	0	0	0	0	0	0	0	0	0	0	340131	0
FFQ	147	0	0	0	0	0	0	0	0	0	0	0	5820	0	0	0	0	0	0	0	0	0	0	0	0	0	14985	0	0	0	0	0	0	0	0	0	0	0	338726	0
FFQ	148	0	0	0	0	0	0	0	0	0	0	0	5939	0	0	0	0	0	0	0	0	0	0	0	0	0	14939	0	0	0	0	0	0	0	0	0	0	0	329550	0
FFQ	149	0	0	0	0	0	0	0	0	0	0	0	5858	0	0	0	0	0	0	0	0	0	0	0	0	0	14898	0	0	0	0	0	0	0	0	0	0	0	329672	0
FFQ	150	0	0	0	0	0	0	0	0	0	0	0	6296	0	0	0	0	0	0	0	0	0	0	0	0	0	15541	0	0	0	0	0	0	0	0	0	0	0	328559	0
# Last Fragment Qualities. Use `grep ^LFQ | cut -f 2-` to extract this part.
# Columns correspond to qualities and rows to cycles. First column is the cycle number.
LFQ	1	0	0	0	0	0	0	0	0	0	0	0	4017	0	0	0	0	0	0	0	0	0	0	0	0	0	10268	0	0	0	0	0	0	0	0	0	0	0	345818	0
LFQ	2	0	0	0	0	0	0	0	0	0	0	0	4025	0	0	0	0	0	0	0	0	0	0	0	0	0	12899	0	0	0	0	0	0	0	0	0	0	0	343179	0
LFQ	3	0	0	0	0	0	0	0	0	0	0	0	3657	0	0	0	0	0	0	0	0	0	0	0	0	0	10889	0	0	0	0	0	0	0	0	0	0	0	345557	0
LFQ	4	0	0	0	0	0	0	0	0	0	0	0	3219	0	0	0	0	0	0	0	0	0	0	0	0	0	9624	0	0	0	0	0	0	0	0	0	0	0	347260	0
LFQ	5	0	0	0	0	0	0	0	0	0	0	0	2841	0	0	0	0	0	0	0	0	0	0	0	0	0	8681	0	0	0	0	0	0	0	0	0	0	0	348581	0
LFQ	6	0	0	0	0	0	0	0	0	0	0	0	3151	0	0	0	0	0	0	0	0	0	0	0	0	0	9395	0	0	0	0	0	0	0	0	0	0	0	347557	0
LFQ	7	0	0	0	0	0	0	0	0	0	0	0	3439	0	0	0	0	0	0	0	0	0	0	0	0	0	9325	0	0	0	0	0	0	0	0	0	0	0	347339	0
LFQ	8	0	0	0	0	0	0	0	0	0	0	0	2928	0	0	0	0	0	0	0	0	0	0	0	0	0	8473	0	0	0	0	0	0	0	0	0	0	0	348702	0
LFQ	9	0	0	14	0	0	0	0	0	0	0	0	2879	0	0	0	0	0	0	0	0	0	0	0	0	0	8044	0	0	0	0	0	0	0	0	0	0	0	349166	0
LFQ	10	0	0	2	0	0	0	0	0	0	0	0	2870	0	0	0	0	0	0	0	0	0	0	0	0	0	8997	0	0	0	0	0	0	0	0	0	0	0	348234	0
LFQ	11	0	0	0	0	0	0	0	0	0	0	0	2770	0	0	0	0	0	0	0	0	0	0	0	0	0	8622	0	0	0	0	0	0	0	0	0	0	0	348711	0
LFQ	12	0	0	0	0	0	0	0	0	0	0	0	3017	0	0	0	0	0	0	0	0	0	0	0	0	0	8541	0	0	0	0	0	0	0	0	0	0	0	348545	0
LFQ	13	0	0	0	0	0	0	0	0	0	0	0	2780	0	0	0	0	0	0	0	0	0	0	0	0	0	8097	0	0	0	0	0	0	0	0	0	0	0	349226	0
LFQ	14	0	0	0	0	0	0	0	0	0	0	0	2742	0	0	0	0	0	0	0	0	0	0	0	0	0	8253	0	0	0	0	0	0	0	0	0	0	0	349108	0
LFQ	15	0	0	0	0	0	0	0	0	0	0	0	2782	0	0	0	0	0	0	0	0	0	0	0	0	0	8590	0	0	0	0	0	0	0	0	0	0	0	348731	0
LFQ	16	0	0	0	0	0	0	0	0	0	0	0	2753	0	0	0	0	0	0	0	0	0	0	0	0	0	8094	0	0	0	0	0	0	0	0	0	0	0	349256	0
LFQ	17	0	0	0	0	0	0	0	0	0	0	0	2792	0	0	0	0	0	0	0	0	0	0	0	0	0	8599	0	0	0	0	0	0	0	0	0	0	0	348712	0
LFQ	18	0	0	0	0	0	0	0	0	0	0	0	2720	0	0	0	0	0	0	0	0	0	0	0	0	0	8231	0	0	0	0	0	0	0	0	0	0	0	349152	0
LFQ	19	0	0	0	0	0	0	0	0	0	0	0	2809	0	0	0	0	0	0	0	0	0	0	0	0	0	8283	0	0	0	0	0	0	0	0	0	0	0	349011	0
LFQ	20	0	0	0	0	0	0	0	0	0	0	0	2887	0	0	0	0	0	0	0	0	0	0	0	0	0	8399	0	0	0	0	0	0	0	0	0	0	0	348817	0
LFQ	21	0	0	0	0	0	0	0	0	0	0	0	2776	0	0	0	0	0	0	0	0	0	0	0	0	0	8537	0	0	0	0	0	0	0	0	0	0	0	348790	0
LFQ	22	0	0	0	0	0	0	0	0	0	0	0	2984	0	0	0	0	0	0	0	0	0	0	0	0	0	9011	0	0	0	0	0	0	0	0	0	0	0	348108	0
LFQ	23	0	0	0	0	0	0	0	0	0	0	0	2969	0	0	0	0	0	0	0	0	0	0	0	0	0	8774	0	0	0	0	0	0	0	0	0	0	0	348360	0
LFQ	24	0	0	0	0	0	0	0	0	0	0	0	2972	0	0	0	0	0	0	0	0	0	0	0	0	0	8918	0	0	0	0	0	0	0	0	0	0	0	348213	0
LFQ	25	0	0	0	0	0	0	0	0	0	0	0	3257	0	0	0	0	0	0	0	0	0	0	0	0	0	10035	0	0	0	0	0	0	0	0	0	0	0	346811	0
LFQ	26	0	0	0	0	0	0	0	0	0	0	0	3171	0	0	0	0	0	0	0	0	0	0	0	0	0	9887	0	0	0	0	0	0	0	0	0	0	0	347045	0
LFQ	27	0	0	0	0	0	0	0	0	0	0	0	3281	0	0	0	0	0	0	0	0	0	0	0	0	0	9972	0	0	0	0	0	0	0	0	0	0	0	346850	0
LFQ	28	0	0	0	0	0	0	0	0	0	0	0	3350	0	0	0	0	0	0	0	0	0	0	0	0	0	10103	0	0	0	0	0	0	0	0	0	0	0	346650	0
LFQ	29	0	0	0	0	0	0	0	0	0	0	0	3433	0	0	0	0	0	0	0	0	0	0	0	0	0	9844	0	0	0	0	0	0	0	0	0	0	0	346826	0
LFQ	30	0	0	0	0	0	0	0	0	0	0	0	3635	0	0	0	0	0	0	0	0	0	0	0	0	0	10288	0	0	0	0	0	0	0	0	0	0	0	346180	0
LFQ	31	0	0	0	0	0	0	0	0	0	0	0	3382	0	0	0	0	0	0	0	0	0	0	0	0	0	9743	0	0	0	0	0	0	0	0	0	0	0	346978	0
LFQ	32	0	0	0	0	0	0	0	0	0	0	0	3726	0	0	0	0	0	0	0	0	0	0	0	0	0	10598	0	0	0	0	0	0	0	0	0	0	0	345779	0
LFQ	33	0	0	0	0	0	0	0	0	0	0	0	3395	0	0	0	0	0	0	0	0	0	0	0	0	0	10253	0	0	0	0	0	0	0	0	0	0	0	346455	0
LFQ	34	0	0	0	0	0	0	0	0	0	0	0	3167	0	0	0	0	0	0	0	0	0	0	0	0	0	9899	0	0	0	0	0	0	0	0	0	0	0	347037	0
LFQ	35	0	0	0	0	0	0	0	0	0	0	0	3218	0	0	0	0	0	0	0	0	0	0	0	0	0	9810	0	0	0	0	0	0	0	0	0	0	0	347075	0
LFQ	36	0	0	0	0	0	0	0	0	0	0	0	3368	0	0	0	0	0	0	0	0	0	0	0	0	0	10078	0	0	0	0	0	0	0	0	0	0	0	346657	0
LFQ	37	0	0	11	0	0	0	0	0	0	0	0	3426	0	0	0	0	0	0	0	0	0	0	0	0	0	10117	0	0	0	0	0	0	0	0	0	0	0	346549	0
LFQ	38	0	0	0	0	0	0	0	0	0	0	0	3666	0	0	0	0	0	0	0	0	0	0	0	0	0	10443	0	0	0	0	0	0	0	0	0	0	0	345994	0
LFQ	39	0	0	0	0	0	0	0	0	0	0	0	3750	0	0	0	0	0	0	0	0	0	0	0	0	0	10636	0	0	0	0	0	0	0	0	0	0	0	345717	0
LFQ	40	0	0	0	0	0	0	0	0	0	0	0	3589	0	0	0	0	0	0	0	0	0	0	0	0	0	10380	0	0	0	0	0	0	0	0	0	0	0	346134	0
LFQ	41	0	0	12	0	0	0	0	0	0	0	0	3659	0	0	0	0	0	0	0	0	0	0	0	0	0	10857	0	0	0	0	0	0	0	0	0	0	0	345575	0
LFQ	42	0	0	0	0	0	0	0	0	0	0	0	3923	0	0	0	0	0	0	0	0	0	0	0	0	0	11030	0	0	0	0	0	0	0	0	0	0	0	345150	0
LFQ	43	0	0	0	0	0	0	0	0	0	0	0	3828	0	0	0	0	0	0	0	0	0	0	0	0	0	10877	0	0	0	0	0	0	0	0	0	0	0	345398	0
LFQ	44	0	0	0	0	0	0	0	0	0	0	0	3890	0	0	0	0	0	0	0	0	0	0	0	0	0	10726	0	0	0	0	0	0	0	0	0	0	0	345487	0
LFQ	45	0	0	0	0	0	0	0	0	0	0	0	3765	0	0	0	0	0	0	0	0	0	0	0	0	0	10848	0	0	0	0	0	0	0	0	0	0	0	345490	0
LFQ	46	0	0	0	0	0	0	0	0	0	0	0	3575	0	0	0	0	0	0	0	0	0	0	0	0	0	10288	0	0	0	0	0	0	0	0	0	0	0	346240	0
LFQ	47	0	0	0	0	0	0	0	0	0	0	0	3770	0	0	0	0	0	0	0	0	0	0	0	0	0	10919	0	0	0	0	0	0	0	0	0	0	0	345414	0
LFQ	48	0	0	0	0	0	0	0	0	0	0	0	3670	0	0	0	0	0	0	0	0	0	0	0	0	0	10785	0	0	0	0	0	0	0	0	0	0	0	345648	0
LFQ	49	0	0	0	0	0	0	0	0	0	0	0	3885	0	0	0	0	0	0	0	0	0	0	0	0	0	11157	0	0	0	0	0	0	0	0	0	0	0	345061	0
LFQ	50	0	0	0	0	0	0	0	0	0	0	0	3969	0	0	0	0	0	0	0	0	0	0	0	0	0	11033	0	0	0	0	0	0	0	0	0	0	0	345101	0
LFQ	51	0	0	0	0	0	0	0	0	0	0	0	4232	0	0	0	0	0	0	0	0	0	0	0	0	0	11631	0	0	0	0	0	0	0	0	0	0	0	344240	0
LFQ	52	0	0	0	0	0	0	0	0	0	0	0	4042	0	0	0	0	0	0	0	0	0	0	0	0	0	11305	0	0	0	0	0	0	0	0	0	0	0	344756	0
LFQ	53	0	0	0	0	0	0	0	0	0	0	0	4084	0	0	0	0	0	0	0	0	0	0	0	0	0	11270	0	0	0	0	0	0	0	0	0	0	0	344749	0
LFQ	54	0	0	0	0	0	0	0	0	0	0	0	3885	0	0	0	0	0	0	0	0	0	0	0	0	0	10830	0	0	0	0	0	0	0	0	0	0	0	345388	0
LFQ	55	0	0	0	0	0	0	0	0	0	0	0	3765	0	0	0	0	0	0	0	0	0	0	0	0	0	10932	0	0	0	0	0	0	0	0	0	0	0	345406	0
LFQ	56	0	0	0	0	0	0	0	0	0	0	0	3996	0	0	0	0	0	0	0	0	0	0	0	0	0	11185	0	0	0	0	0	0	0	0	0	0	0	344922	0
LFQ	57	0	0	0	0	0	0	0	0	0	0	0	4033	0	0	0	0	0	0	0	0	0	0	0	0	0	11573	0	0	0	0	0	0	0	0	0	0	0	344497	0
LFQ	58	0	0	0	0	0	0	0	0	0	0	0	3904	0	0	0	0	0	0	0	0	0	0	0	0	0	11689	0	0	0	0	0	0	0	0	0	0	0	344510	0
LFQ	59	0	0	0	0	0	0	0	0	0	0	0	4217	0	0	0	0	0	0	0	0	0	0	0	0	0	11921	0	0	0	0	0	0	0	0	0	0	0	343965	0
LFQ	60	0	0	0	0	0	0	0	0	0	0	0	4088	0	0	0	0	0	0	0	0	0	0	0	0	0	11732	0	0	0	0	0	0	0	0	0	0	0	344283	0
LFQ	61	0	0	0	0	0	0	0	0	0	0	0	4281	0	0	0	0	0	0	0	0	0	0	0	0	0	11826	0	0	0	0	0	0	0	0	0	0	0	343996	0
LFQ	62	0	0	0	0	0	0	0	0	0	0	0	4196	0	0	0	0	0	0	0	0	0	0	0	0	0	12034	0	0	0	0	0	0	0	0	0	0	0	343873	0
LFQ	63	0	0	0	0	0	0	0	0	0	0	0	4571	0	0	0	0	0	0	0	0	0	0	0	0	0	12584	0	0	0	0	0	0	0	0	0	0	0	342948	0
LFQ	64	0	0	0	0	0	0	0	0	0	0	0	4931	0	0	0	0	0	0	0	0	0	0	0	0	0	13207	0	0	0	0	0	0	0	0	0	0	0	341965	0
LFQ	65	0	0	1	0	0	0	0	0	0	0	0	4687	0	0	0	0	0	0	0	0	0	0	0	0	0	13309	0	0	0	0	0	0	0	0	0	0	0	342106	0
LFQ	66	0	0	0	0	0	0	0	0	0	0	0	4572	0	0	0	0	0	0	0	0	0	0	0	0	0	13003	0	0	0	0	0	0	0	0	0	0	0	342528	0
LFQ	67	0	0	0	0	0	0	0	0	0	0	0	4942	0	0	0	0	0	0	0	0	0	0	0	0	0	13265	0	0	0	0	0	0	0	0	0	0	0	341896	0
LFQ	68	0	0	0	0	0	0	0	0	0	0	0	4773	0	0	0	0	0	0	0	0	0	0	0	0	0	12780	0	0	0	0	0	0	0	0	0	0	0	342550	0
LFQ	69	0	0	0	0	0	0	0	0	0	0	0	4689	0	0	0	0	0	0	0	0	0	0	0	0	0	12893	0	0	0	0	0	0	0	0	0	0	0	342521	0
LFQ	70	0	0	0	0	0	0	0	0	0	0	0	5137	0	0	0	0	0	0	0	0	0	0	0	0	0	13853	0	0	0	0	0	0	0	0	0	0	0	341113	0
LFQ	71	0	0	16	0	0	0	0	0	0	0	0	4359	0	0	0	0	0	0	0	0	0	0	0	0	0	12491	0	0	0	0	0	0	0	0	0	0	0	343237	0
LFQ	72	0	0	0	0	0	0	0	0	0	0	0	4900	0	0	0	0	0	0	0	0	0	0	0	0	0	13196	0	0	0	0	0	0	0	0	0	0	0	342007	0
LFQ	73	0	0	0	0	0	0	0	0	0	0	0	4849	0	0	0	0	0	0	0	0	0	0	0	0	0	13174	0	0	0	0	0	0	0	0	0	0	0	342080	0
LFQ	74	0	0	0	0	0	0	0	0	0	0	0	4526	0	0	0	0	0	0	0	0	0	0	0	0	0	13114	0	0	0	0	0	0	0	0	0	0	0	342463	0
LFQ	75	0	0	0	0	0	0	0	0	0	0	0	4798	0	0	0	0	0	0	0	0	0	0	0	0	0	13430	0	0	0	0	0	0	0	0	0	0	0	341875	0
LFQ	76	0	0	0	0	0	0	0	0	0	0	0	4772	0	0	0	0	0	0	0	0	0	0	0	0	0	13555	0	0	0	0	0	0	0	0	0	0	0	341776	0
LFQ	77	0	0	5	0	0	0	0	0	0	0	0	4830	0	0	0	0	0	0	0	0	0	0	0	0	0	13530	0	0	0	0	0	0	0	0	0	0	0	341738	0
LFQ	78	0	0	0	0	0	0	0	0	0	0	0	4437	0	0	0	0	0	0	0	0	0	0	0	0	0	12885	0	0	0	0	0	0	0	0	0	0	0	342781	0
LFQ	79	0	0	0	0	0	0	0	0	0	0	0	4753	0	0	0	0	0	0	0	0	0	0	0	0	0	13463	0	0	0	0	0	0	0	0	0	0	0	341887	0
LFQ	80	0	0	0	0	0	0	0	0	0	0	0	5080	0	0	0	0	0	0	0	0	0	0	0	0	0	13571	0	0	0	0	0	0	0	0	0	0	0	341452	0
LFQ	81	0	0	0	0	0	0	0	0	0	0	0	4765	0	0	0	0	0	0	0	0	0	0	0	0	0	13025	0	0	0	0	0	0	0	0	0	0	0	342313	0
LFQ	82	0	0	0	0	0	0	0	0	0	0	0	5075	0	0	0	0	0	0	0	0	0	0	0	0	0	13627	0	0	0	0	0	0	0	0	0	0	0	341401	0
LFQ	83	0	0	0	0	0	0	0	0	0	0	0	5167	0	0	0	0	0	0	0	0	0	0	0	0	0	14360	0	0	0	0	0	0	0	0	0	0	0	340576	0
LFQ	84	0	0	0	0	0	0	0	0	0	0	0	4869	0	0	0	0	0	0	0	0	0	0	0	0	0	13339	0	0	0	0	0	0	0	0	0	0	0	341895	0
LFQ	85	0	0	0	0	0	0	0	0	0	0	0	5059	0	0	0	0	0	0	0	0	0	0	0	0	0	13514	0	0	0	0	0	0	0	0	0	0	0	341530	0
LFQ	86	0	0	0	0	0	0	0	0	0	0	0	4647	0	0	0	0	0	0	0	0	0	0	0	0	0	13404	0	0	0	0	0	0	0	0	0	0	0	342052	0
LFQ	87	0	0	15	0	0	0	0	0	0	0	0	5221	0	0	0	0	0	0	0	0	0	0	0	0	0	14180	0	0	0	0	0	0	0	0	0	0	0	340687	0
LFQ	88	0	0	0	0	0	0	0	0	0	0	0	5656	0	0	0	0	0	0	0	0	0	0	0	0	0	15048	0	0	0	0	0	0	0	0	0	0	0	339399	0
LFQ	89	0	0	0	0	0	0	0	0	0	0	0	5706	0	0	0	0	0	0	0	0	0	0	0	0	0	15258	0	0	0	0	0	0	0	0	0	0	0	339139	0
LFQ	90	0	0	0	0	0	0	0	0	0	0	0	5520	0	0	0	0	0	0	0	0	0	0	0	0	0	14680	0	0	0	0	0	0	0	0	0	0	0	339903	0
LFQ	91	0	0	0	0	0	0	0	0	0	0	0	5764	0	0	0	0	0	0	0	0	0	0	0	0	0	15084	0	0	0	0	0	0	0	0	0	0	0	339255	0
LFQ	92	0	0	0	0	0	0	0	0	0	0	0	5664	0	0	0	0	0	0	0	0	0	0	0	0	0	15103	0	0	0	0	0	0	0	0	0	0	0	339336	0
LFQ	93	0	0	0	0	0	0	0	0	0	0	0	5863	0	0	0	0	0	0	0	0	0	0	0	0	0	15568	0	0	0	0	0	0	0	0	0	0	0	338672	0
LFQ	94	0	0	0	0	0	0	0	0	0	0	0	5956	0	0	0	0	0	0	0	0	0	0	0	0	0	15396	0	0	0	0	0	0	0	0	0	0	0	338751	0
LFQ	95	0	0	0	0	0	0	0	0	0	0	0	5927	0	0	0	0	0	0	0	0	0	0	0	0	0	15306	0	0	0	0	0	0	0	0	0	0	0	338870	0
LFQ	96	0	0	0	0	0	0	0	0	0	0	0	6095	0	0	0	0	0	0	0	0	0	0	0	0	0	15948	0	0	0	0	0	0	0	0	0	0	0	338060	0
LFQ	97	0	0	12	0	0	0	0	0	0	0	0	5797	0	0	0	0	0	0	0	0	0	0	0	0	0	15367	0	0	0	0	0	0	0	0	0	0	0	338927	0
LFQ	98	0	0	0	0	0	0	0	0	0	0	0	5848	0	0	0	0	0	0	0	0	0	0	0	0	0	15426	0	0	0	0	0	0	0	0	0	0	0	338829	0
LFQ	99	0	0	0	0	0	0	0	0	0	0	0	6320	0	0	0	0	0	0	0	0	0	0	0	0	0	16446	0	0	0	0	0	0	0	0	0	0	0	337337	0
LFQ	100	0	0	0	0	0	0	0	0	0	0	0	5988	0	0	0	0	0	0	0	0	0	0	0	0	0	15667	0	0	0	0	0	0	0	0	0	0	0	338448	0
LFQ	101	0	0	0	0	0	0	0	0	0	0	0	5810	0	0	0	0	0	0	0	0	0	0	0	0	0	15340	0	0	0	0	0	0	0	0	0	0	0	338953	0
LFQ	102	0	0	0	0	0	0	0	0	0	0	0	5830	0	0	0	0	0	0	0	0	0	0	0	0	0	15781	0	0	0	0	0	0	0	0	0	0	0	338492	0
LFQ	103	0	0	0	0	0	0	0	0	0	0	0	6321	0	0	0	0	0	0	0	0	0	0	0	0	0	16132	0	0	0	0	0	0	0	0	0	0	0	337650	0
LFQ	104	0	0	0	0	0	0	0	0	0	0	0	6132	0	0	0	0	0	0	0	0	0	0	0	0	0	16170	0	0	0	0	0	0	0	0	0	0	0	337801	0
LFQ	105	0	0	0	0	0	0	0	0	0	0	0	6104	0	0	0	0	0	0	0	0	0	0	0	0	0	16178	0	0	0	0	0	0	0	0	0	0	0	337821	0
LFQ	106	0	0	0	0	0	0	0	0	0	0	0	6066	0	0	0	0	0	0	0	0	0	0	0	0	0	15903	0	0	0	0	0	0	0	0	0	0	0	338134	0
LFQ	107	0	0	0	0	0	0	0	0	0	0	0	6010	0	0	0	0	0	0	0	0	0	0	0	0	0	15661	0	0	0	0	0	0	0	0	0	0	0	338432	0
LFQ	108	0	0	0	0	0	0	0	0	0	0	0	6666	0	0	0	0	0	0	0	0	0	0	0	0	0	16933	0	0	0	0	0	0	0	0	0	0	0	336504	0
LFQ	109	0	0	0	0	0	0	0	0	0	0	0	6367	0	0	0	0	0	0	0	0	0	0	0	0	0	16174	0	0	0	0	0	0	0	0	0	0	0	337562	0
LFQ	110	0	0	0	0	0	0	0	0	0	0	0	7191	0	0	0	0	0	0	0	0	0	0	0	0	0	17725	0	0	0	0	0	0	0	0	0	0	0	335187	0
LFQ	111	0	0	0	0	0	0	0	0	0	0	0	6867	0	0	0	0	0	0	0	0	0	0	0	0	0	17592	0	0	0	0	0	0	0	0	0	0	0	335644	0
LFQ	112	0	0	6	0	0	0	0	0	0	0	0	6911	0	0	0	0	0	0	0	0	0	0	0	0	0	17251	0	0	0	0	0	0	0	0	0	0	0	335935	0
LFQ	113	0	0	0	0	0	0	0	0	0	0	0	6538	0	0	0	0	0	0	0	0	0	0	0	0	0	17253	0	0	0	0	0	0	0	0	0	0	0	336312	0
LFQ	114	0	0	0	0	0	0	0	0	0	0	0	7030	0	0	0	0	0	0	0	0	0	0	0	0	0	17806	0	0	0	0	0	0	0	0	0	0	0	335267	0
LFQ	115	0	0	0	0	0	0	0	0	0	0	0	7492	0	0	0	0	0	0	0	0	0	0	0	0	0	18357	0	0	0	0	0	0	0	0	0	0	0	334254	0
LFQ	116	0	0	6	0	0	0	0	0	0	0	0	6979	0	0	0	0	0	0	0	0	0	0	0	0	0	17277	0	0	0	0	0	0	0	0	0	0	0	335841	0
LFQ	117	0	0	0	0	0	0	0	0	0	0	0	7253	0	0	0	0	0	0	0	0	0	0	0	0	0	17837	0	0	0	0	0	0	0	0	0	0	0	335013	0
LFQ	118	0	0	22	0	0	0	0	0	0	0	0	7433	0	0	0	0	0	0	0	0	0	0	0	0	0	18037	0	0	0	0	0	0	0	0	0	0	0	334611	0
LFQ	119	0	0	2	0	0	0	0	0	0	0	0	7600	0	0	0	0	0	0	0	0	0	0	0	0	0	18132	0	0	0	0	0	0	0	0	0	0	0	334369	0
LFQ	120	0	0	0	0	0	0	0	0	0	0	0	7922	0	0	0	0	0	0	0	0	0	0	0	0	0	18980	0	0	0	0	0	0	0	0	0	0	0	333201	0
LFQ	121	0	0	18	0	0	0	0	0	0	0	0	7650	0	0	0	0	0	0	0	0	0	0	0	0	0	18340	0	0	0	0	0	0	0	0	0	0	0	334095	0
LFQ	122	0	0	0	0	0	0	0	0	0	0	0	7525	0	0	0	0	0	0	0	0	0	0	0	0	0	18369	0	0	0	0	0	0	0	0	0	0	0	334209	0
LFQ	123	0	0	0	0	0	0	0	0	0	0	0	7902	0	0	0	0	0	0	0	0	0	0	0	0	0	18736	0	0	0	0	0	0	0	0	0	0	0	333465	0
LFQ	124	0	0	0	0	0	0	0	0	0	0	0	8686	0	0	0	0	0	0	0	0	0	0	0	0	0	20546	0	0	0	0	0	0	0	0	0	0	0	330871	0
LFQ	125	0	0	0	0	0	0	0	0	0	0	0	8786	0	0	0	0	0	0	0	0	0	0	0	0	0	20282	0	0	0	0	0	0	0	0	0	0	0	331035	0
LFQ	126	0	0	0	0	0	0	0	0	0	0	0	8907	0	0	0	0	0	0	0	0	0	0	0	0	0	19850	0	0	0	0	0	0	0	0	0	0	0	331346	0
LFQ	127	0	0	0	0	0	0	0	0	0	0	0	8144	0	0	0	0	0	0	0	0	0	0	0	0	0	19448	0	0	0	0	0	0	0	0	0	0	0	332511	0
LFQ	128	0	0	0	0	0	0	0	0	0	0	0	8287	0	0	0	0	0	0	0	0	0	0	0	0	0	20438	0	0	0	0	0	0	0	0	0	0	0	331378	0
LFQ	129	0	0	0	0	0	0	0	0	0	0	0	8855	0	0	0	0	0	0	0	0	0	0	0	0	0	20846	0	0	0	0	0	0	0	0	0	0	0	330402	0
LFQ	130	0	0	0	0	0	0	0	0	0	0	0	9307	0	0	0	0	0	0	0	0	0	0	0	0	0	21374	0	0	0	0	0	0	0	0	0	0	0	329422	0
LFQ	131	0	0	0	0	0	0	0	0	0	0	0	9944	0	0	0	0	0	0	0	0	0	0	0	0	0	21992	0	0	0	0	0	0	0	0	0	0	0	328167	0
LFQ	132	0	0	0	0	0	0	0	0	0	0	0	10141	0	0	0	0	0	0	0	0	0	0	0	0	0	22218	0	0	0	0	0	0	0	0	0	0	0	327744	0
LFQ	133	0	0	0	0	0	0	0	0	0	0	0	9841	0	0	0	0	0	0	0	0	0	0	0	0	0	21681	0	0	0	0	0	0	0	0	0	0	0	328581	0
LFQ	134	0	0	0	0	0	0	0	0	0	0	0	9290	0	0	0	0	0	0	0	0	0	0	0	0	0	21012	0	0	0	0	0	0	0	0	0	0	0	329801	0
LFQ	135	0	0	0	0	0	0	0	0	0	0	0	8776	0	0	0	0	0	0	0	0	0	0	0	0	0	20845	0	0	0	0	0	0	0	0	0	0	0	330482	0
LFQ	136	0	0	0	0	0	0	0	0	0	0	0	9292	0	0	0	0	0	0	0	0	0	0	0	0	0	21622	0	0	0	0	0	0	0	0	0	0	0	329189	0
LFQ	137	0	0	0	0	0	0	0	0	0	0	0	10080	0	0	0	0	0	0	0	0	0	0	0	0	0	22978	0	0	0	0	0	0	0	0	0	0	0	327045	0
LFQ	138	0	0	0	0	0	0	0	0	0	0	0	9264	0	0	0	0	0	0	0	0	0	0	0	0	0	21481	0	0	0	0	0	0	0	0	0	0	0	329167	0
LFQ	139	0	0	0	0	0	0	0	0	0	0	0	8736	0	0	0	0	0	0	0	0	0	0	0	0	0	20571	0	0	0	0	0	0	0	0	0	0	0	330432	0
LFQ	140	0	0	0	0	0	0	0	0	0	0	0	10374	0	0	0	0	0	0	0	0	0	0	0	0	0	22444	0	0	0	0	0	0	0	0	0	0	0	326697	0
LFQ	141	0	0	0	0	0	0	0	0	0	0	0	11450	0	0	0	0	0	0	0	0	0	0	0	0	0	24559	0	0	0	0	0	0	0	0	0	0	0	323303	0
LFQ	142	0	0	0	0	0	0	0	0	0	0	0	11820	0	0	0	0	0	0	0	0	0	0	0	0	0	24336	0	0	0	0	0	0	0	0	0	0	0	322952	0
LFQ	143	0	0	0	0	0	0	0	0	0	0	0	10775	0	0	0	0	0	0	0	0	0	0	0	0	0	23611	0	0	0	0	0	0	0	0	0	0	0	324547	0
LFQ	144	0	0	0	0	0	0	0	0	0	0	0	10990	0	0	0	0	0	0	0	0	0	0	0	0	0	23312	0	0	0	0	0	0	0	0	0	0	0	324413	0
LFQ	145	0	0	16	0	0	0	0	0	0	0	0	10197	0	0	0	0	0	0	0	0	0	0	0	0	0	22786	0	0	0	0	0	0	0	0	0	0	0	325460	0
LFQ	146	0	0	0	0	0	0	0	0	0	0	0	10544	0	0	0	0	0	0	0	0	0	0	0	0	0	23132	0	0	0	0	0	0	0	0	0	0	0	324464	0
LFQ	147	0	0	0	0	0	0	0	0	0	0	0	10708	0	0	0	0	0	0	0	0	0	0	0	0	0	23566	0	0	0	0	0	0	0	0	0	0	0	322745	0
LFQ	148	0	0	0	0	0	0	0	0	0	0	0	10017	0	0	0	0	0	0	0	0	0	0	0	0	0	22296	0	0	0	0	0	0	0	0	0	0	0	313167	0
LFQ	149	0	0	0	0	0	0	0	0	0	0	0	10717	0	0	0	0	0	0	0	0	0	0	0	0	0	22615	0	0	0	0	0	0	0	0	0	0	0	312148	0
LFQ	150	0	0	0	0	0	0	0	0	0	0	0	10876	0	0	0	0	0	0	0	0	0	0	0	0	0	23194	0	0	0	0	0	0	0	0	0	0	0	311173	0
# GC Content of first fragments. Use `grep ^GCF | cut -f 2-` to extract this part.
GCF	3.27	0
GCF	6.78	2
GCF	7.29	0
GCF	8.04	1
GCF	16.58	0
GCF	24.87	3
GCF	25.38	0
GCF	26.13	3
GCF	27.14	1
GCF	28.14	6
GCF	28.89	4
GCF	29.40	8
GCF	29.90	20
GCF	30.40	21
GCF	30.90	143
GCF	31.41	168
GCF	31.91	254
GCF	32.41	261
GCF	32.91	2236
GCF	33.42	6811
GCF	33.92	14554
GCF	34.42	35377
GCF	34.92	35209
GCF	35.43	20555
GCF	35.93	15283
GCF	36.43	14492
GCF	36.93	14832
GCF	37.44	20846
GCF	37.94	17688
GCF	38.44	20280
GCF	38.94	19864
GCF	39.45	22681
GCF	39.95	19993
GCF	40.45	26786
GCF	40.95	27484
GCF	41.46	28887
GCF	41.96	22349
GCF	42.46	11959
GCF	42.96	11745
GCF	43.47	26600
GCF	43.97	12304
GCF	44.47	7909
GCF	44.97	8227
GCF	45.48	6112
GCF	45.98	2800
GCF	46.48	3645
GCF	46.98	3599
GCF	47.49	346
GCF	47.99	24
GCF	48.99	3
GCF	50.00	0
GCF	50.75	1
GCF	51.51	2
GCF	52.01	0
GCF	53.02	2
GCF	54.02	3
GCF	54.77	0
GCF	55.53	1
GCF	56.03	0
GCF	56.78	3
GCF	57.54	1
GCF	58.04	0
GCF	58.79	1
GCF	64.82	0
GCF	70.60	1
GCF	74.87	0
GCF	79.40	1
# GC Content of last fragments. Use `grep ^GCL | cut -f 2-` to extract this part.
GCL	0.25	0
GCL	1.01	2
GCL	2.01	1
GCL	2.76	2
GCL	3.27	1
GCL	4.02	2
GCL	4.77	3
GCL	5.28	2
GCL	6.28	0
GCL	8.04	1
GCL	9.80	2
GCL	10.80	0
GCL	11.31	5
GCL	12.06	2
GCL	12.81	1
GCL	13.32	0
GCL	14.07	7
GCL	15.08	1
GCL	16.08	2
GCL	16.83	5
GCL	17.34	3
GCL	18.09	2
GCL	18.84	5
GCL	19.35	6
GCL	19.85	9
GCL	20.35	8
GCL	20.85	4
GCL	21.36	7
GCL	21.86	8
GCL	22.61	9
GCL	23.37	6
GCL	23.87	12
GCL	24.37	13
GCL	24.87	10
GCL	25.38	15
GCL	26.13	14
GCL	26.88	11
GCL	27.39	28
GCL	27.89	24
GCL	28.39	23
GCL	28.89	22
GCL	29.40	39
GCL	29.90	107
GCL	30.40	112
GCL	30.90	906
GCL	31.41	1331
GCL	31.91	1404
GCL	32.41	1874
GCL	32.91	6121
GCL	33.42	9161
GCL	33.92	18539
GCL	34.42	20608
GCL	34.92	20426
GCL	35.43	19908
GCL	35.93	19124
GCL	36.43	20176
GCL	36.93	20293
GCL	37.44	21983
GCL	37.94	19819
GCL	38.44	18161
GCL	38.94	18062
GCL	39.45	18419
GCL	39.95	18700
GCL	40.45	18287
GCL	40.95	18304
GCL	41.46	23922
GCL	41.96	18265
GCL	42.46	17962
GCL	42.96	17551
GCL	43.47	20728
GCL	43.97	14648
GCL	44.47	15597
GCL	44.97	15288
GCL	45.48	11372
GCL	45.98	3499
GCL	46.48	1823
GCL	46.98	1807
GCL	47.49	147
GCL	47.99	39
GCL	48.74	14
GCL	49.50	7
GCL	50.00	11
GCL	50.75	13
GCL	51.51	11
GCL	52.01	7
GCL	52.51	11
GCL	53.02	12
GCL	53.52	7
GCL	54.02	3
GCL	54.77	4
GCL	55.53	6
GCL	56.53	3
GCL	57.54	1
GCL	58.04	6
GCL	58.79	5
GCL	59.55	0
GCL	60.05	1
GCL	60.80	2
GCL	61.56	1
GCL	62.06	2
GCL	63.07	0
GCL	64.07	1
GCL	64.82	0
GCL	65.58	4
GCL	66.08	0
GCL	66.58	2
GCL	67.34	1
GCL	68.09	0
GCL	68.59	1
GCL	69.85	0
GCL	71.61	1
GCL	72.61	0
GCL	73.37	1
GCL	74.12	0
GCL	74.62	1
GCL	76.88	0
GCL	79.40	1
GCL	81.41	0
GCL	83.67	1
GCL	90.20	0
GCL	96.23	1
GCL	96.73	0
GCL	97.49	2
# ACGT content per cycle. Use `grep ^GCC | cut -f 2-` to extract this part. The columns are: cycle; A,C,G,T base counts as a percentage of all A/C/G/T bases [%]; and N and O counts as a percentage of all A/C/G/T bases [%]
GCC	1	22.45	25.14	35.30	17.10	0.00	0.00
GCC	2	29.69	16.08	30.50	23.72	0.00	0.00
GCC	3	28.85	16.12	32.09	22.95	0.00	0.00
GCC	4	30.56	18.27	28.70	22.47	0.00	0.00
GCC	5	29.45	17.36	26.36	26.83	0.00	0.00
GCC	6	33.63	17.23	22.28	26.87	0.02	0.00
GCC	7	29.90	15.10	18.70	36.29	0.00	0.00
GCC	8	29.78	16.16	21.48	32.58	0.01	0.00
GCC	9	29.92	14.91	22.92	32.24	0.00	0.00
GCC	10	34.11	12.20	20.15	33.53	0.00	0.00
GCC	11	28.74	15.55	23.16	32.55	0.00	0.00
GCC	12	26.46	17.48	25.03	31.03	0.00	0.00
GCC	13	27.26	16.32	23.21	33.21	0.00	0.00
GCC	14	29.58	17.44	21.17	31.80	0.00	0.00
GCC	15	31.03	18.21	20.39	30.37	0.00	0.00
GCC	16	31.87	15.09	22.53	30.52	0.00	0.00
GCC	17	30.98	16.01	22.30	30.71	0.00	0.00
GCC	18	32.31	16.01	21.88	29.80	0.00	0.00
GCC	19	29.38	16.33	22.50	31.78	0.00	0.00
GCC	20	29.34	16.64	24.73	29.29	0.00	0.00
GCC	21	30.30	16.91	23.31	29.49	0.00	0.00
GCC	22	28.11	16.65	23.30	31.93	0.00	0.00
GCC	23	31.76	15.56	22.62	30.06	0.00	0.00
GCC	24	29.34	17.07	23.06	30.53	0.00	0.00
GCC	25	28.37	16.18	21.61	33.84	0.00	0.00
GCC	26	30.40	17.01	21.26	31.33	0.00	0.00
GCC	27	28.94	15.43	23.89	31.74	0.00	0.00
GCC	28	28.83	14.18	25.10	31.89	0.00	0.00
GCC	29	30.29	16.21	20.61	32.90	0.00	0.00
GCC	30	29.66	15.78	23.48	31.09	0.00	0.00
GCC	31	29.63	16.67	22.48	31.22	0.00	0.00
GCC	32	29.64	16.41	23.91	30.04	0.00	0.00
GCC	33	30.63	16.84	22.60	29.93	0.00	0.00
GCC	34	32.04	17.12	22.58	28.26	0.00	0.00
GCC	35	30.13	15.77	23.48	30.62	0.00	0.00
GCC	36	30.19	16.46	21.49	31.86	0.00	0.00
GCC	37	29.24	15.36	24.21	31.19	0.00	0.00
GCC	38	28.68	17.58	22.23	31.50	0.00	0.00
GCC	39	29.20	16.38	22.56	31.86	0.00	0.00
GCC	40	29.34	14.58	25.12	30.96	0.00	0.00
GCC	41	30.88	15.24	24.59	29.28	0.00	0.00
GCC	42	32.20	15.84	22.98	28.99	0.00	0.00
GCC	43	27.62	16.69	23.68	32.02	0.00	0.00
GCC	44	29.87	16.92	22.85	30.37	0.00	0.00
GCC	45	30.69	15.23	22.53	31.55	0.00	0.00
GCC	46	31.28	15.12	20.30	33.31	0.00	0.00
GCC	47	31.95	15.67	21.58	30.80	0.00	0.00
GCC	48	31.22	16.97	20.89	30.93	0.00	0.00
GCC	49	30.97	16.20	23.67	29.16	0.00	0.00
GCC	50	31.13	16.99	22.84	29.04	0.00	0.00
GCC	51	32.27	16.28	22.27	29.18	0.00	0.00
GCC	52	32.75	16.24	22.05	28.96	0.00	0.00
GCC	53	32.10	16.29	22.57	29.03	0.00	0.00
GCC	54	29.89	16.40	22.77	30.94	0.00	0.00
GCC	55	28.78	15.79	23.48	31.95	0.00	0.00
GCC	56	28.73	16.33	25.02	29.92	0.00	0.00
GCC	57	28.76	15.56	23.64	32.04	0.00	0.00
GCC	58	29.18	15.74	24.57	30.51	0.00	0.00
GCC	59	28.52	15.59	22.28	33.61	0.00	0.00
GCC	60	28.59	16.32	22.74	32.35	0.00	0.00
GCC	61	29.97	15.52	22.47	32.04	0.00	0.00
GCC	62	27.67	15.78	23.88	32.67	0.00	0.00
GCC	63	30.44	15.97	22.19	31.40	0.00	0.00
GCC	64	30.28	16.03	22.91	30.78	0.00	0.00
GCC	65	30.07	16.72	22.89	30.33	0.00	0.00
GCC	66	29.11	15.89	22.16	32.84	0.00	0.00
GCC	67	31.20	15.05	21.26	32.49	0.00	0.00
GCC	68	31.29	15.14	21.27	32.29	0.00	0.00
GCC	69	32.29	14.38	22.54	30.79	0.00	0.00
GCC	70	29.93	15.67	22.05	32.35	0.00	0.00
GCC	71	30.75	15.43	21.40	32.42	0.00	0.00
GCC	72	29.95	15.31	23.13	31.62	0.00	0.00
GCC	73	29.26	15.35	23.55	31.84	0.00	0.00
GCC	74	29.97	16.15	23.50	30.38	0.00	0.00
GCC	75	30.45	15.10	23.86	30.59	0.00	0.00
GCC	76	29.51	14.54	23.99	31.97	0.00	0.00
GCC	77	30.45	14.66	24.15	30.74	0.00	0.00
GCC	78	28.01	16.61	22.22	33.16	0.00	0.00
GCC	79	29.47	14.84	24.20	31.50	0.00	0.00
GCC	80	28.70	16.51	22.85	31.94	0.00	0.00
GCC	81	27.68	17.01	26.54	28.77	0.00	0.00
GCC	82	28.67	15.79	24.65	30.88	0.00	0.00
GCC	83	28.79	16.36	24.93	29.91	0.00	0.00
GCC	84	28.82	15.21	25.14	30.83	0.00	0.00
GCC	85	29.79	15.93	22.51	31.76	0.00	0.00
GCC	86	30.40	15.42	22.67	31.50	0.00	0.00
GCC	87	32.58	14.22	21.47	31.73	0.00	0.00
GCC	88	31.36	14.12	22.44	32.07	0.00	0.00
GCC	89	32.36	14.12	22.82	30.70	0.00	0.00
GCC	90	32.86	15.72	21.01	30.41	0.00	0.00
GCC	91	31.18	16.92	22.86	29.04	0.00	0.00
GCC	92	31.78	16.11	23.30	28.81	0.00	0.00
GCC	93	31.71	17.45	21.35	29.50	0.00	0.00
GCC	94	30.54	16.61	21.11	31.73	0.00	0.00
GCC	95	32.62	17.64	20.49	29.26	0.00	0.00
GCC	96	30.01	17.57	21.08	31.34	0.00	0.00
GCC	97	28.31	16.33	23.10	32.26	0.00	0.00
GCC	98	29.02	15.54	24.52	30.92	0.00	0.00
GCC	99	28.98	16.61	22.90	31.51	0.00	0.00
GCC	100	30.60	14.83	22.14	32.43	0.00	0.00
GCC	101	31.21	17.20	21.47	30.12	0.00	0.00
GCC	102	32.26	15.66	22.12	29.96	0.00	0.00
GCC	103	31.55	15.35	22.58	30.52	0.00	0.00
GCC	104	30.08	17.11	22.02	30.80	0.00	0.00
GCC	105	31.26	16.04	22.97	29.72	0.00	0.00
GCC	106	30.36	17.00	23.91	28.73	0.00	0.00
GCC	107	29.50	15.69	24.57	30.24	0.00	0.00
GCC	108	29.05	15.52	25.78	29.64	0.00	0.00
GCC	109	28.93	15.62	25.11	30.34	0.00	0.00
GCC	110	29.23	15.93	23.10	31.74	0.00	0.00
GCC	111	28.82	18.32	23.20	29.66	0.00	0.00
GCC	112	31.75	15.22	22.91	30.12	0.00	0.00
GCC	113	32.71	15.41	22.64	29.24	0.00	0.00
GCC	114	31.82	14.07	24.55	29.56	0.00	0.00
GCC	115	31.99	14.34	23.52	30.14	0.00	0.00
GCC	116	30.73	14.75	23.89	30.62	0.00	0.00
GCC	117	30.64	16.95	23.24	29.16	0.00	0.00
GCC	118	31.57	15.81	21.46	31.16	0.00	0.00
GCC	119	31.83	16.22	20.29	31.66	0.00	0.00
GCC	120	32.53	16.08	20.96	30.43	0.00	0.00
GCC	121	29.73	15.36	23.71	31.20	0.00	0.00
GCC	122	30.75	15.81	23.01	30.43	0.00	0.00
GCC	123	30.81	16.03	23.32	29.84	0.00	0.00
GCC	124	26.90	17.14	24.63	31.32	0.00	0.00
GCC	125	29.20	16.00	24.53	30.27	0.00	0.00
GCC	126	29.93	15.80	23.37	30.90	0.00	0.00
GCC	127	27.76	16.30	22.37	33.57	0.00	0.00
GCC	128	28.71	16.46	23.16	31.67	0.00	0.00
GCC	129	30.63	15.96	22.09	31.33	0.00	0.00
GCC	130	30.66	15.34	21.99	32.00	0.00	0.00
GCC	131	30.91	15.48	22.80	30.81	0.00	0.00
GCC	132	29.96	14.55	23.53	31.97	0.00	0.00
GCC	133	30.23	13.76	23.87	32.14	0.00	0.00
GCC	134	30.03	13.97	24.32	31.68	0.00	0.00
GCC	135	29.51	14.88	24.18	31.44	0.00	0.00
GCC	136	29.85	15.14	24.36	30.65	0.00	0.00
GCC	137	30.46	15.67	25.08	28.79	0.00	0.00
GCC	138	31.86	14.89	22.88	30.37	0.00	0.00
GCC	139	30.84	15.80	22.89	30.47	0.00	0.00
GCC	140	31.32	15.97	24.69	28.01	0.00	0.00
GCC	141	31.36	16.02	22.19	30.43	0.00	0.00
GCC	142	31.41	15.75	21.90	30.94	0.00	0.00
GCC	143	31.02	16.14	23.15	29.69	0.00	0.00
GCC	144	31.69	17.31	22.56	28.45	0.00	0.00
GCC	145	30.88	17.14	21.96	30.01	0.00	0.00
GCC	146	29.14	17.30	23.18	30.38	0.00	0.00
GCC	147	30.77	17.66	23.46	28.11	0.00	0.00
GCC	148	30.35	14.98	21.96	32.71	0.00	0.00
GCC	149	29.66	14.61	23.76	31.97	0.00	0.00
GCC	150	30.13	14.25	24.23	31.39	0.00	0.00
# ACGT content per cycle for first fragments. Use `grep ^FBC | cut -f 2-` to extract this part. The columns are: cycle; A,C,G,T base counts as a percentage of all A/C/G/T bases [%]; and N and O counts as a percentage of all A/C/G/T bases [%]
FBC	1	14.80	26.75	42.86	15.60	0.00	0.00
FBC	2	27.78	21.78	34.18	16.25	0.00	0.00
FBC	3	24.25	18.05	41.07	16.63	0.00	0.00
FBC	4	25.69	23.19	32.05	19.07	0.00	0.00
FBC	5	24.51	22.41	25.93	27.15	0.00	0.00
FBC	6	25.24	20.54	24.82	29.41	0.03	0.00
FBC	7	36.70	13.79	17.87	31.65	0.00	0.00
FBC	8	33.42	12.70	21.07	32.81	0.02	0.00
FBC	9	35.04	11.60	22.20	31.16	0.00	0.00
FBC	10	30.79	11.50	18.52	39.19	0.00	0.00
FBC	11	24.37	14.11	22.59	38.93	0.00	0.00
FBC	12	25.29	17.44	24.72	32.54	0.00	0.00
FBC	13	26.01	16.16	21.98	35.84	0.00	0.00
FBC	14	28.72	17.69	20.80	32.79	0.00	0.00
FBC	15	30.85	17.73	19.31	32.11	0.00	0.00
FBC	16	32.52	15.50	21.65	30.33	0.00	0.00
FBC	17	32.83	16.06	19.88	31.23	0.00	0.00
FBC	18	33.37	15.61	21.79	29.23	0.00	0.00
FBC	19	30.69	14.38	23.05	31.88	0.00	0.00
FBC	20	31.29	15.43	26.11	27.17	0.00	0.00
FBC	21	28.60	16.95	24.64	29.81	0.00	0.00
FBC	22	25.54	17.09	23.76	33.61	0.00	0.00
FBC	23	30.28	15.72	24.16	29.83	0.00	0.00
FBC	24	28.36	17.86	23.03	30.75	0.00	0.00
FBC	25	27.01	18.24	21.10	33.65	0.00	0.00
FBC	26	29.60	17.58	20.46	32.36	0.00	0.00
FBC	27	29.14	15.12	24.53	31.21	0.00	0.00
FBC	28	26.57	13.75	25.81	33.87	0.00	0.00
FBC	29	28.02	16.56	20.33	35.09	0.00	0.00
FBC	30	28.63	15.80	24.11	31.46	0.00	0.00
FBC	31	29.93	14.65	23.24	32.17	0.00	0.00
FBC	32	30.22	17.66	22.21	29.90	0.00	0.00
FBC	33	31.04	16.67	22.40	29.89	0.00	0.00
FBC	34	33.52	19.04	21.97	25.48	0.00	0.00
FBC	35	29.07	18.01	23.05	29.87	0.00	0.00
FBC	36	29.38	17.28	19.74	33.61	0.00	0.00
FBC	37	27.98	14.35	24.86	32.80	0.00	0.00
FBC	38	27.30	18.04	22.56	32.09	0.00	0.00
FBC	39	27.94	17.45	22.76	31.85	0.00	0.00
FBC	40	29.11	13.68	27.08	30.13	0.00	0.00
FBC	41	29.80	14.66	24.95	30.59	0.00	0.00
FBC	42	31.72	15.06	23.22	30.00	0.00	0.00
FBC	43	27.13	16.19	22.95	33.73	0.00	0.00
FBC	44	29.39	17.63	22.25	30.74	0.00	0.00
FBC	45	31.05	13.93	23.12	31.90	0.00	0.00
FBC	46	31.50	14.41	18.75	35.35	0.00	0.00
FBC	47	33.15	14.01	20.49	32.35	0.00	0.00
FBC	48	31.70	17.13	19.60	31.56	0.00	0.00
FBC	49	31.51	16.07	24.48	27.94	0.00	0.00
FBC	50	35.44	15.89	22.02	26.65	0.00	0.00
FBC	51	33.78	16.12	23.02	27.08	0.00	0.00
FBC	52	34.89	14.37	22.20	28.55	0.00	0.00
FBC	53	34.00	15.74	22.40	27.86	0.00	0.00
FBC	54	29.43	17.23	22.77	30.57	0.00	0.00
FBC	55	30.34	15.81	21.36	32.50	0.00	0.00
FBC	56	30.33	16.05	25.73	27.89	0.00	0.00
FBC	57	28.50	13.71	25.04	32.75	0.00	0.00
FBC	58	28.56	14.44	25.82	31.19	0.00	0.00
FBC	59	26.86	13.95	23.01	36.18	0.00	0.00
FBC	60	28.50	14.38	23.17	33.94	0.00	0.00
FBC	61	31.77	14.36	22.22	31.66	0.00	0.00
FBC	62	26.94	14.97	23.45	34.64	0.00	0.00
FBC	63	30.71	17.11	20.15	32.03	0.00	0.00
FBC	64	30.60	17.24	22.29	29.86	0.00	0.00
FBC	65	30.09	18.50	19.97	31.44	0.00	0.00
FBC	66	29.12	16.89	21.53	32.46	0.00	0.00
FBC	67	30.48	15.73	21.43	32.36	0.00	0.00
FBC	68	31.80	14.19	20.27	33.73	0.00	0.00
FBC	69	32.46	14.22	23.15	30.18	0.00	0.00
FBC	70	30.06	16.12	19.21	34.60	0.00	0.00
FBC	71	31.18	15.33	20.50	32.98	0.00	0.00
FBC	72	27.55	16.41	21.98	34.07	0.00	0.00
FBC	73	28.72	16.36	22.82	32.10	0.00	0.00
FBC	74	28.30	17.26	23.82	30.62	0.00	0.00
FBC	75	29.19	13.99	24.64	32.18	0.00	0.00
FBC	76	30.16	13.14	23.82	32.87	0.00	0.00
FBC	77	30.81	13.73	24.24	31.21	0.00	0.00
FBC	78	26.49	15.34	21.85	36.31	0.00	0.00
FBC	79	30.47	13.05	24.11	32.37	0.00	0.00
FBC	80	29.87	17.35	22.24	30.55	0.00	0.00
FBC	81	28.32	17.38	26.73	27.57	0.00	0.00
FBC	82	29.18	16.67	25.37	28.79	0.00	0.00
FBC	83	27.47	17.82	25.07	29.64	0.00	0.00
FBC	84	28.32	14.53	25.35	31.80	0.00	0.00
FBC	85	28.96	15.91	22.85	32.27	0.00	0.00
FBC	86	32.24	13.42	22.87	31.47	0.00	0.00
FBC	87	33.92	14.02	21.13	30.93	0.00	0.00
FBC	88	34.66	12.75	20.04	32.55	0.00	0.00
FBC	89	34.39	12.99	22.84	29.78	0.00	0.00
FBC	90	34.15	16.60	20.51	28.74	0.00	0.00
FBC	91	33.54	16.63	22.78	27.05	0.00	0.00
FBC	92	32.05	18.27	23.47	26.22	0.00	0.00
FBC	93	33.52	18.04	20.52	27.91	0.00	0.00
FBC	94	31.08	17.62	20.04	31.26	0.00	0.00
FBC	95	32.49	19.45	18.01	30.06	0.00	0.00
FBC	96	29.58	18.55	21.42	30.45	0.00	0.00
FBC	97	28.83	17.31	21.18	32.68	0.00	0.00
FBC	98	28.70	15.03	26.06	30.21	0.00	0.00
FBC	99	28.88	17.80	21.38	31.94	0.00	0.00
FBC	100	31.07	14.99	21.15	32.79	0.00	0.00
FBC	101	32.81	17.85	20.12	29.22	0.00	0.00
FBC	102	33.23	16.57	20.09	30.10	0.00	0.00
FBC	103	31.64	16.10	23.06	29.20	0.00	0.00
FBC	104	30.45	18.19	20.67	30.69	0.00	0.00
FBC	105	32.18	14.20	22.66	30.95	0.00	0.00
FBC	106	30.07	17.45	24.76	27.73	0.00	0.00
FBC	107	28.33	15.21	24.60	31.85	0.00	0.00
FBC	108	28.05	14.71	28.93	28.32	0.00	0.00
FBC	109	29.59	16.20	25.07	29.13	0.00	0.00
FBC	110	29.16	17.01	22.01	31.81	0.00	0.00
FBC	111	29.82	18.84	22.65	28.69	0.00	0.00
FBC	112	32.04	14.92	22.14	30.90	0.00	0.00
FBC	113	34.09	14.35	22.48	29.07	0.00	0.00
FBC	114	32.87	13.77	24.46	28.90	0.00	0.00
FBC	115	34.14	12.93	24.91	28.02	0.00	0.00
FBC	116	31.38	15.27	23.36	30.00	0.00	0.00
FBC	117	32.56	18.02	21.44	27.97	0.00	0.00
FBC	118	32.34	16.87	19.79	31.00	0.00	0.00
FBC	119	34.39	17.26	17.56	30.79	0.00	0.00
FBC	120	33.74	16.04	20.84	29.38	0.00	0.00
FBC	121	29.72	15.72	22.59	31.98	0.00	0.00
FBC	122	30.69	15.94	23.56	29.81	0.00	0.00
FBC	123	31.35	15.53	24.23	28.89	0.00	0.00
FBC	124	27.60	17.38	23.50	31.53	0.00	0.00
FBC	125	30.13	15.12	24.35	30.40	0.00	0.00
FBC	126	29.84	15.38	24.10	30.68	0.00	0.00
FBC	127	27.14	15.52	22.01	35.32	0.00	0.00
FBC	128	27.70	16.42	23.04	32.83	0.00	0.00
FBC	129	31.20	13.66	22.18	32.96	0.00	0.00
FBC	130	31.42	13.78	21.91	32.89	0.00	0.00
FBC	131	32.91	14.56	22.99	29.54	0.00	0.00
FBC	132	30.22	13.62	24.47	31.68	0.00	0.00
FBC	133	29.63	13.10	25.22	32.05	0.00	0.00
FBC	134	30.29	12.46	24.41	32.85	0.00	0.00
FBC	135	28.42	13.82	24.90	32.86	0.00	0.00
FBC	136	29.00	14.88	24.23	31.89	0.00	0.00
FBC	137	27.44	16.91	27.24	28.41	0.00	0.00
FBC	138	31.72	14.07	23.64	30.58	0.00	0.00
FBC	139	30.74	16.93	22.11	30.22	0.00	0.00
FBC	140	32.60	16.85	24.35	26.20	0.00	0.00
FBC	141	31.30	16.20	22.85	29.65	0.00	0.00
FBC	142	30.90	16.93	21.20	30.97	0.00	0.00
FBC	143	31.02	17.20	22.38	29.40	0.00	0.00
FBC	144	31.64	19.37	22.29	26.70	0.00	0.00
FBC	145	30.25	18.53	21.50	29.72	0.00	0.00
FBC	146	28.28	17.92	23.85	29.95	0.00	0.00
FBC	147	33.26	17.12	24.16	25.46	0.00	0.00
FBC	148	31.23	15.34	22.37	31.05	0.00	0.00
FBC	149	31.13	13.90	23.54	31.43	0.00	0.00
FBC	150	29.66	15.24	23.52	31.58	0.00	0.00
# ACGT content per cycle for last fragments. Use `grep ^LBC | cut -f 2-` to extract this part. The columns are: cycle; A,C,G,T base counts as a percentage of all A/C/G/T bases [%]; and N and O counts as a percentage of all A/C/G/T bases [%]
LBC	1	30.12	23.54	27.73	18.62	0.00	0.00
LBC	2	31.60	10.37	26.82	31.21	0.00	0.00
LBC	3	33.46	14.18	23.08	29.28	0.00	0.00
LBC	4	35.43	13.34	25.34	25.88	0.00	0.00
LBC	5	34.40	12.29	26.80	26.51	0.00	0.00
LBC	6	42.03	13.91	19.74	24.32	0.00	0.00
LBC	7	23.09	16.42	19.54	40.95	0.00	0.00
LBC	8	26.12	19.63	21.90	32.35	0.00	0.00
LBC	9	24.80	18.23	23.65	33.32	0.00	0.00
LBC	10	37.44	12.91	21.79	27.86	0.00	0.00
LBC	11	33.13	16.99	23.73	26.15	0.00	0.00
LBC	12	27.63	17.52	25.33	29.52	0.00	0.00
LBC	13	28.51	16.47	24.44	30.57	0.00	0.00
LBC	14	30.44	17.20	21.55	30.82	0.00	0.00
LBC	15	31.20	18.69	21.48	28.63	0.00	0.00
LBC	16	31.21	14.68	23.40	30.71	0.00	0.00
LBC	17	29.13	15.96	24.72	30.19	0.00	0.00
LBC	18	31.24	16.42	21.97	30.36	0.00	0.00
LBC	19	28.08	18.28	21.96	31.68	0.00	0.00
LBC	20	27.39	17.85	23.36	31.40	0.00	0.00
LBC	21	32.00	16.86	21.98	29.17	0.00	0.00
LBC	22	30.69	16.21	22.85	30.25	0.00	0.00
LBC	23	33.24	15.40	21.07	30.29	0.00	0.00
LBC	24	30.33	16.28	23.09	30.31	0.00	0.00
LBC	25	29.73	14.12	22.11	34.04	0.00	0.00
LBC	26	31.20	16.45	22.06	30.29	0.00	0.00
LBC	27	28.73	15.73	23.25	32.28	0.00	0.00
LBC	28	31.09	14.62	24.40	29.90	0.00	0.00
LBC	29	32.56	15.86	20.88	30.70	0.00	0.00
LBC	30	30.69	15.75	22.84	30.72	0.00	0.00
LBC	31	29.32	18.70	21.72	30.26	0.00	0.00
LBC	32	29.05	15.15	25.62	30.18	0.00	0.00
LBC	33	30.22	17.01	22.80	29.97	0.00	0.00
LBC	34	30.56	15.20	23.20	31.04	0.00	0.00
LBC	35	31.19	13.53	23.92	31.36	0.00	0.00
LBC	36	31.00	15.63	23.25	30.12	0.00	0.00
LBC	37	30.50	16.37	23.56	29.57	0.00	0.00
LBC	38	30.07	17.12	21.90	30.91	0.00	0.00
LBC	39	30.47	15.30	22.36	31.86	0.00	0.00
LBC	40	29.58	15.48	23.15	31.80	0.00	0.00
LBC	41	31.96	15.83	24.24	27.97	0.00	0.00
LBC	42	32.68	16.62	22.73	27.97	0.00	0.00
LBC	43	28.11	17.19	24.40	30.30	0.00	0.00
LBC	44	30.35	16.20	23.45	30.00	0.00	0.00
LBC	45	30.33	16.54	21.94	31.20	0.00	0.00
LBC	46	31.06	15.83	21.84	31.26	0.00	0.00
LBC	47	30.74	17.33	22.67	29.25	0.00	0.00
LBC	48	30.73	16.80	22.17	30.29	0.00	0.00
LBC	49	30.42	16.33	22.87	30.37	0.00	0.00
LBC	50	26.81	18.10	23.65	31.43	0.00	0.00
LBC	51	30.76	16.43	21.52	31.29	0.00	0.00
LBC	52	30.60	18.13	21.90	29.37	0.00	0.00
LBC	53	30.21	16.85	22.74	30.21	0.00	0.00
LBC	54	30.36	15.56	22.77	31.32	0.00	0.00
LBC	55	27.22	15.77	25.60	31.41	0.00	0.00
LBC	56	27.13	16.61	24.31	31.95	0.00	0.00
LBC	57	29.03	17.40	22.23	31.34	0.00	0.00
LBC	58	29.80	17.05	23.31	29.84	0.00	0.00
LBC	59	30.17	17.24	21.56	31.03	0.00	0.00
LBC	60	28.68	18.26	22.31	30.75	0.00	0.00
LBC	61	28.17	16.68	22.71	32.43	0.00	0.00
LBC	62	28.41	16.58	24.31	30.70	0.00	0.00
LBC	63	30.17	14.83	24.24	30.76	0.00	0.00
LBC	64	29.95	14.82	23.53	31.71	0.00	0.00
LBC	65	30.04	14.94	25.81	29.21	0.00	0.00
LBC	66	29.11	14.88	22.80	33.22	0.00	0.00
LBC	67	31.92	14.37	21.09	32.61	0.00	0.00
LBC	68	30.78	16.10	22.28	30.85	0.00	0.00
LBC	69	32.11	14.55	21.93	31.40	0.00	0.00
LBC	70	29.80	15.21	24.90	30.10	0.00	0.00
LBC	71	30.31	15.52	22.31	31.86	0.00	0.00
LBC	72	32.36	14.21	24.27	29.16	0.00	0.00
LBC	73	29.81	14.34	24.28	31.58	0.00	0.00
LBC	74	31.63	15.03	23.19	30.15	0.00	0.00
LBC	75	31.70	16.22	23.08	29.00	0.00	0.00
LBC	76	28.85	15.93	24.15	31.07	0.00	0.00
LBC	77	30.09	15.59	24.06	30.27	0.00	0.00
LBC	78	29.54	17.88	22.58	30.01	0.00	0.00
LBC	79	28.46	16.62	24.29	30.63	0.00	0.00
LBC	80	27.52	15.68	23.46	33.34	0.00	0.00
LBC	81	27.05	16.64	26.34	29.97	0.00	0.00
LBC	82	28.16	14.92	23.94	32.98	0.00	0.00
LBC	83	30.12	14.90	24.79	30.19	0.00	0.00
LBC	84	29.32	15.90	24.93	29.86	0.00	0.00
LBC	85	30.63	15.95	22.16	31.25	0.00	0.00
LBC	86	28.55	17.44	22.48	31.53	0.00	0.00
LBC	87	31.25	14.42	21.80	32.53	0.00	0.00
LBC	88	28.06	15.50	24.84	31.60	0.00	0.00
LBC	89	30.33	15.24	22.80	31.63	0.00	0.00
LBC	90	31.57	14.83	21.52	32.08	0.00	0.00
LBC	91	28.82	17.21	22.94	31.04	0.00	0.00
LBC	92	31.50	13.95	23.14	31.40	0.00	0.00
LBC	93	29.89	16.85	22.17	31.09	0.00	0.00
LBC	94	30.00	15.61	22.19	32.20	0.00	0.00
LBC	95	32.75	15.82	22.97	28.46	0.00	0.00
LBC	96	30.44	16.58	20.74	32.24	0.00	0.00
LBC	97	27.79	15.34	25.03	31.84	0.00	0.00
LBC	98	29.34	16.05	22.97	31.64	0.00	0.00
LBC	99	29.08	15.42	24.42	31.08	0.00	0.00
LBC	100	30.13	14.66	23.13	32.08	0.00	0.00
LBC	101	29.60	16.54	22.83	31.03	0.00	0.00
LBC	102	31.28	14.73	24.16	29.83	0.00	0.00
LBC	103	31.46	14.60	22.10	31.83	0.00	0.00
LBC	104	29.71	16.01	23.37	30.90	0.00	0.00
LBC	105	30.34	17.88	23.28	28.50	0.00	0.00
LBC	106	30.66	16.55	23.06	29.73	0.00	0.00
LBC	107	30.67	16.17	24.53	28.63	0.00	0.00
LBC	108	30.06	16.33	22.63	30.98	0.00	0.00
LBC	109	28.27	15.03	25.15	31.55	0.00	0.00
LBC	110	29.30	14.85	24.19	31.66	0.00	0.00
LBC	111	27.81	17.81	23.75	30.63	0.00	0.00
LBC	112	31.47	15.52	23.68	29.33	0.00	0.00
LBC	113	31.34	16.47	22.79	29.40	0.00	0.00
LBC	114	30.77	14.37	24.63	30.23	0.00	0.00
LBC	115	29.84	15.76	22.14	32.27	0.00	0.00
LBC	116	30.09	14.24	24.43	31.25	0.00	0.00
LBC	117	28.72	15.88	25.05	30.36	0.00	0.00
LBC	118	30.79	14.75	23.13	31.32	0.01	0.00
LBC	119	29.26	15.18	23.03	32.54	0.00	0.00
LBC	120	31.32	16.11	21.08	31.48	0.00	0.00
LBC	121	29.74	15.01	24.83	30.42	0.00	0.00
LBC	122	30.81	15.68	22.46	31.05	0.00	0.00
LBC	123	30.28	16.54	22.41	30.78	0.00	0.00
LBC	124	26.21	16.90	25.77	31.12	0.00	0.00
LBC	125	28.27	16.88	24.72	30.13	0.00	0.00
LBC	126	30.01	16.23	22.64	31.12	0.00	0.00
LBC	127	28.38	17.08	22.73	31.82	0.00	0.00
LBC	128	29.73	16.50	23.28	30.50	0.00	0.00
LBC	129	30.06	18.25	21.99	29.69	0.00	0.00
LBC	130	29.89	16.91	22.08	31.11	0.00	0.00
LBC	131	28.91	16.41	22.61	32.08	0.00	0.00
LBC	132	29.70	15.48	22.57	32.25	0.00	0.00
LBC	133	30.83	14.42	22.51	32.24	0.00	0.00
LBC	134	29.77	15.49	24.23	30.52	0.00	0.00
LBC	135	30.60	15.94	23.45	30.00	0.00	0.00
LBC	136	30.71	15.40	24.49	29.40	0.00	0.00
LBC	137	33.49	14.43	22.91	29.17	0.00	0.00
LBC	138	32.01	15.71	22.12	30.16	0.00	0.00
LBC	139	30.94	14.67	23.67	30.72	0.00	0.00
LBC	140	30.04	15.10	25.04	29.82	0.00	0.00
LBC	141	31.43	15.83	21.52	31.22	0.00	0.00
LBC	142	31.93	14.57	22.59	30.91	0.00	0.00
LBC	143	31.01	15.06	23.94	29.99	0.00	0.00
LBC	144	31.73	15.23	22.82	30.21	0.00	0.00
LBC	145	31.52	15.75	22.43	30.30	0.00	0.00
LBC	146	30.00	16.67	22.52	30.81	0.00	0.00
LBC	147	28.26	18.21	22.76	30.78	0.00	0.00
LBC	148	29.45	14.61	21.55	34.40	0.00	0.00
LBC	149	28.18	15.32	23.99	32.51	0.00	0.00
LBC	150	30.61	13.24	24.94	31.20	0.00	0.00
# Insert sizes. Use `grep ^IS | cut -f 2-` to extract this part. The columns are: insert size, pairs total, inward oriented pairs, outward oriented pairs, other pairs
IS	0	761	44	714	3
IS	1	0	0	0	0
IS	2	0	0	0	0
IS	3	0	0	0	0
IS	4	0	0	0	0
IS	5	0	0	0	0
IS	6	0	0	0	0
IS	7	0	0	0	0
IS	8	0	0	0	0
IS	9	0	0	0	0
IS	10	0	0	0	0
IS	11	0	0	0	0
IS	12	0	0	0	0
IS	13	0	0	0	0
IS	14	0	0	0	0
IS	15	0	0	0	0
IS	16	0	0	0	0
IS	17	0	0	0	0
IS	18	0	0	0	0
IS	19	0	0	0	0
IS	20	0	0	0	0
IS	21	0	0	0	0
IS	22	0	0	0	0
IS	23	0	0	0	0
IS	24	0	0	0	0
IS	25	0	0	0	0
IS	26	0	0	0	0
IS	27	0	0	0	0
IS	28	0	0	0	0
IS	29	0	0	0	0
IS	30	0	0	0	0
IS	31	0	0	0	0
IS	32	0	0	0	0
IS	33	0	0	0	0
IS	34	0	0	0	0
IS	35	0	0	0	0
IS	36	0	0	0	0
IS	37	0	0	0	0
IS	38	0	0	0	0
IS	39	0	0	0	0
IS	40	0	0	0	0
IS	41	0	0	0	0
IS	42	0	0	0	0
IS	43	0	0	0	0
IS	44	0	0	0	0
IS	45	0	0	0	0
IS	46	0	0	0	0
IS	47	0	0	0	0
IS	48	0	0	0	0
IS	49	0	0	0	0
IS	50	0	0	0	0
IS	51	0	0	0	0
IS	52	0	0	0	0
IS	53	0	0	0	0
IS	54	0	0	0	0
IS	55	0	0	0	0
IS	56	0	0	0	0
IS	57	0	0	0	0
IS	58	0	0	0	0
IS	59	0	0	0	0
IS	60	0	0	0	0
IS	61	0	0	0	0
IS	62	0	0	0	0
IS	63	0	0	0	0
IS	64	0	0	0	0
IS	65	0	0	0	0
IS	66	0	0	0	0
IS	67	0	0	0	0
IS	68	0	0	0	0
IS	69	0	0	0	0
IS	70	0	0	0	0
IS	71	0	0	0	0
IS	72	0	0	0	0
IS	73	0	0	0	0
IS	74	0	0	0	0
IS	75	0	0	0	0
IS	76	0	0	0	0
IS	77	0	0	0	0
IS	78	0	0	0	0
IS	79	0	0	0	0
IS	80	0	0	0	0
IS	81	0	0	0	0
IS	82	0	0	0	0
IS	83	0	0	0	0
IS	84	0	0	0	0
IS	85	0	0	0	0
IS	86	0	0	0	0
IS	87	0	0	0	0
IS	88	0	0	0	0
IS	89	0	0	0	0
IS	90	0	0	0	0
IS	91	0	0	0	0
IS	92	0	0	0	0
IS	93	0	0	0	0
IS	94	0	0	0	0
IS	95	0	0	0	0
IS	96	0	0	0	0
IS	97	0	0	0	0
IS	98	0	0	0	0
IS	99	0	0	0	0
IS	100	0	0	0	0
IS	101	0	0	0	0
IS	102	0	0	0	0
IS	103	0	0	0	0
IS	104	0	0	0	0
IS	105	0	0	0	0
IS	106	0	0	0	0
IS	107	0	0	0	0
IS	108	0	0	0	0
IS	109	0	0	0	0
IS	110	0	0	0	0
IS	111	0	0	0	0
IS	112	0	0	0	0
IS	113	0	0	0	0
IS	114	0	0	0	0
IS	115	0	0	0	0
IS	116	0	0	0	0
IS	117	0	0	0	0
IS	118	0	0	0	0
IS	119	0	0	0	0
IS	120	0	0	0	0
IS	121	0	0	0	0
IS	122	0	0	0	0
IS	123	0	0	0	0
IS	124	0	0	0	0
IS	125	0	0	0	0
IS	126	0	0	0	0
IS	127	0	0	0	0
IS	128	0	0	0	0
IS	129	0	0	0	0
IS	130	0	0	0	0
IS	131	0	0	0	0
IS	132	0	0	0	0
IS	133	0	0	0	0
IS	134	0	0	0	0
IS	135	0	0	0	0
IS	136	0	0	0	0
IS	137	0	0	0	0
IS	138	0	0	0	0
IS	139	0	0	0	0
IS	140	0	0	0	0
IS	141	0	0	0	0
IS	142	0	0	0	0
IS	143	0	0	0	0
IS	144	0	0	0	0
IS	145	0	0	0	0
IS	146	0	0	0	0
IS	147	0	0	0	0
IS	148	0	0	0	0
IS	149	0	0	0	0
IS	150	326	49	277	0
IS	151	2395	570	1825	0
IS	152	646	423	223	0
IS	153	648	408	240	0
IS	154	408	402	6	0
IS	155	446	434	12	0
IS	156	451	447	4	0
IS	157	509	506	3	0
IS	158	596	588	8	0
IS	159	534	528	6	0
IS	160	594	588	6	0
IS	161	566	565	1	0
IS	162	512	509	3	0
IS	163	572	564	8	0
IS	164	526	520	6	0
IS	165	686	597	89	0
IS	166	773	672	101	0
IS	167	698	627	71	0
IS	168	739	660	79	0
IS	169	749	678	71	0
IS	170	766	700	66	0
IS	171	826	762	64	0
IS	172	858	802	56	0
IS	173	841	794	47	0
IS	174	900	872	28	0
IS	175	985	938	47	0
IS	176	970	952	18	0
IS	177	1005	988	17	0
IS	178	1069	1051	18	0
IS	179	989	972	17	0
IS	180	1067	1067	0	0
IS	181	1044	1044	0	0
IS	182	1157	1157	0	0
IS	183	1211	1211	0	0
IS	184	1061	1061	0	0
IS	185	1127	1127	0	0
IS	186	1296	1296	0	0
IS	187	1234	1234	0	0
IS	188	1500	1500	0	0
IS	189	1589	1589	0	0
IS	190	1502	1502	0	0
IS	191	1737	1737	0	0
IS	192	1586	1586	0	0
IS	193	1446	1446	0	0
IS	194	1597	1597	0	0
IS	195	1621	1621	0	0
IS	196	1700	1700	0	0
IS	197	1758	1758	0	0
IS	198	1736	1736	0	0
IS	199	1752	1751	1	0
IS	200	1879	1879	0	0
IS	201	1873	1871	2	0
IS	202	1823	1823	0	0
IS	203	1820	1820	0	0
IS	204	2161	2161	0	0
IS	205	2196	2196	0	0
IS	206	2280	2280	0	0
IS	207	2311	2311	0	0
IS	208	2120	2120	0	0
IS	209	2248	2248	0	0
IS	210	2108	2108	0	0
IS	211	2157	2157	0	0
IS	212	2190	2190	0	0
IS	213	2596	2596	0	0
IS	214	2594	2594	0	0
IS	215	2491	2491	0	0
IS	216	2559	2559	0	0
IS	217	2456	2456	0	0
IS	218	2508	2508	0	0
IS	219	2363	2363	0	0
IS	220	2430	2430	0	0
IS	221	2542	2542	0	0
IS	222	2732	2732	0	0
IS	223	3014	3014	0	0
IS	224	3226	3226	0	0
IS	225	3040	3040	0	0
IS	226	2653	2653	0	0
IS	227	2902	2901	1	0
IS	228	2980	2980	0	0
IS	229	3271	3270	1	0
IS	230	3036	3034	2	0
IS	231	3137	3137	0	0
IS	232	2839	2839	0	0
IS	233	2712	2712	0	0
IS	234	2903	2903	0	0
IS	235	2850	2848	2	0
IS	236	2856	2851	5	0
IS	237	2867	2867	0	0
IS	238	2803	2803	0	0
IS	239	2742	2740	2	0
IS	240	2605	2605	0	0
IS	241	2758	2758	0	0
IS	242	2536	2536	0	0
IS	243	2834	2833	1	0
IS	244	2832	2832	0	0
IS	245	2762	2762	0	0
IS	246	2786	2786	0	0
IS	247	2698	2698	0	0
IS	248	2391	2391	0	0
IS	249	2258	2258	0	0
IS	250	2590	2589	1	0
IS	251	2443	2442	1	0
IS	252	2841	2839	2	0
IS	253	2679	2678	1	0
IS	254	2640	2640	0	0
IS	255	2596	2595	1	0
IS	256	2491	2491	0	0
IS	257	2464	2464	0	0
IS	258	2336	2336	0	0
IS	259	2469	2469	0	0
IS	260	2336	2336	0	0
IS	261	2524	2524	0	0
IS	262	2111	2111	0	0
IS	263	2349	2349	0	0
IS	264	2236	2236	0	0
IS	265	2065	2065	0	0
IS	266	2001	2001	0	0
IS	267	1947	1947	0	0
IS	268	1940	1940	0	0
IS	269	1794	1794	0	0
IS	270	1860	1860	0	0
IS	271	1564	1564	0	0
IS	272	1728	1728	0	0
IS	273	1892	1892	0	0
IS	274	1899	1899	0	0
IS	275	1834	1833	1	0
IS	276	1773	1772	1	0
IS	277	1720	1720	0	0
IS	278	1735	1735	0	0
IS	279	1583	1583	0	0
IS	280	1439	1439	0	0
IS	281	1364	1364	0	0
IS	282	1538	1538	0	0
IS	283	1495	1495	0	0
IS	284	1593	1593	0	0
IS	285	1463	1463	0	0
IS	286	1454	1454	0	0
IS	287	1291	1291	0	0
IS	288	1365	1365	0	0
IS	289	1363	1363	0	0
IS	290	1348	1348	0	0
IS	291	1352	1352	0	0
IS	292	1371	1371	0	0
IS	293	1247	1246	1	0
IS	294	1247	1247	0	0
IS	295	1261	1261	0	0
IS	296	1208	1206	2	0
IS	297	1093	1093	0	0
IS	298	1215	1215	0	0
IS	299	1054	1054	0	0
IS	300	1140	1140	0	0
IS	301	1076	1076	0	0
IS	302	1186	1186	0	0
IS	303	1163	1163	0	0
IS	304	1023	1023	0	0
IS	305	1079	1079	0	0
IS	306	884	884	0	0
IS	307	857	857	0	0
IS	308	845	845	0	0
IS	309	859	859	0	0
IS	310	868	868	0	0
IS	311	864	864	0	0
IS	312	810	810	0	0
IS	313	786	784	0	2
IS	314	838	838	0	0
IS	315	714	714	0	0
IS	316	690	690	0	0
IS	317	652	652	0	0
IS	318	669	669	0	0
IS	319	634	634	0	0
IS	320	555	555	0	0
IS	321	576	576	0	0
IS	322	595	595	0	0
IS	323	624	624	0	0
IS	324	541	540	0	1
IS	325	537	537	0	0
IS	326	469	467	0	2
IS	327	423	423	0	0
IS	328	460	460	0	0
IS	329	469	469	0	0
IS	330	556	556	0	0
IS	331	443	443	0	0
IS	332	522	522	0	0
IS	333	444	444	0	0
IS	334	361	361	0	0
IS	335	338	338	0	0
IS	336	400	400	0	0
IS	337	375	375	0	0
IS	338	340	340	0	0
IS	339	350	350	0	0
IS	340	315	315	0	0
IS	341	356	356	0	0
IS	342	315	314	1	0
IS	343	303	303	0	0
IS	344	290	290	0	0
IS	345	293	293	0	0
IS	346	244	244	0	0
IS	347	254	254	0	0
IS	348	246	246	0	0
IS	349	209	209	0	0
IS	350	225	225	0	0
IS	351	258	258	0	0
IS	352	224	224	0	0
IS	353	171	171	0	0
IS	354	207	207	0	0
IS	355	183	183	0	0
IS	356	151	151	0	0
IS	357	199	198	0	1
IS	358	155	155	0	0
IS	359	150	150	0	0
IS	360	164	164	0	0
IS	361	179	179	0	0
IS	362	158	158	0	0
IS	363	189	189	0	0
IS	364	156	156	0	0
IS	365	148	148	0	0
IS	366	124	124	0	0
IS	367	120	120	0	0
IS	368	100	100	0	0
IS	369	103	103	0	0
IS	370	102	102	0	0
IS	371	106	106	0	0
IS	372	113	113	0	0
IS	373	100	100	0	0
IS	374	106	106	0	0
IS	375	99	99	0	0
IS	376	102	102	0	0
# Read lengths. Use `grep ^RL | cut -f 2-` to extract this part. The columns are: read length, count
RL	137	191
RL	138	173
RL	139	224
RL	140	203
RL	141	204
RL	142	175
RL	143	218
RL	144	644
RL	145	692
RL	146	1784
RL	147	20642
RL	149	269
RL	150	695639
# Read lengths - first fragments. Use `grep ^FRL | cut -f 2-` to extract this part. The columns are: read length, count
FRL	144	388
FRL	145	373
FRL	146	663
FRL	147	9103
FRL	149	32
FRL	150	350396
# Read lengths - last fragments. Use `grep ^LRL | cut -f 2-` to extract this part. The columns are: read length, count
LRL	137	191
LRL	138	173
LRL	139	224
LRL	140	203
LRL	141	204
LRL	142	175
LRL	143	218
LRL	144	256
LRL	145	319
LRL	146	1121
LRL	147	11539
LRL	149	237
LRL	150	345243
# Indel distribution. Use `grep ^ID | cut -f 2-` to extract this part. The columns are: length, number of insertions, number of deletions
ID	1	382	2209
ID	2	2	715
ID	3	0	97
ID	4	1	2
ID	5	0	1
# Indels per cycle. Use `grep ^IC | cut -f 2-` to extract this part. The columns are: cycle, number of insertions (fwd), .. (rev) , number of deletions (fwd), .. (rev)
IC	5	0	0	1	188
IC	6	0	0	0	14
IC	7	0	0	0	111
IC	15	0	3	0	7
IC	16	0	0	1	13
IC	17	0	0	0	5
IC	18	0	0	1	8
IC	19	0	0	8	5
IC	20	0	0	10	7
IC	21	0	0	8	7
IC	22	1	0	6	4
IC	23	0	1	10	4
IC	24	0	1	7	5
IC	25	0	1	15	4
IC	26	0	1	14	7
IC	27	5	0	5	4
IC	28	0	0	11	7
IC	29	1	0	10	5
IC	30	3	0	7	10
IC	31	2	2	4	8
IC	32	0	0	13	12
IC	33	0	1	12	6
IC	34	1	0	10	7
IC	35	0	0	13	7
IC	36	0	0	3	7
IC	37	1	4	6	8
IC	38	1	0	5	15
IC	39	0	0	6	10
IC	40	3	0	15	9
IC	41	0	0	4	10
IC	42	0	1	8	8
IC	43	1	1	6	11
IC	44	1	2	10	9
IC	45	4	0	9	13
IC	46	1	1	14	14
IC	47	1	0	13	4
IC	48	3	3	14	9
IC	49	3	1	14	4
IC	50	0	2	15	8
IC	51	3	1	25	6
IC	52	0	0	9	9
IC	53	1	0	11	7
IC	54	1	1	11	15
IC	55	1	4	8	6
IC	56	0	2	13	6
IC	57	0	1	9	12
IC	58	1	1	7	15
IC	59	1	0	8	8
IC	60	0	1	24	8
IC	61	0	3	8	12
IC	62	0	0	9	7
IC	63	1	0	22	8
IC	64	3	1	8	17
IC	65	0	0	16	11
IC	66	0	2	20	15
IC	67	1	2	2	5
IC	68	6	0	28	19
IC	69	0	0	14	20
IC	70	0	0	27	16
IC	71	16	3	25	17
IC	72	7	0	26	7
IC	73	17	1	8	13
IC	74	14	5	12	7
IC	75	20	24	14	8
IC	76	5	14	14	7
IC	77	0	6	12	30
IC	78	3	10	15	27
IC	79	0	3	20	16
IC	80	3	20	7	19
IC	81	0	0	15	15
IC	82	0	1	9	31
IC	83	2	0	18	9
IC	84	2	0	20	16
IC	85	2	3	7	7
IC	86	0	1	20	16
IC	87	4	2	17	9
IC	88	0	2	16	14
IC	89	1	1	8	11
IC	90	5	0	11	8
IC	91	0	2	15	13
IC	92	0	2	7	19
IC	93	1	4	1	18
IC	94	4	2	4	15
IC	95	0	1	14	21
IC	96	1	2	12	10
IC	97	0	5	5	17
IC	98	2	1	15	9
IC	99	0	0	19	11
IC	100	0	1	16	16
IC	101	4	0	10	16
IC	102	4	0	17	14
IC	103	0	3	7	12
IC	104	1	0	5	15
IC	105	0	3	11	3
IC	106	0	1	5	15
IC	107	3	0	6	10
IC	108	2	0	5	13
IC	109	1	0	2	9
IC	110	1	2	12	14
IC	111	1	2	14	14
IC	112	0	0	13	20
IC	113	0	1	11	7
IC	114	1	2	10	15
IC	115	2	3	8	18
IC	116	0	2	6	10
IC	117	1	1	4	11
IC	118	0	0	5	5
IC	119	0	0	9	8
IC	120	0	0	11	11
IC	121	1	0	6	5
IC	122	2	1	6	9
IC	123	0	1	12	9
IC	124	0	2	8	4
IC	125	0	0	8	6
IC	126	1	0	4	19
IC	127	4	3	11	4
IC	128	0	1	18	9
IC	129	0	1	4	6
IC	130	0	2	10	6
IC	131	1	0	13	3
IC	132	0	0	10	7
IC	133	0	2	12	1
IC	134	1	0	6	0
IC	135	0	0	2	1
IC	136	1	0	0	0
IC	141	0	0	3	0
IC	143	0	0	60	0
IC	144	0	0	48	1
IC	145	0	0	41	0
# Coverage distribution. Use `grep ^COV | cut -f 2-` to extract this part.
COV	[1-1]	1	7
COV	[2-2]	2	115
COV	[3-3]	3	164
COV	[4-4]	4	76
COV	[5-5]	5	55
COV	[6-6]	6	51
COV	[7-7]	7	78
COV	[8-8]	8	17
COV	[9-9]	9	55
COV	[10-10]	10	76
COV	[11-11]	11	49
COV	[12-12]	12	66
COV	[13-13]	13	71
COV	[14-14]	14	64
COV	[15-15]	15	37
COV	[16-16]	16	54
COV	[17-17]	17	63
COV	[18-18]	18	28
COV	[19-19]	19	17
COV	[21-21]	21	7
COV	[22-22]	22	4
COV	[23-23]	23	4
COV	[25-25]	25	8
COV	[26-26]	26	4
COV	[27-27]	27	13
COV	[28-28]	28	18
COV	[29-29]	29	4
COV	[30-30]	30	2
COV	[31-31]	31	1
COV	[32-32]	32	4
COV	[33-33]	33	3
COV	[34-34]	34	4
COV	[35-35]	35	59
COV	[36-36]	36	6
COV	[37-37]	37	11
COV	[38-38]	38	13
COV	[39-39]	39	7
COV	[40-40]	40	13
COV	[43-43]	43	2
COV	[44-44]	44	3
COV	[45-45]	45	8
COV	[46-46]	46	5
COV	[47-47]	47	1
COV	[48-48]	48	2
COV	[49-49]	49	2
COV	[51-51]	51	1
COV	[52-52]	52	3
COV	[53-53]	53	1
COV	[56-56]	56	1
COV	[57-57]	57	1
COV	[58-58]	58	2
COV	[59-59]	59	1
COV	[65-65]	65	1
COV	[73-73]	73	1
COV	[76-76]	76	1
COV	[84-84]	84	1
COV	[89-89]	89	2
COV	[92-92]	92	1
COV	[97-97]	97	1
COV	[99-99]	99	1
COV	[101-101]	101	1
COV	[102-102]	102	1
COV	[103-103]	103	1
COV	[104-104]	104	1
COV	[105-105]	105	1
COV	[106-106]	106	1
COV	[107-107]	107	1
COV	[108-108]	108	1
COV	[111-111]	111	2
COV	[113-113]	113	3
COV	[114-114]	114	2
COV	[117-117]	117	1
COV	[118-118]	118	1
COV	[119-119]	119	1
COV	[120-120]	120	1
COV	[122-122]	122	4
COV	[124-124]	124	1
COV	[125-125]	125	2
COV	[126-126]	126	1
COV	[127-127]	127	2
COV	[128-128]	128	2
COV	[129-129]	129	2
COV	[130-130]	130	2
COV	[131-131]	131	1
COV	[134-134]	134	4
COV	[147-147]	147	1
COV	[151-151]	151	3
COV	[152-152]	152	2
COV	[157-157]	157	1
COV	[164-164]	164	1
COV	[166-166]	166	1
COV	[172-172]	172	1
COV	[182-182]	182	1
COV	[191-191]	191	2
COV	[197-197]	197	2
COV	[200-200]	200	1
COV	[201-201]	201	3
COV	[203-203]	203	2
COV	[204-204]	204	1
COV	[205-205]	205	2
COV	[209-209]	209	4
COV	[211-211]	211	1
COV	[212-212]	212	2
COV	[214-214]	214	1
COV	[215-215]	215	7
COV	[219-219]	219	2
COV	[221-221]	221	1
COV	[222-222]	222	1
COV	[226-226]	226	1
COV	[228-228]	228	2
COV	[230-230]	230	5
COV	[231-231]	231	4
COV	[234-234]	234	6
COV	[236-236]	236	1
COV	[237-237]	237	1
COV	[238-238]	238	1
COV	[240-240]	240	1
COV	[241-241]	241	1
COV	[244-244]	244	1
COV	[245-245]	245	10
COV	[246-246]	246	4
COV	[247-247]	247	2
COV	[248-248]	248	16
COV	[249-249]	249	3
COV	[250-250]	250	3
COV	[251-251]	251	8
COV	[252-252]	252	3
COV	[255-255]	255	1
COV	[256-256]	256	2
COV	[257-257]	257	8
COV	[258-258]	258	2
COV	[259-259]	259	15
COV	[262-262]	262	1
COV	[268-268]	268	1
COV	[272-272]	272	4
COV	[273-273]	273	6
COV	[274-274]	274	2
COV	[275-275]	275	1
COV	[276-276]	276	2
COV	[278-278]	278	1
COV	[282-282]	282	2
COV	[283-283]	283	1
COV	[284-284]	284	2
COV	[286-286]	286	1
COV	[290-290]	290	2
COV	[291-291]	291	3
COV	[293-293]	293	1
COV	[295-295]	295	1
COV	[296-296]	296	2
COV	[297-297]	297	3
COV	[298-298]	298	1
COV	[301-301]	301	1
COV	[303-303]	303	1
COV	[306-306]	306	2
COV	[307-307]	307	1
COV	[310-310]	310	1
COV	[311-311]	311	1
COV	[315-315]	315	4
COV	[316-316]	316	2
COV	[318-318]	318	1
COV	[324-324]	324	1
COV	[325-325]	325	2
COV	[330-330]	330	1
COV	[331-331]	331	2
COV	[332-332]	332	1
COV	[333-333]	333	1
COV	[335-335]	335	1
COV	[336-336]	336	1
COV	[337-337]	337	3
COV	[339-339]	339	2
COV	[341-341]	341	1
COV	[346-346]	346	1
COV	[366-366]	366	1
COV	[369-369]	369	1
COV	[371-371]	371	1
COV	[374-374]	374	1
COV	[375-375]	375	1
COV	[376-376]	376	1
COV	[379-379]	379	2
COV	[384-384]	384	1
COV	[385-385]	385	2
COV	[386-386]	386	1
COV	[387-387]	387	2
COV	[389-389]	389	2
COV	[391-391]	391	1
COV	[392-392]	392	2
COV	[393-393]	393	4
COV	[394-394]	394	6
COV	[395-395]	395	5
COV	[398-398]	398	1
COV	[399-399]	399	1
COV	[612-612]	612	1
COV	[618-618]	618	2
COV	[653-653]	653	1
COV	[698-698]	698	1
COV	[713-713]	713	1
COV	[730-730]	730	1
COV	[786-786]	786	1
COV	[795-795]	795	1
COV	[800-800]	800	1
COV	[810-810]	810	1
COV	[819-819]	819	1
COV	[826-826]	826	1
COV	[837-837]	837	1
COV	[843-843]	843	1
COV	[848-848]	848	1
COV	[853-853]	853	1
COV	[854-854]	854	1
COV	[859-859]	859	1
COV	[892-892]	892	1
COV	[894-894]	894	1
COV	[895-895]	895	1
COV	[897-897]	897	1
COV	[901-901]	901	1
COV	[910-910]	910	1
COV	[911-911]	911	1
COV	[914-914]	914	1
COV	[926-926]	926	1
COV	[933-933]	933	1
COV	[934-934]	934	1
COV	[937-937]	937	1
COV	[944-944]	944	1
COV	[949-949]	949	1
COV	[970-970]	970	1
COV	[986-986]	986	2
COV	[987-987]	987	2
COV	[989-989]	989	1
COV	[1000<]	1000	3638
# GC-depth. Use `grep ^GCD | cut -f 2-` to extract this part. The columns are: GC%, unique sequence percentiles, 10th, 25th, 50th, 75th and 90th depth percentile
GCD	0.0	100.000	0.000	0.000	0.000	0.000	0.000
