# This file was produced by samtools stats (1.9+htslib-1.9) and can be plotted using plot-bamstats
# This file contains statistics for all reads.
# The command line was:  stats -@ 20 amelRNA_1/amelRNA_1_vdv1.bam
# CHK, Checksum	[2]Read Names	[3]Sequences	[4]Qualities
# CHK, CRC32 of reads which passed filtering followed by addition (32bit overflow)
CHK	cee1ce3e	d28a349d	fa51d8aa
# Summary Numbers. Use `grep ^SN | cut -f 2-` to extract this part.
SN	raw total sequences:	775434
SN	filtered sequences:	0
SN	sequences:	775434
SN	is sorted:	1
SN	1st fragments:	386734
SN	last fragments:	388700
SN	reads mapped:	767951
SN	reads mapped and paired:	760468	# paired-end technology bit set + both mates mapped
SN	reads unmapped:	7483
SN	reads properly paired:	751146	# proper-pair bit set
SN	reads paired:	775434	# paired-end technology bit set
SN	reads duplicated:	0	# PCR or optical duplicate bit set
SN	reads MQ0:	182	# mapped and MQ=0
SN	reads QC failed:	0
SN	non-primary alignments:	200
SN	total length:	116205152	# ignores clipping
SN	total first fragment length:	57961257	# ignores clipping
SN	total last fragment length:	58243895	# ignores clipping
SN	bases mapped:	115083468	# ignores clipping
SN	bases mapped (cigar):	114724924	# more accurate
SN	bases trimmed:	0
SN	bases duplicated:	0
SN	mismatches:	1136498	# from NM fields
SN	error rate:	9.906286e-03	# mismatches / bases mapped (cigar)
SN	average length:	149
SN	average first fragment length:	150
SN	average last fragment length:	150
SN	maximum length:	150
SN	maximum first fragment length:	150
SN	maximum last fragment length:	150
SN	average quality:	36.2
SN	insert size average:	241.0
SN	insert size standard deviation:	44.3
SN	inward oriented pairs:	372349
SN	outward oriented pairs:	6826
SN	pairs with other orientation:	6
SN	pairs on different chromosomes:	1053
SN	percentage of properly paired reads (%):	96.9
# First Fragment Qualities. Use `grep ^FFQ | cut -f 2-` to extract this part.
# Columns correspond to qualities and rows to cycles. First column is the cycle number.
FFQ	1	0	0	0	0	0	0	0	0	0	0	0	3208	0	0	0	0	0	0	0	0	0	0	0	0	0	6019	0	0	0	0	0	0	0	0	0	0	0	377507	0
FFQ	2	0	0	10	0	0	0	0	0	0	0	0	3279	0	0	0	0	0	0	0	0	0	0	0	0	0	6512	0	0	0	0	0	0	0	0	0	0	0	376933	0
FFQ	3	0	0	27	0	0	0	0	0	0	0	0	2745	0	0	0	0	0	0	0	0	0	0	0	0	0	5454	0	0	0	0	0	0	0	0	0	0	0	378508	0
FFQ	4	0	0	0	0	0	0	0	0	0	0	0	2408	0	0	0	0	0	0	0	0	0	0	0	0	0	5350	0	0	0	0	0	0	0	0	0	0	0	378976	0
FFQ	5	0	0	0	0	0	0	0	0	0	0	0	2044	0	0	0	0	0	0	0	0	0	0	0	0	0	5186	0	0	0	0	0	0	0	0	0	0	0	379504	0
FFQ	6	0	0	134	0	0	0	0	0	0	0	0	2269	0	0	0	0	0	0	0	0	0	0	0	0	0	5589	0	0	0	0	0	0	0	0	0	0	0	378742	0
FFQ	7	0	0	0	0	0	0	0	0	0	0	0	2648	0	0	0	0	0	0	0	0	0	0	0	0	0	6617	0	0	0	0	0	0	0	0	0	0	0	377469	0
FFQ	8	0	0	66	0	0	0	0	0	0	0	0	2520	0	0	0	0	0	0	0	0	0	0	0	0	0	6364	0	0	0	0	0	0	0	0	0	0	0	377784	0
FFQ	9	0	0	0	0	0	0	0	0	0	0	0	2559	0	0	0	0	0	0	0	0	0	0	0	0	0	6008	0	0	0	0	0	0	0	0	0	0	0	378167	0
FFQ	10	0	0	6	0	0	0	0	0	0	0	0	2657	0	0	0	0	0	0	0	0	0	0	0	0	0	6028	0	0	0	0	0	0	0	0	0	0	0	378043	0
FFQ	11	0	0	4	0	0	0	0	0	0	0	0	2762	0	0	0	0	0	0	0	0	0	0	0	0	0	5783	0	0	0	0	0	0	0	0	0	0	0	378185	0
FFQ	12	0	0	1	0	0	0	0	0	0	0	0	2710	0	0	0	0	0	0	0	0	0	0	0	0	0	5942	0	0	0	0	0	0	0	0	0	0	0	378081	0
FFQ	13	0	0	0	0	0	0	0	0	0	0	0	2239	0	0	0	0	0	0	0	0	0	0	0	0	0	6179	0	0	0	0	0	0	0	0	0	0	0	378316	0
FFQ	14	0	0	0	0	0	0	0	0	0	0	0	2359	0	0	0	0	0	0	0	0	0	0	0	0	0	6153	0	0	0	0	0	0	0	0	0	0	0	378222	0
FFQ	15	0	0	0	0	0	0	0	0	0	0	0	2426	0	0	0	0	0	0	0	0	0	0	0	0	0	6372	0	0	0	0	0	0	0	0	0	0	0	377936	0
FFQ	16	0	0	0	0	0	0	0	0	0	0	0	2314	0	0	0	0	0	0	0	0	0	0	0	0	0	6285	0	0	0	0	0	0	0	0	0	0	0	378135	0
FFQ	17	0	0	0	0	0	0	0	0	0	0	0	2141	0	0	0	0	0	0	0	0	0	0	0	0	0	5687	0	0	0	0	0	0	0	0	0	0	0	378906	0
FFQ	18	0	0	0	0	0	0	0	0	0	0	0	2109	0	0	0	0	0	0	0	0	0	0	0	0	0	6086	0	0	0	0	0	0	0	0	0	0	0	378539	0
FFQ	19	0	0	0	0	0	0	0	0	0	0	0	2060	0	0	0	0	0	0	0	0	0	0	0	0	0	6371	0	0	0	0	0	0	0	0	0	0	0	378303	0
FFQ	20	0	0	0	0	0	0	0	0	0	0	0	2130	0	0	0	0	0	0	0	0	0	0	0	0	0	6212	0	0	0	0	0	0	0	0	0	0	0	378392	0
FFQ	21	0	0	0	0	0	0	0	0	0	0	0	2075	0	0	0	0	0	0	0	0	0	0	0	0	0	6231	0	0	0	0	0	0	0	0	0	0	0	378428	0
FFQ	22	0	0	0	0	0	0	0	0	0	0	0	2041	0	0	0	0	0	0	0	0	0	0	0	0	0	6223	0	0	0	0	0	0	0	0	0	0	0	378470	0
FFQ	23	0	0	0	0	0	0	0	0	0	0	0	2082	0	0	0	0	0	0	0	0	0	0	0	0	0	6537	0	0	0	0	0	0	0	0	0	0	0	378115	0
FFQ	24	0	0	0	0	0	0	0	0	0	0	0	2285	0	0	0	0	0	0	0	0	0	0	0	0	0	7461	0	0	0	0	0	0	0	0	0	0	0	376988	0
FFQ	25	0	0	0	0	0	0	0	0	0	0	0	2221	0	0	0	0	0	0	0	0	0	0	0	0	0	6644	0	0	0	0	0	0	0	0	0	0	0	377869	0
FFQ	26	0	0	0	0	0	0	0	0	0	0	0	2437	0	0	0	0	0	0	0	0	0	0	0	0	0	7224	0	0	0	0	0	0	0	0	0	0	0	377073	0
FFQ	27	0	0	0	0	0	0	0	0	0	0	0	2607	0	0	0	0	0	0	0	0	0	0	0	0	0	7055	0	0	0	0	0	0	0	0	0	0	0	377072	0
FFQ	28	0	0	0	0	0	0	0	0	0	0	0	2600	0	0	0	0	0	0	0	0	0	0	0	0	0	6738	0	0	0	0	0	0	0	0	0	0	0	377396	0
FFQ	29	0	0	0	0	0	0	0	0	0	0	0	2520	0	0	0	0	0	0	0	0	0	0	0	0	0	6898	0	0	0	0	0	0	0	0	0	0	0	377316	0
FFQ	30	0	0	0	0	0	0	0	0	0	0	0	2613	0	0	0	0	0	0	0	0	0	0	0	0	0	7306	0	0	0	0	0	0	0	0	0	0	0	376815	0
FFQ	31	0	0	0	0	0	0	0	0	0	0	0	2461	0	0	0	0	0	0	0	0	0	0	0	0	0	6937	0	0	0	0	0	0	0	0	0	0	0	377336	0
FFQ	32	0	0	0	0	0	0	0	0	0	0	0	2565	0	0	0	0	0	0	0	0	0	0	0	0	0	7437	0	0	0	0	0	0	0	0	0	0	0	376732	0
FFQ	33	0	0	0	0	0	0	0	0	0	0	0	2680	0	0	0	0	0	0	0	0	0	0	0	0	0	6762	0	0	0	0	0	0	0	0	0	0	0	377292	0
FFQ	34	0	0	0	0	0	0	0	0	0	0	0	2786	0	0	0	0	0	0	0	0	0	0	0	0	0	6545	0	0	0	0	0	0	0	0	0	0	0	377403	0
FFQ	35	0	0	0	0	0	0	0	0	0	0	0	2807	0	0	0	0	0	0	0	0	0	0	0	0	0	7080	0	0	0	0	0	0	0	0	0	0	0	376847	0
FFQ	36	0	0	0	0	0	0	0	0	0	0	0	2783	0	0	0	0	0	0	0	0	0	0	0	0	0	7459	0	0	0	0	0	0	0	0	0	0	0	376492	0
FFQ	37	0	0	0	0	0	0	0	0	0	0	0	2782	0	0	0	0	0	0	0	0	0	0	0	0	0	7290	0	0	0	0	0	0	0	0	0	0	0	376662	0
FFQ	38	0	0	0	0	0	0	0	0	0	0	0	3034	0	0	0	0	0	0	0	0	0	0	0	0	0	7744	0	0	0	0	0	0	0	0	0	0	0	375956	0
FFQ	39	0	0	0	0	0	0	0	0	0	0	0	4315	0	0	0	0	0	0	0	0	0	0	0	0	0	7878	0	0	0	0	0	0	0	0	0	0	0	374541	0
FFQ	40	0	0	0	0	0	0	0	0	0	0	0	6324	0	0	0	0	0	0	0	0	0	0	0	0	0	7714	0	0	0	0	0	0	0	0	0	0	0	372696	0
FFQ	41	0	0	0	0	0	0	0	0	0	0	0	6670	0	0	0	0	0	0	0	0	0	0	0	0	0	8314	0	0	0	0	0	0	0	0	0	0	0	371750	0
FFQ	42	0	0	0	0	0	0	0	0	0	0	0	7239	0	0	0	0	0	0	0	0	0	0	0	0	0	8758	0	0	0	0	0	0	0	0	0	0	0	370737	0
FFQ	43	0	0	5	0	0	0	0	0	0	0	0	7914	0	0	0	0	0	0	0	0	0	0	0	0	0	9120	0	0	0	0	0	0	0	0	0	0	0	369695	0
FFQ	44	0	0	0	0	0	0	0	0	0	0	0	6573	0	0	0	0	0	0	0	0	0	0	0	0	0	9305	0	0	0	0	0	0	0	0	0	0	0	370856	0
FFQ	45	0	0	0	0	0	0	0	0	0	0	0	5181	0	0	0	0	0	0	0	0	0	0	0	0	0	8909	0	0	0	0	0	0	0	0	0	0	0	372644	0
FFQ	46	0	0	0	0	0	0	0	0	0	0	0	3817	0	0	0	0	0	0	0	0	0	0	0	0	0	8516	0	0	0	0	0	0	0	0	0	0	0	374401	0
FFQ	47	0	0	0	0	0	0	0	0	0	0	0	3737	0	0	0	0	0	0	0	0	0	0	0	0	0	9094	0	0	0	0	0	0	0	0	0	0	0	373903	0
FFQ	48	0	0	2	0	0	0	0	0	0	0	0	3200	0	0	0	0	0	0	0	0	0	0	0	0	0	8570	0	0	0	0	0	0	0	0	0	0	0	374962	0
FFQ	49	0	0	0	0	0	0	0	0	0	0	0	2873	0	0	0	0	0	0	0	0	0	0	0	0	0	7967	0	0	0	0	0	0	0	0	0	0	0	375894	0
FFQ	50	0	0	0	0	0	0	0	0	0	0	0	2853	0	0	0	0	0	0	0	0	0	0	0	0	0	7365	0	0	0	0	0	0	0	0	0	0	0	376516	0
FFQ	51	0	0	0	0	0	0	0	0	0	0	0	3040	0	0	0	0	0	0	0	0	0	0	0	0	0	7256	0	0	0	0	0	0	0	0	0	0	0	376438	0
FFQ	52	0	0	1	0	0	0	0	0	0	0	0	2798	0	0	0	0	0	0	0	0	0	0	0	0	0	6461	0	0	0	0	0	0	0	0	0	0	0	377474	0
FFQ	53	0	0	0	0	0	0	0	0	0	0	0	2999	0	0	0	0	0	0	0	0	0	0	0	0	0	6872	0	0	0	0	0	0	0	0	0	0	0	376863	0
FFQ	54	0	0	0	0	0	0	0	0	0	0	0	2973	0	0	0	0	0	0	0	0	0	0	0	0	0	7062	0	0	0	0	0	0	0	0	0	0	0	376699	0
FFQ	55	0	0	0	0	0	0	0	0	0	0	0	2979	0	0	0	0	0	0	0	0	0	0	0	0	0	7375	0	0	0	0	0	0	0	0	0	0	0	376380	0
FFQ	56	0	0	0	0	0	0	0	0	0	0	0	2828	0	0	0	0	0	0	0	0	0	0	0	0	0	7604	0	0	0	0	0	0	0	0	0	0	0	376302	0
FFQ	57	0	0	0	0	0	0	0	0	0	0	0	3070	0	0	0	0	0	0	0	0	0	0	0	0	0	7650	0	0	0	0	0	0	0	0	0	0	0	376014	0
FFQ	58	0	0	0	0	0	0	0	0	0	0	0	2944	0	0	0	0	0	0	0	0	0	0	0	0	0	7999	0	0	0	0	0	0	0	0	0	0	0	375791	0
FFQ	59	0	0	0	0	0	0	0	0	0	0	0	3319	0	0	0	0	0	0	0	0	0	0	0	0	0	8672	0	0	0	0	0	0	0	0	0	0	0	374743	0
FFQ	60	0	0	0	0	0	0	0	0	0	0	0	3990	0	0	0	0	0	0	0	0	0	0	0	0	0	8169	0	0	0	0	0	0	0	0	0	0	0	374575	0
FFQ	61	0	0	0	0	0	0	0	0	0	0	0	4261	0	0	0	0	0	0	0	0	0	0	0	0	0	8087	0	0	0	0	0	0	0	0	0	0	0	374386	0
FFQ	62	0	0	0	0	0	0	0	0	0	0	0	4179	0	0	0	0	0	0	0	0	0	0	0	0	0	7719	0	0	0	0	0	0	0	0	0	0	0	374836	0
FFQ	63	0	0	0	0	0	0	0	0	0	0	0	4194	0	0	0	0	0	0	0	0	0	0	0	0	0	8816	0	0	0	0	0	0	0	0	0	0	0	373724	0
FFQ	64	0	0	0	0	0	0	0	0	0	0	0	3727	0	0	0	0	0	0	0	0	0	0	0	0	0	8676	0	0	0	0	0	0	0	0	0	0	0	374331	0
FFQ	65	0	0	0	0	0	0	0	0	0	0	0	3412	0	0	0	0	0	0	0	0	0	0	0	0	0	8746	0	0	0	0	0	0	0	0	0	0	0	374576	0
FFQ	66	0	0	0	0	0	0	0	0	0	0	0	3270	0	0	0	0	0	0	0	0	0	0	0	0	0	8534	0	0	0	0	0	0	0	0	0	0	0	374930	0
FFQ	67	0	0	0	0	0	0	0	0	0	0	0	3265	0	0	0	0	0	0	0	0	0	0	0	0	0	8589	0	0	0	0	0	0	0	0	0	0	0	374880	0
FFQ	68	0	0	0	0	0	0	0	0	0	0	0	3230	0	0	0	0	0	0	0	0	0	0	0	0	0	8636	0	0	0	0	0	0	0	0	0	0	0	374868	0
FFQ	69	0	0	0	0	0	0	0	0	0	0	0	3329	0	0	0	0	0	0	0	0	0	0	0	0	0	8357	0	0	0	0	0	0	0	0	0	0	0	375048	0
FFQ	70	0	0	0	0	0	0	0	0	0	0	0	3673	0	0	0	0	0	0	0	0	0	0	0	0	0	8972	0	0	0	0	0	0	0	0	0	0	0	374089	0
FFQ	71	0	0	0	0	0	0	0	0	0	0	0	4241	0	0	0	0	0	0	0	0	0	0	0	0	0	8654	0	0	0	0	0	0	0	0	0	0	0	373839	0
FFQ	72	0	0	0	0	0	0	0	0	0	0	0	5064	0	0	0	0	0	0	0	0	0	0	0	0	0	9811	0	0	0	0	0	0	0	0	0	0	0	371859	0
FFQ	73	0	0	0	0	0	0	0	0	0	0	0	4599	0	0	0	0	0	0	0	0	0	0	0	0	0	8965	0	0	0	0	0	0	0	0	0	0	0	373170	0
FFQ	74	0	0	0	0	0	0	0	0	0	0	0	4246	0	0	0	0	0	0	0	0	0	0	0	0	0	8956	0	0	0	0	0	0	0	0	0	0	0	373532	0
FFQ	75	0	0	4	0	0	0	0	0	0	0	0	3830	0	0	0	0	0	0	0	0	0	0	0	0	0	9763	0	0	0	0	0	0	0	0	0	0	0	373137	0
FFQ	76	0	0	0	0	0	0	0	0	0	0	0	3784	0	0	0	0	0	0	0	0	0	0	0	0	0	9497	0	0	0	0	0	0	0	0	0	0	0	373453	0
FFQ	77	0	0	0	0	0	0	0	0	0	0	0	4136	0	0	0	0	0	0	0	0	0	0	0	0	0	9773	0	0	0	0	0	0	0	0	0	0	0	372825	0
FFQ	78	0	0	0	0	0	0	0	0	0	0	0	3814	0	0	0	0	0	0	0	0	0	0	0	0	0	9576	0	0	0	0	0	0	0	0	0	0	0	373344	0
FFQ	79	0	0	0	0	0	0	0	0	0	0	0	3468	0	0	0	0	0	0	0	0	0	0	0	0	0	9140	0	0	0	0	0	0	0	0	0	0	0	374126	0
FFQ	80	0	0	0	0	0	0	0	0	0	0	0	3517	0	0	0	0	0	0	0	0	0	0	0	0	0	9348	0	0	0	0	0	0	0	0	0	0	0	373869	0
FFQ	81	0	0	0	0	0	0	0	0	0	0	0	3426	0	0	0	0	0	0	0	0	0	0	0	0	0	9189	0	0	0	0	0	0	0	0	0	0	0	374119	0
FFQ	82	0	0	0	0	0	0	0	0	0	0	0	3516	0	0	0	0	0	0	0	0	0	0	0	0	0	8955	0	0	0	0	0	0	0	0	0	0	0	374263	0
FFQ	83	0	0	0	0	0	0	0	0	0	0	0	3570	0	0	0	0	0	0	0	0	0	0	0	0	0	9302	0	0	0	0	0	0	0	0	0	0	0	373862	0
FFQ	84	0	0	0	0	0	0	0	0	0	0	0	3511	0	0	0	0	0	0	0	0	0	0	0	0	0	9196	0	0	0	0	0	0	0	0	0	0	0	374027	0
FFQ	85	0	0	0	0	0	0	0	0	0	0	0	3664	0	0	0	0	0	0	0	0	0	0	0	0	0	9495	0	0	0	0	0	0	0	0	0	0	0	373575	0
FFQ	86	0	0	0	0	0	0	0	0	0	0	0	3742	0	0	0	0	0	0	0	0	0	0	0	0	0	9887	0	0	0	0	0	0	0	0	0	0	0	373105	0
FFQ	87	0	0	0	0	0	0	0	0	0	0	0	3856	0	0	0	0	0	0	0	0	0	0	0	0	0	9702	0	0	0	0	0	0	0	0	0	0	0	373176	0
FFQ	88	0	0	0	0	0	0	0	0	0	0	0	3922	0	0	0	0	0	0	0	0	0	0	0	0	0	10206	0	0	0	0	0	0	0	0	0	0	0	372606	0
FFQ	89	0	0	0	0	0	0	0	0	0	0	0	3827	0	0	0	0	0	0	0	0	0	0	0	0	0	9989	0	0	0	0	0	0	0	0	0	0	0	372918	0
FFQ	90	0	0	0	0	0	0	0	0	0	0	0	3840	0	0	0	0	0	0	0	0	0	0	0	0	0	10050	0	0	0	0	0	0	0	0	0	0	0	372844	0
FFQ	91	0	0	0	0	0	0	0	0	0	0	0	3675	0	0	0	0	0	0	0	0	0	0	0	0	0	9468	0	0	0	0	0	0	0	0	0	0	0	373591	0
FFQ	92	0	0	0	0	0	0	0	0	0	0	0	4074	0	0	0	0	0	0	0	0	0	0	0	0	0	10857	0	0	0	0	0	0	0	0	0	0	0	371803	0
FFQ	93	0	0	0	0	0	0	0	0	0	0	0	3887	0	0	0	0	0	0	0	0	0	0	0	0	0	10669	0	0	0	0	0	0	0	0	0	0	0	372178	0
FFQ	94	0	0	0	0	0	0	0	0	0	0	0	3756	0	0	0	0	0	0	0	0	0	0	0	0	0	9744	0	0	0	0	0	0	0	0	0	0	0	373234	0
FFQ	95	0	0	0	0	0	0	0	0	0	0	0	3444	0	0	0	0	0	0	0	0	0	0	0	0	0	9638	0	0	0	0	0	0	0	0	0	0	0	373652	0
FFQ	96	0	0	0	0	0	0	0	0	0	0	0	3671	0	0	0	0	0	0	0	0	0	0	0	0	0	9800	0	0	0	0	0	0	0	0	0	0	0	373263	0
FFQ	97	0	0	0	0	0	0	0	0	0	0	0	3524	0	0	0	0	0	0	0	0	0	0	0	0	0	9942	0	0	0	0	0	0	0	0	0	0	0	373268	0
FFQ	98	0	0	0	0	0	0	0	0	0	0	0	3626	0	0	0	0	0	0	0	0	0	0	0	0	0	9711	0	0	0	0	0	0	0	0	0	0	0	373397	0
FFQ	99	0	0	0	0	0	0	0	0	0	0	0	3821	0	0	0	0	0	0	0	0	0	0	0	0	0	9778	0	0	0	0	0	0	0	0	0	0	0	373135	0
FFQ	100	0	0	0	0	0	0	0	0	0	0	0	3680	0	0	0	0	0	0	0	0	0	0	0	0	0	9700	0	0	0	0	0	0	0	0	0	0	0	373354	0
FFQ	101	0	0	0	0	0	0	0	0	0	0	0	3627	0	0	0	0	0	0	0	0	0	0	0	0	0	10037	0	0	0	0	0	0	0	0	0	0	0	373070	0
FFQ	102	0	0	0	0	0	0	0	0	0	0	0	3943	0	0	0	0	0	0	0	0	0	0	0	0	0	10747	0	0	0	0	0	0	0	0	0	0	0	372044	0
FFQ	103	0	0	0	0	0	0	0	0	0	0	0	4176	0	0	0	0	0	0	0	0	0	0	0	0	0	10999	0	0	0	0	0	0	0	0	0	0	0	371559	0
FFQ	104	0	0	0	0	0	0	0	0	0	0	0	3905	0	0	0	0	0	0	0	0	0	0	0	0	0	10321	0	0	0	0	0	0	0	0	0	0	0	372508	0
FFQ	105	0	0	0	0	0	0	0	0	0	0	0	3940	0	0	0	0	0	0	0	0	0	0	0	0	0	10275	0	0	0	0	0	0	0	0	0	0	0	372519	0
FFQ	106	0	0	0	0	0	0	0	0	0	0	0	4090	0	0	0	0	0	0	0	0	0	0	0	0	0	10855	0	0	0	0	0	0	0	0	0	0	0	371789	0
FFQ	107	0	0	0	0	0	0	0	0	0	0	0	4309	0	0	0	0	0	0	0	0	0	0	0	0	0	11418	0	0	0	0	0	0	0	0	0	0	0	371007	0
FFQ	108	0	0	0	0	0	0	0	0	0	0	0	5150	0	0	0	0	0	0	0	0	0	0	0	0	0	12513	0	0	0	0	0	0	0	0	0	0	0	369071	0
FFQ	109	0	0	0	0	0	0	0	0	0	0	0	4853	0	0	0	0	0	0	0	0	0	0	0	0	0	11843	0	0	0	0	0	0	0	0	0	0	0	370038	0
FFQ	110	0	0	0	0	0	0	0	0	0	0	0	4690	0	0	0	0	0	0	0	0	0	0	0	0	0	11923	0	0	0	0	0	0	0	0	0	0	0	370121	0
FFQ	111	0	0	0	0	0	0	0	0	0	0	0	4252	0	0	0	0	0	0	0	0	0	0	0	0	0	10719	0	0	0	0	0	0	0	0	0	0	0	371763	0
FFQ	112	0	0	0	0	0	0	0	0	0	0	0	4164	0	0	0	0	0	0	0	0	0	0	0	0	0	10382	0	0	0	0	0	0	0	0	0	0	0	372188	0
FFQ	113	0	0	0	0	0	0	0	0	0	0	0	4889	0	0	0	0	0	0	0	0	0	0	0	0	0	12025	0	0	0	0	0	0	0	0	0	0	0	369820	0
FFQ	114	0	0	0	0	0	0	0	0	0	0	0	5094	0	0	0	0	0	0	0	0	0	0	0	0	0	12437	0	0	0	0	0	0	0	0	0	0	0	369203	0
FFQ	115	0	0	0	0	0	0	0	0	0	0	0	4564	0	0	0	0	0	0	0	0	0	0	0	0	0	11059	0	0	0	0	0	0	0	0	0	0	0	371111	0
FFQ	116	0	0	0	0	0	0	0	0	0	0	0	4723	0	0	0	0	0	0	0	0	0	0	0	0	0	11772	0	0	0	0	0	0	0	0	0	0	0	370239	0
FFQ	117	0	0	0	0	0	0	0	0	0	0	0	5309	0	0	0	0	0	0	0	0	0	0	0	0	0	12565	0	0	0	0	0	0	0	0	0	0	0	368860	0
FFQ	118	0	0	0	0	0	0	0	0	0	0	0	5439	0	0	0	0	0	0	0	0	0	0	0	0	0	12344	0	0	0	0	0	0	0	0	0	0	0	368951	0
FFQ	119	0	0	0	0	0	0	0	0	0	0	0	5255	0	0	0	0	0	0	0	0	0	0	0	0	0	12883	0	0	0	0	0	0	0	0	0	0	0	368596	0
FFQ	120	0	0	0	0	0	0	0	0	0	0	0	5380	0	0	0	0	0	0	0	0	0	0	0	0	0	12832	0	0	0	0	0	0	0	0	0	0	0	368522	0
FFQ	121	0	0	0	0	0	0	0	0	0	0	0	4938	0	0	0	0	0	0	0	0	0	0	0	0	0	12358	0	0	0	0	0	0	0	0	0	0	0	369438	0
FFQ	122	0	0	0	0	0	0	0	0	0	0	0	4978	0	0	0	0	0	0	0	0	0	0	0	0	0	12559	0	0	0	0	0	0	0	0	0	0	0	369197	0
FFQ	123	0	0	0	0	0	0	0	0	0	0	0	5671	0	0	0	0	0	0	0	0	0	0	0	0	0	13320	0	0	0	0	0	0	0	0	0	0	0	367743	0
FFQ	124	0	0	0	0	0	0	0	0	0	0	0	5427	0	0	0	0	0	0	0	0	0	0	0	0	0	13218	0	0	0	0	0	0	0	0	0	0	0	368089	0
FFQ	125	0	0	0	0	0	0	0	0	0	0	0	5297	0	0	0	0	0	0	0	0	0	0	0	0	0	13624	0	0	0	0	0	0	0	0	0	0	0	367813	0
FFQ	126	0	0	0	0	0	0	0	0	0	0	0	5822	0	0	0	0	0	0	0	0	0	0	0	0	0	14464	0	0	0	0	0	0	0	0	0	0	0	366448	0
FFQ	127	0	0	0	0	0	0	0	0	0	0	0	4986	0	0	0	0	0	0	0	0	0	0	0	0	0	12958	0	0	0	0	0	0	0	0	0	0	0	368790	0
FFQ	128	0	0	22	0	0	0	0	0	0	0	0	5332	0	0	0	0	0	0	0	0	0	0	0	0	0	14097	0	0	0	0	0	0	0	0	0	0	0	367283	0
FFQ	129	0	0	0	0	0	0	0	0	0	0	0	5754	0	0	0	0	0	0	0	0	0	0	0	0	0	14088	0	0	0	0	0	0	0	0	0	0	0	366892	0
FFQ	130	0	0	0	0	0	0	0	0	0	0	0	5523	0	0	0	0	0	0	0	0	0	0	0	0	0	13871	0	0	0	0	0	0	0	0	0	0	0	367340	0
FFQ	131	0	0	0	0	0	0	0	0	0	0	0	5411	0	0	0	0	0	0	0	0	0	0	0	0	0	13589	0	0	0	0	0	0	0	0	0	0	0	367734	0
FFQ	132	0	0	0	0	0	0	0	0	0	0	0	5404	0	0	0	0	0	0	0	0	0	0	0	0	0	13395	0	0	0	0	0	0	0	0	0	0	0	367935	0
FFQ	133	0	0	0	0	0	0	0	0	0	0	0	5335	0	0	0	0	0	0	0	0	0	0	0	0	0	13867	0	0	0	0	0	0	0	0	0	0	0	367532	0
FFQ	134	0	0	0	0	0	0	0	0	0	0	0	5523	0	0	0	0	0	0	0	0	0	0	0	0	0	13609	0	0	0	0	0	0	0	0	0	0	0	367602	0
FFQ	135	0	0	0	0	0	0	0	0	0	0	0	5674	0	0	0	0	0	0	0	0	0	0	0	0	0	14102	0	0	0	0	0	0	0	0	0	0	0	366958	0
FFQ	136	0	0	0	0	0	0	0	0	0	0	0	6266	0	0	0	0	0	0	0	0	0	0	0	0	0	15260	0	0	0	0	0	0	0	0	0	0	0	365208	0
FFQ	137	0	0	0	0	0	0	0	0	0	0	0	6538	0	0	0	0	0	0	0	0	0	0	0	0	0	15777	0	0	0	0	0	0	0	0	0	0	0	364419	0
FFQ	138	0	0	0	0	0	0	0	0	0	0	0	6887	0	0	0	0	0	0	0	0	0	0	0	0	0	16844	0	0	0	0	0	0	0	0	0	0	0	363003	0
FFQ	139	0	0	0	0	0	0	0	0	0	0	0	7893	0	0	0	0	0	0	0	0	0	0	0	0	0	18455	0	0	0	0	0	0	0	0	0	0	0	360386	0
FFQ	140	0	0	0	0	0	0	0	0	0	0	0	7760	0	0	0	0	0	0	0	0	0	0	0	0	0	17684	0	0	0	0	0	0	0	0	0	0	0	361290	0
FFQ	141	0	0	0	0	0	0	0	0	0	0	0	6950	0	0	0	0	0	0	0	0	0	0	0	0	0	17974	0	0	0	0	0	0	0	0	0	0	0	361810	0
FFQ	142	0	0	0	0	0	0	0	0	0	0	0	7019	0	0	0	0	0	0	0	0	0	0	0	0	0	17395	0	0	0	0	0	0	0	0	0	0	0	362320	0
FFQ	143	0	0	0	0	0	0	0	0	0	0	0	6726	0	0	0	0	0	0	0	0	0	0	0	0	0	16287	0	0	0	0	0	0	0	0	0	0	0	363717	0
FFQ	144	0	0	0	0	0	0	0	0	0	0	0	6936	0	0	0	0	0	0	0	0	0	0	0	0	0	16654	0	0	0	0	0	0	0	0	0	0	0	362867	0
FFQ	145	0	0	0	0	0	0	0	0	0	0	0	7730	0	0	0	0	0	0	0	0	0	0	0	0	0	18150	0	0	0	0	0	0	0	0	0	0	0	360353	0
FFQ	146	0	0	0	0	0	0	0	0	0	0	0	6925	0	0	0	0	0	0	0	0	0	0	0	0	0	16789	0	0	0	0	0	0	0	0	0	0	0	361849	0
FFQ	147	0	0	0	0	0	0	0	0	0	0	0	7047	0	0	0	0	0	0	0	0	0	0	0	0	0	16570	0	0	0	0	0	0	0	0	0	0	0	359403	0
FFQ	148	0	0	0	0	0	0	0	0	0	0	0	6816	0	0	0	0	0	0	0	0	0	0	0	0	0	16164	0	0	0	0	0	0	0	0	0	0	0	349371	0
FFQ	149	0	0	0	0	0	0	0	0	0	0	0	6563	0	0	0	0	0	0	0	0	0	0	0	0	0	16360	0	0	0	0	0	0	0	0	0	0	0	349428	0
FFQ	150	0	0	0	0	0	0	0	0	0	0	0	6719	0	0	0	0	0	0	0	0	0	0	0	0	0	16343	0	0	0	0	0	0	0	0	0	0	0	349262	0
# Last Fragment Qualities. Use `grep ^LFQ | cut -f 2-` to extract this part.
# Columns correspond to qualities and rows to cycles. First column is the cycle number.
LFQ	1	0	0	0	0	0	0	0	0	0	0	0	4860	0	0	0	0	0	0	0	0	0	0	0	0	0	11808	0	0	0	0	0	0	0	0	0	0	0	372032	0
LFQ	2	0	0	0	0	0	0	0	0	0	0	0	4626	0	0	0	0	0	0	0	0	0	0	0	0	0	14001	0	0	0	0	0	0	0	0	0	0	0	370073	0
LFQ	3	0	0	0	0	0	0	0	0	0	0	0	4213	0	0	0	0	0	0	0	0	0	0	0	0	0	11594	0	0	0	0	0	0	0	0	0	0	0	372893	0
LFQ	4	0	0	0	0	0	0	0	0	0	0	0	3764	0	0	0	0	0	0	0	0	0	0	0	0	0	10329	0	0	0	0	0	0	0	0	0	0	0	374607	0
LFQ	5	0	0	0	0	0	0	0	0	0	0	0	3456	0	0	0	0	0	0	0	0	0	0	0	0	0	9891	0	0	0	0	0	0	0	0	0	0	0	375353	0
LFQ	6	0	0	0	0	0	0	0	0	0	0	0	3735	0	0	0	0	0	0	0	0	0	0	0	0	0	10509	0	0	0	0	0	0	0	0	0	0	0	374456	0
LFQ	7	0	0	0	0	0	0	0	0	0	0	0	4081	0	0	0	0	0	0	0	0	0	0	0	0	0	10745	0	0	0	0	0	0	0	0	0	0	0	373874	0
LFQ	8	0	0	0	0	0	0	0	0	0	0	0	3650	0	0	0	0	0	0	0	0	0	0	0	0	0	9773	0	0	0	0	0	0	0	0	0	0	0	375277	0
LFQ	9	0	0	22	0	0	0	0	0	0	0	0	3543	0	0	0	0	0	0	0	0	0	0	0	0	0	9055	0	0	0	0	0	0	0	0	0	0	0	376080	0
LFQ	10	0	0	2	0	0	0	0	0	0	0	0	3704	0	0	0	0	0	0	0	0	0	0	0	0	0	10259	0	0	0	0	0	0	0	0	0	0	0	374735	0
LFQ	11	0	0	0	0	0	0	0	0	0	0	0	3520	0	0	0	0	0	0	0	0	0	0	0	0	0	9621	0	0	0	0	0	0	0	0	0	0	0	375559	0
LFQ	12	0	0	0	0	0	0	0	0	0	0	0	3500	0	0	0	0	0	0	0	0	0	0	0	0	0	9353	0	0	0	0	0	0	0	0	0	0	0	375847	0
LFQ	13	0	0	0	0	0	0	0	0	0	0	0	3432	0	0	0	0	0	0	0	0	0	0	0	0	0	9143	0	0	0	0	0	0	0	0	0	0	0	376125	0
LFQ	14	0	0	0	0	0	0	0	0	0	0	0	3507	0	0	0	0	0	0	0	0	0	0	0	0	0	9487	0	0	0	0	0	0	0	0	0	0	0	375706	0
LFQ	15	0	0	0	0	0	0	0	0	0	0	0	3540	0	0	0	0	0	0	0	0	0	0	0	0	0	9784	0	0	0	0	0	0	0	0	0	0	0	375376	0
LFQ	16	0	0	0	0	0	0	0	0	0	0	0	3453	0	0	0	0	0	0	0	0	0	0	0	0	0	9743	0	0	0	0	0	0	0	0	0	0	0	375504	0
LFQ	17	0	0	0	0	0	0	0	0	0	0	0	3517	0	0	0	0	0	0	0	0	0	0	0	0	0	10054	0	0	0	0	0	0	0	0	0	0	0	375129	0
LFQ	18	0	0	0	0	0	0	0	0	0	0	0	3267	0	0	0	0	0	0	0	0	0	0	0	0	0	9422	0	0	0	0	0	0	0	0	0	0	0	376011	0
LFQ	19	0	0	0	0	0	0	0	0	0	0	0	3427	0	0	0	0	0	0	0	0	0	0	0	0	0	9942	0	0	0	0	0	0	0	0	0	0	0	375331	0
LFQ	20	0	0	0	0	0	0	0	0	0	0	0	3431	0	0	0	0	0	0	0	0	0	0	0	0	0	9981	0	0	0	0	0	0	0	0	0	0	0	375288	0
LFQ	21	0	0	0	0	0	0	0	0	0	0	0	3537	0	0	0	0	0	0	0	0	0	0	0	0	0	9800	0	0	0	0	0	0	0	0	0	0	0	375363	0
LFQ	22	0	0	0	0	0	0	0	0	0	0	0	3660	0	0	0	0	0	0	0	0	0	0	0	0	0	10482	0	0	0	0	0	0	0	0	0	0	0	374558	0
LFQ	23	0	0	0	0	0	0	0	0	0	0	0	3897	0	0	0	0	0	0	0	0	0	0	0	0	0	10682	0	0	0	0	0	0	0	0	0	0	0	374121	0
LFQ	24	0	0	0	0	0	0	0	0	0	0	0	3861	0	0	0	0	0	0	0	0	0	0	0	0	0	10944	0	0	0	0	0	0	0	0	0	0	0	373895	0
LFQ	25	0	0	0	0	0	0	0	0	0	0	0	4073	0	0	0	0	0	0	0	0	0	0	0	0	0	11515	0	0	0	0	0	0	0	0	0	0	0	373112	0
LFQ	26	0	0	0	0	0	0	0	0	0	0	0	3970	0	0	0	0	0	0	0	0	0	0	0	0	0	11507	0	0	0	0	0	0	0	0	0	0	0	373223	0
LFQ	27	0	0	0	0	0	0	0	0	0	0	0	4170	0	0	0	0	0	0	0	0	0	0	0	0	0	11990	0	0	0	0	0	0	0	0	0	0	0	372540	0
LFQ	28	0	0	0	0	0	0	0	0	0	0	0	4313	0	0	0	0	0	0	0	0	0	0	0	0	0	11806	0	0	0	0	0	0	0	0	0	0	0	372581	0
LFQ	29	0	0	0	0	0	0	0	0	0	0	0	4299	0	0	0	0	0	0	0	0	0	0	0	0	0	12412	0	0	0	0	0	0	0	0	0	0	0	371989	0
LFQ	30	0	0	0	0	0	0	0	0	0	0	0	4363	0	0	0	0	0	0	0	0	0	0	0	0	0	12182	0	0	0	0	0	0	0	0	0	0	0	372155	0
LFQ	31	0	0	0	0	0	0	0	0	0	0	0	4303	0	0	0	0	0	0	0	0	0	0	0	0	0	12200	0	0	0	0	0	0	0	0	0	0	0	372197	0
LFQ	32	0	0	0	0	0	0	0	0	0	0	0	4400	0	0	0	0	0	0	0	0	0	0	0	0	0	12460	0	0	0	0	0	0	0	0	0	0	0	371840	0
LFQ	33	0	0	0	0	0	0	0	0	0	0	0	4296	0	0	0	0	0	0	0	0	0	0	0	0	0	12348	0	0	0	0	0	0	0	0	0	0	0	372056	0
LFQ	34	0	0	0	0	0	0	0	0	0	0	0	4122	0	0	0	0	0	0	0	0	0	0	0	0	0	11924	0	0	0	0	0	0	0	0	0	0	0	372654	0
LFQ	35	0	0	0	0	0	0	0	0	0	0	0	4431	0	0	0	0	0	0	0	0	0	0	0	0	0	12157	0	0	0	0	0	0	0	0	0	0	0	372112	0
LFQ	36	0	0	0	0	0	0	0	0	0	0	0	4217	0	0	0	0	0	0	0	0	0	0	0	0	0	11920	0	0	0	0	0	0	0	0	0	0	0	372563	0
LFQ	37	0	0	12	0	0	0	0	0	0	0	0	4313	0	0	0	0	0	0	0	0	0	0	0	0	0	12357	0	0	0	0	0	0	0	0	0	0	0	372018	0
LFQ	38	0	0	0	0	0	0	0	0	0	0	0	4537	0	0	0	0	0	0	0	0	0	0	0	0	0	12119	0	0	0	0	0	0	0	0	0	0	0	372044	0
LFQ	39	0	0	0	0	0	0	0	0	0	0	0	4532	0	0	0	0	0	0	0	0	0	0	0	0	0	12465	0	0	0	0	0	0	0	0	0	0	0	371703	0
LFQ	40	0	0	0	0	0	0	0	0	0	0	0	4579	0	0	0	0	0	0	0	0	0	0	0	0	0	12179	0	0	0	0	0	0	0	0	0	0	0	371942	0
LFQ	41	0	0	17	0	0	0	0	0	0	0	0	4453	0	0	0	0	0	0	0	0	0	0	0	0	0	12594	0	0	0	0	0	0	0	0	0	0	0	371636	0
LFQ	42	0	0	0	0	0	0	0	0	0	0	0	4912	0	0	0	0	0	0	0	0	0	0	0	0	0	12903	0	0	0	0	0	0	0	0	0	0	0	370885	0
LFQ	43	0	0	0	0	0	0	0	0	0	0	0	4944	0	0	0	0	0	0	0	0	0	0	0	0	0	13440	0	0	0	0	0	0	0	0	0	0	0	370316	0
LFQ	44	0	0	0	0	0	0	0	0	0	0	0	4997	0	0	0	0	0	0	0	0	0	0	0	0	0	13299	0	0	0	0	0	0	0	0	0	0	0	370404	0
LFQ	45	0	0	0	0	0	0	0	0	0	0	0	4652	0	0	0	0	0	0	0	0	0	0	0	0	0	12780	0	0	0	0	0	0	0	0	0	0	0	371268	0
LFQ	46	0	0	0	0	0	0	0	0	0	0	0	4576	0	0	0	0	0	0	0	0	0	0	0	0	0	12118	0	0	0	0	0	0	0	0	0	0	0	372006	0
LFQ	47	0	0	0	0	0	0	0	0	0	0	0	4606	0	0	0	0	0	0	0	0	0	0	0	0	0	12885	0	0	0	0	0	0	0	0	0	0	0	371209	0
LFQ	48	0	0	0	0	0	0	0	0	0	0	0	4712	0	0	0	0	0	0	0	0	0	0	0	0	0	13030	0	0	0	0	0	0	0	0	0	0	0	370958	0
LFQ	49	0	0	0	0	0	0	0	0	0	0	0	4890	0	0	0	0	0	0	0	0	0	0	0	0	0	13609	0	0	0	0	0	0	0	0	0	0	0	370201	0
LFQ	50	0	0	0	0	0	0	0	0	0	0	0	4956	0	0	0	0	0	0	0	0	0	0	0	0	0	13051	0	0	0	0	0	0	0	0	0	0	0	370693	0
LFQ	51	0	0	0	0	0	0	0	0	0	0	0	5170	0	0	0	0	0	0	0	0	0	0	0	0	0	13790	0	0	0	0	0	0	0	0	0	0	0	369740	0
LFQ	52	0	0	0	0	0	0	0	0	0	0	0	5054	0	0	0	0	0	0	0	0	0	0	0	0	0	13306	0	0	0	0	0	0	0	0	0	0	0	370340	0
LFQ	53	0	0	0	0	0	0	0	0	0	0	0	5031	0	0	0	0	0	0	0	0	0	0	0	0	0	12997	0	0	0	0	0	0	0	0	0	0	0	370672	0
LFQ	54	0	0	0	0	0	0	0	0	0	0	0	5050	0	0	0	0	0	0	0	0	0	0	0	0	0	13114	0	0	0	0	0	0	0	0	0	0	0	370536	0
LFQ	55	0	0	0	0	0	0	0	0	0	0	0	4802	0	0	0	0	0	0	0	0	0	0	0	0	0	13336	0	0	0	0	0	0	0	0	0	0	0	370562	0
LFQ	56	0	0	0	0	0	0	0	0	0	0	0	4867	0	0	0	0	0	0	0	0	0	0	0	0	0	13215	0	0	0	0	0	0	0	0	0	0	0	370618	0
LFQ	57	0	0	0	0	0	0	0	0	0	0	0	5009	0	0	0	0	0	0	0	0	0	0	0	0	0	13187	0	0	0	0	0	0	0	0	0	0	0	370504	0
LFQ	58	0	0	0	0	0	0	0	0	0	0	0	4943	0	0	0	0	0	0	0	0	0	0	0	0	0	13644	0	0	0	0	0	0	0	0	0	0	0	370113	0
LFQ	59	0	0	0	0	0	0	0	0	0	0	0	5334	0	0	0	0	0	0	0	0	0	0	0	0	0	13870	0	0	0	0	0	0	0	0	0	0	0	369496	0
LFQ	60	0	0	0	0	0	0	0	0	0	0	0	5133	0	0	0	0	0	0	0	0	0	0	0	0	0	13576	0	0	0	0	0	0	0	0	0	0	0	369991	0
LFQ	61	0	0	0	0	0	0	0	0	0	0	0	5305	0	0	0	0	0	0	0	0	0	0	0	0	0	13621	0	0	0	0	0	0	0	0	0	0	0	369774	0
LFQ	62	0	0	0	0	0	0	0	0	0	0	0	5414	0	0	0	0	0	0	0	0	0	0	0	0	0	14376	0	0	0	0	0	0	0	0	0	0	0	368910	0
LFQ	63	0	0	0	0	0	0	0	0	0	0	0	5728	0	0	0	0	0	0	0	0	0	0	0	0	0	14823	0	0	0	0	0	0	0	0	0	0	0	368149	0
LFQ	64	0	0	0	0	0	0	0	0	0	0	0	6002	0	0	0	0	0	0	0	0	0	0	0	0	0	15007	0	0	0	0	0	0	0	0	0	0	0	367691	0
LFQ	65	0	0	1	0	0	0	0	0	0	0	0	5740	0	0	0	0	0	0	0	0	0	0	0	0	0	14813	0	0	0	0	0	0	0	0	0	0	0	368146	0
LFQ	66	0	0	0	0	0	0	0	0	0	0	0	5710	0	0	0	0	0	0	0	0	0	0	0	0	0	14863	0	0	0	0	0	0	0	0	0	0	0	368127	0
LFQ	67	0	0	0	0	0	0	0	0	0	0	0	5619	0	0	0	0	0	0	0	0	0	0	0	0	0	14522	0	0	0	0	0	0	0	0	0	0	0	368559	0
LFQ	68	0	0	0	0	0	0	0	0	0	0	0	5731	0	0	0	0	0	0	0	0	0	0	0	0	0	14760	0	0	0	0	0	0	0	0	0	0	0	368209	0
LFQ	69	0	0	0	0	0	0	0	0	0	0	0	5852	0	0	0	0	0	0	0	0	0	0	0	0	0	15121	0	0	0	0	0	0	0	0	0	0	0	367727	0
LFQ	70	0	0	0	0	0	0	0	0	0	0	0	5555	0	0	0	0	0	0	0	0	0	0	0	0	0	14892	0	0	0	0	0	0	0	0	0	0	0	368253	0
LFQ	71	0	0	21	0	0	0	0	0	0	0	0	5540	0	0	0	0	0	0	0	0	0	0	0	0	0	14550	0	0	0	0	0	0	0	0	0	0	0	368589	0
LFQ	72	0	0	0	0	0	0	0	0	0	0	0	6047	0	0	0	0	0	0	0	0	0	0	0	0	0	15082	0	0	0	0	0	0	0	0	0	0	0	367571	0
LFQ	73	0	0	0	0	0	0	0	0	0	0	0	5946	0	0	0	0	0	0	0	0	0	0	0	0	0	15441	0	0	0	0	0	0	0	0	0	0	0	367313	0
LFQ	74	0	0	0	0	0	0	0	0	0	0	0	5549	0	0	0	0	0	0	0	0	0	0	0	0	0	14793	0	0	0	0	0	0	0	0	0	0	0	368358	0
LFQ	75	0	0	0	0	0	0	0	0	0	0	0	5755	0	0	0	0	0	0	0	0	0	0	0	0	0	15266	0	0	0	0	0	0	0	0	0	0	0	367679	0
LFQ	76	0	0	0	0	0	0	0	0	0	0	0	6079	0	0	0	0	0	0	0	0	0	0	0	0	0	15899	0	0	0	0	0	0	0	0	0	0	0	366722	0
LFQ	77	0	0	8	0	0	0	0	0	0	0	0	5996	0	0	0	0	0	0	0	0	0	0	0	0	0	15704	0	0	0	0	0	0	0	0	0	0	0	366992	0
LFQ	78	0	0	0	0	0	0	0	0	0	0	0	5793	0	0	0	0	0	0	0	0	0	0	0	0	0	15449	0	0	0	0	0	0	0	0	0	0	0	367458	0
LFQ	79	0	0	0	0	0	0	0	0	0	0	0	6382	0	0	0	0	0	0	0	0	0	0	0	0	0	15706	0	0	0	0	0	0	0	0	0	0	0	366612	0
LFQ	80	0	0	0	0	0	0	0	0	0	0	0	6436	0	0	0	0	0	0	0	0	0	0	0	0	0	16406	0	0	0	0	0	0	0	0	0	0	0	365858	0
LFQ	81	0	0	0	0	0	0	0	0	0	0	0	6282	0	0	0	0	0	0	0	0	0	0	0	0	0	15620	0	0	0	0	0	0	0	0	0	0	0	366798	0
LFQ	82	0	0	0	0	0	0	0	0	0	0	0	6496	0	0	0	0	0	0	0	0	0	0	0	0	0	16428	0	0	0	0	0	0	0	0	0	0	0	365776	0
LFQ	83	0	0	0	0	0	0	0	0	0	0	0	6519	0	0	0	0	0	0	0	0	0	0	0	0	0	16359	0	0	0	0	0	0	0	0	0	0	0	365822	0
LFQ	84	0	0	0	0	0	0	0	0	0	0	0	6335	0	0	0	0	0	0	0	0	0	0	0	0	0	16269	0	0	0	0	0	0	0	0	0	0	0	366096	0
LFQ	85	0	0	0	0	0	0	0	0	0	0	0	6415	0	0	0	0	0	0	0	0	0	0	0	0	0	16173	0	0	0	0	0	0	0	0	0	0	0	366112	0
LFQ	86	0	0	0	0	0	0	0	0	0	0	0	6342	0	0	0	0	0	0	0	0	0	0	0	0	0	16280	0	0	0	0	0	0	0	0	0	0	0	366078	0
LFQ	87	0	0	16	0	0	0	0	0	0	0	0	6746	0	0	0	0	0	0	0	0	0	0	0	0	0	16841	0	0	0	0	0	0	0	0	0	0	0	365097	0
LFQ	88	0	0	0	0	0	0	0	0	0	0	0	6877	0	0	0	0	0	0	0	0	0	0	0	0	0	17153	0	0	0	0	0	0	0	0	0	0	0	364670	0
LFQ	89	0	0	0	0	0	0	0	0	0	0	0	7220	0	0	0	0	0	0	0	0	0	0	0	0	0	17328	0	0	0	0	0	0	0	0	0	0	0	364152	0
LFQ	90	0	0	0	0	0	0	0	0	0	0	0	6643	0	0	0	0	0	0	0	0	0	0	0	0	0	16739	0	0	0	0	0	0	0	0	0	0	0	365318	0
LFQ	91	0	0	0	0	0	0	0	0	0	0	0	7581	0	0	0	0	0	0	0	0	0	0	0	0	0	18034	0	0	0	0	0	0	0	0	0	0	0	363085	0
LFQ	92	0	0	0	0	0	0	0	0	0	0	0	7485	0	0	0	0	0	0	0	0	0	0	0	0	0	17827	0	0	0	0	0	0	0	0	0	0	0	363388	0
LFQ	93	0	0	0	0	0	0	0	0	0	0	0	7523	0	0	0	0	0	0	0	0	0	0	0	0	0	18291	0	0	0	0	0	0	0	0	0	0	0	362886	0
LFQ	94	0	0	0	0	0	0	0	0	0	0	0	7717	0	0	0	0	0	0	0	0	0	0	0	0	0	18234	0	0	0	0	0	0	0	0	0	0	0	362749	0
LFQ	95	0	0	0	0	0	0	0	0	0	0	0	7669	0	0	0	0	0	0	0	0	0	0	0	0	0	18174	0	0	0	0	0	0	0	0	0	0	0	362857	0
LFQ	96	0	0	0	0	0	0	0	0	0	0	0	8056	0	0	0	0	0	0	0	0	0	0	0	0	0	18916	0	0	0	0	0	0	0	0	0	0	0	361728	0
LFQ	97	0	0	15	0	0	0	0	0	0	0	0	7762	0	0	0	0	0	0	0	0	0	0	0	0	0	18774	0	0	0	0	0	0	0	0	0	0	0	362149	0
LFQ	98	0	0	0	0	0	0	0	0	0	0	0	7951	0	0	0	0	0	0	0	0	0	0	0	0	0	18782	0	0	0	0	0	0	0	0	0	0	0	361967	0
LFQ	99	0	0	0	0	0	0	0	0	0	0	0	8410	0	0	0	0	0	0	0	0	0	0	0	0	0	19748	0	0	0	0	0	0	0	0	0	0	0	360542	0
LFQ	100	0	0	0	0	0	0	0	0	0	0	0	7691	0	0	0	0	0	0	0	0	0	0	0	0	0	18729	0	0	0	0	0	0	0	0	0	0	0	362280	0
LFQ	101	0	0	0	0	0	0	0	0	0	0	0	7688	0	0	0	0	0	0	0	0	0	0	0	0	0	18059	0	0	0	0	0	0	0	0	0	0	0	362953	0
LFQ	102	0	0	0	0	0	0	0	0	0	0	0	7771	0	0	0	0	0	0	0	0	0	0	0	0	0	18618	0	0	0	0	0	0	0	0	0	0	0	362311	0
LFQ	103	0	0	0	0	0	0	0	0	0	0	0	8068	0	0	0	0	0	0	0	0	0	0	0	0	0	19089	0	0	0	0	0	0	0	0	0	0	0	361543	0
LFQ	104	0	0	0	0	0	0	0	0	0	0	0	7975	0	0	0	0	0	0	0	0	0	0	0	0	0	18876	0	0	0	0	0	0	0	0	0	0	0	361849	0
LFQ	105	0	0	0	0	0	0	0	0	0	0	0	8294	0	0	0	0	0	0	0	0	0	0	0	0	0	19259	0	0	0	0	0	0	0	0	0	0	0	361147	0
LFQ	106	0	0	0	0	0	0	0	0	0	0	0	8419	0	0	0	0	0	0	0	0	0	0	0	0	0	18975	0	0	0	0	0	0	0	0	0	0	0	361306	0
LFQ	107	0	0	0	0	0	0	0	0	0	0	0	8610	0	0	0	0	0	0	0	0	0	0	0	0	0	19325	0	0	0	0	0	0	0	0	0	0	0	360765	0
LFQ	108	0	0	0	0	0	0	0	0	0	0	0	8345	0	0	0	0	0	0	0	0	0	0	0	0	0	19304	0	0	0	0	0	0	0	0	0	0	0	361051	0
LFQ	109	0	0	0	0	0	0	0	0	0	0	0	8617	0	0	0	0	0	0	0	0	0	0	0	0	0	19880	0	0	0	0	0	0	0	0	0	0	0	360203	0
LFQ	110	0	0	0	0	0	0	0	0	0	0	0	9232	0	0	0	0	0	0	0	0	0	0	0	0	0	20768	0	0	0	0	0	0	0	0	0	0	0	358700	0
LFQ	111	0	0	0	0	0	0	0	0	0	0	0	8658	0	0	0	0	0	0	0	0	0	0	0	0	0	20007	0	0	0	0	0	0	0	0	0	0	0	360035	0
LFQ	112	0	0	7	0	0	0	0	0	0	0	0	8527	0	0	0	0	0	0	0	0	0	0	0	0	0	19762	0	0	0	0	0	0	0	0	0	0	0	360404	0
LFQ	113	0	0	1	0	0	0	0	0	0	0	0	8343	0	0	0	0	0	0	0	0	0	0	0	0	0	19688	0	0	0	0	0	0	0	0	0	0	0	360668	0
LFQ	114	0	0	0	0	0	0	0	0	0	0	0	8867	0	0	0	0	0	0	0	0	0	0	0	0	0	20683	0	0	0	0	0	0	0	0	0	0	0	359150	0
LFQ	115	0	0	0	0	0	0	0	0	0	0	0	8984	0	0	0	0	0	0	0	0	0	0	0	0	0	20862	0	0	0	0	0	0	0	0	0	0	0	358854	0
LFQ	116	0	0	7	0	0	0	0	0	0	0	0	8553	0	0	0	0	0	0	0	0	0	0	0	0	0	20125	0	0	0	0	0	0	0	0	0	0	0	360015	0
LFQ	117	0	0	0	0	0	0	0	0	0	0	0	9098	0	0	0	0	0	0	0	0	0	0	0	0	0	20770	0	0	0	0	0	0	0	0	0	0	0	358832	0
LFQ	118	0	0	27	0	0	0	0	0	0	0	0	9123	0	0	0	0	0	0	0	0	0	0	0	0	0	20951	0	0	0	0	0	0	0	0	0	0	0	358599	0
LFQ	119	0	0	2	0	0	0	0	0	0	0	0	8896	0	0	0	0	0	0	0	0	0	0	0	0	0	20792	0	0	0	0	0	0	0	0	0	0	0	359010	0
LFQ	120	0	0	0	0	0	0	0	0	0	0	0	9461	0	0	0	0	0	0	0	0	0	0	0	0	0	21650	0	0	0	0	0	0	0	0	0	0	0	357589	0
LFQ	121	0	0	21	0	0	0	0	0	0	0	0	9513	0	0	0	0	0	0	0	0	0	0	0	0	0	21913	0	0	0	0	0	0	0	0	0	0	0	357253	0
LFQ	122	0	0	0	0	0	0	0	0	0	0	0	9787	0	0	0	0	0	0	0	0	0	0	0	0	0	21615	0	0	0	0	0	0	0	0	0	0	0	357298	0
LFQ	123	0	0	0	0	0	0	0	0	0	0	0	9425	0	0	0	0	0	0	0	0	0	0	0	0	0	21397	0	0	0	0	0	0	0	0	0	0	0	357878	0
LFQ	124	0	0	0	0	0	0	0	0	0	0	0	10155	0	0	0	0	0	0	0	0	0	0	0	0	0	22861	0	0	0	0	0	0	0	0	0	0	0	355684	0
LFQ	125	0	0	0	0	0	0	0	0	0	0	0	10449	0	0	0	0	0	0	0	0	0	0	0	0	0	23265	0	0	0	0	0	0	0	0	0	0	0	354986	0
LFQ	126	0	0	0	0	0	0	0	0	0	0	0	10331	0	0	0	0	0	0	0	0	0	0	0	0	0	22479	0	0	0	0	0	0	0	0	0	0	0	355890	0
LFQ	127	0	0	0	0	0	0	0	0	0	0	0	10342	0	0	0	0	0	0	0	0	0	0	0	0	0	22535	0	0	0	0	0	0	0	0	0	0	0	355823	0
LFQ	128	0	0	0	0	0	0	0	0	0	0	0	11040	0	0	0	0	0	0	0	0	0	0	0	0	0	23422	0	0	0	0	0	0	0	0	0	0	0	354238	0
LFQ	129	0	0	0	0	0	0	0	0	0	0	0	11107	0	0	0	0	0	0	0	0	0	0	0	0	0	24373	0	0	0	0	0	0	0	0	0	0	0	353220	0
LFQ	130	0	0	0	0	0	0	0	0	0	0	0	11273	0	0	0	0	0	0	0	0	0	0	0	0	0	24029	0	0	0	0	0	0	0	0	0	0	0	353398	0
LFQ	131	0	0	0	0	0	0	0	0	0	0	0	10980	0	0	0	0	0	0	0	0	0	0	0	0	0	23866	0	0	0	0	0	0	0	0	0	0	0	353854	0
LFQ	132	0	0	0	0	0	0	0	0	0	0	0	11485	0	0	0	0	0	0	0	0	0	0	0	0	0	24372	0	0	0	0	0	0	0	0	0	0	0	352843	0
LFQ	133	0	0	0	0	0	0	0	0	0	0	0	11286	0	0	0	0	0	0	0	0	0	0	0	0	0	23895	0	0	0	0	0	0	0	0	0	0	0	353519	0
LFQ	134	0	0	0	0	0	0	0	0	0	0	0	10377	0	0	0	0	0	0	0	0	0	0	0	0	0	23509	0	0	0	0	0	0	0	0	0	0	0	354814	0
LFQ	135	0	0	0	0	0	0	0	0	0	0	0	10263	0	0	0	0	0	0	0	0	0	0	0	0	0	23197	0	0	0	0	0	0	0	0	0	0	0	355240	0
LFQ	136	0	0	0	0	0	0	0	0	0	0	0	10840	0	0	0	0	0	0	0	0	0	0	0	0	0	24557	0	0	0	0	0	0	0	0	0	0	0	353303	0
LFQ	137	0	0	0	0	0	0	0	0	0	0	0	11326	0	0	0	0	0	0	0	0	0	0	0	0	0	24798	0	0	0	0	0	0	0	0	0	0	0	352576	0
LFQ	138	0	0	0	0	0	0	0	0	0	0	0	11344	0	0	0	0	0	0	0	0	0	0	0	0	0	24550	0	0	0	0	0	0	0	0	0	0	0	352542	0
LFQ	139	0	0	0	0	0	0	0	0	0	0	0	10975	0	0	0	0	0	0	0	0	0	0	0	0	0	23857	0	0	0	0	0	0	0	0	0	0	0	353323	0
LFQ	140	0	0	0	0	0	0	0	0	0	0	0	12107	0	0	0	0	0	0	0	0	0	0	0	0	0	25006	0	0	0	0	0	0	0	0	0	0	0	350793	0
LFQ	141	0	0	0	0	0	0	0	0	0	0	0	13487	0	0	0	0	0	0	0	0	0	0	0	0	0	26885	0	0	0	0	0	0	0	0	0	0	0	347210	0
LFQ	142	0	0	0	0	0	0	0	0	0	0	0	13292	0	0	0	0	0	0	0	0	0	0	0	0	0	26638	0	0	0	0	0	0	0	0	0	0	0	347354	0
LFQ	143	0	0	0	0	0	0	0	0	0	0	0	12977	0	0	0	0	0	0	0	0	0	0	0	0	0	26774	0	0	0	0	0	0	0	0	0	0	0	347181	0
LFQ	144	0	0	0	0	0	0	0	0	0	0	0	13152	0	0	0	0	0	0	0	0	0	0	0	0	0	26437	0	0	0	0	0	0	0	0	0	0	0	346998	0
LFQ	145	0	0	22	0	0	0	0	0	0	0	0	13359	0	0	0	0	0	0	0	0	0	0	0	0	0	26345	0	0	0	0	0	0	0	0	0	0	0	346511	0
LFQ	146	0	0	0	0	0	0	0	0	0	0	0	13069	0	0	0	0	0	0	0	0	0	0	0	0	0	26052	0	0	0	0	0	0	0	0	0	0	0	346749	0
LFQ	147	0	0	0	0	0	0	0	0	0	0	0	13187	0	0	0	0	0	0	0	0	0	0	0	0	0	26545	0	0	0	0	0	0	0	0	0	0	0	344627	0
LFQ	148	0	0	0	0	0	0	0	0	0	0	0	12612	0	0	0	0	0	0	0	0	0	0	0	0	0	25537	0	0	0	0	0	0	0	0	0	0	0	336148	0
LFQ	149	0	0	0	0	0	0	0	0	0	0	0	12659	0	0	0	0	0	0	0	0	0	0	0	0	0	26042	0	0	0	0	0	0	0	0	0	0	0	335596	0
LFQ	150	0	0	0	0	0	0	0	0	0	0	0	13539	0	0	0	0	0	0	0	0	0	0	0	0	0	27042	0	0	0	0	0	0	0	0	0	0	0	333472	0
# GC Content of first fragments. Use `grep ^GCF | cut -f 2-` to extract this part.
GCF	0.25	1
GCF	1.01	0
GCF	2.01	1
GCF	2.76	0
GCF	3.27	5
GCF	4.02	3
GCF	5.28	2
GCF	6.53	3
GCF	7.29	5
GCF	8.54	4
GCF	9.80	3
GCF	10.30	4
GCF	10.80	7
GCF	11.31	0
GCF	12.06	3
GCF	12.81	5
GCF	13.32	2
GCF	14.57	5
GCF	16.08	6
GCF	16.83	10
GCF	17.34	8
GCF	17.84	14
GCF	18.34	15
GCF	18.84	26
GCF	19.35	12
GCF	19.85	8
GCF	20.35	7
GCF	20.85	6
GCF	21.36	16
GCF	22.11	9
GCF	22.86	14
GCF	23.37	11
GCF	24.12	14
GCF	24.87	13
GCF	25.38	26
GCF	26.13	35
GCF	26.88	65
GCF	27.39	61
GCF	27.89	155
GCF	28.39	147
GCF	28.89	1353
GCF	29.40	2061
GCF	29.90	1349
GCF	30.40	1380
GCF	30.90	1745
GCF	31.41	2525
GCF	31.91	3373
GCF	32.41	3378
GCF	32.91	8309
GCF	33.42	15655
GCF	33.92	8630
GCF	34.42	7299
GCF	34.92	7260
GCF	35.43	9862
GCF	35.93	11444
GCF	36.43	17564
GCF	36.93	17817
GCF	37.44	23763
GCF	37.94	22363
GCF	38.44	23230
GCF	38.94	22920
GCF	39.45	23192
GCF	39.95	25611
GCF	40.45	29761
GCF	40.95	29835
GCF	41.46	25384
GCF	41.96	23178
GCF	42.46	16730
GCF	42.96	16267
GCF	43.47	16467
GCF	43.97	20783
GCF	44.47	9948
GCF	44.97	9927
GCF	45.48	10488
GCF	45.98	8400
GCF	46.48	5533
GCF	46.98	5457
GCF	47.49	5432
GCF	47.99	2790
GCF	48.49	1913
GCF	48.99	1917
GCF	49.50	856
GCF	50.00	242
GCF	50.75	49
GCF	51.51	16
GCF	52.01	4
GCF	52.76	0
GCF	53.52	1
GCF	54.77	0
GCF	56.03	1
GCF	56.78	0
GCF	57.54	1
# GC Content of last fragments. Use `grep ^GCL | cut -f 2-` to extract this part.
GCL	0.25	0
GCL	0.75	1
GCL	1.26	4
GCL	2.01	0
GCL	2.76	6
GCL	3.27	1
GCL	4.02	3
GCL	4.77	1
GCL	5.28	0
GCL	6.28	2
GCL	7.29	1
GCL	8.04	6
GCL	8.79	0
GCL	9.30	1
GCL	10.05	5
GCL	11.06	2
GCL	12.31	3
GCL	13.32	2
GCL	14.07	3
GCL	14.82	2
GCL	15.33	4
GCL	16.08	5
GCL	16.83	7
GCL	17.34	17
GCL	17.84	15
GCL	18.34	16
GCL	18.84	9
GCL	19.35	5
GCL	20.10	14
GCL	20.85	8
GCL	21.36	17
GCL	22.11	22
GCL	22.86	17
GCL	23.37	13
GCL	24.12	16
GCL	24.87	32
GCL	25.38	23
GCL	25.88	43
GCL	26.38	42
GCL	26.88	98
GCL	27.39	123
GCL	27.89	193
GCL	28.39	203
GCL	28.89	1837
GCL	29.40	3294
GCL	29.90	3195
GCL	30.40	3158
GCL	30.90	2470
GCL	31.41	3773
GCL	31.91	5852
GCL	32.41	5913
GCL	32.91	7226
GCL	33.42	8784
GCL	33.92	8618
GCL	34.42	10851
GCL	34.92	11150
GCL	35.43	16510
GCL	35.93	17863
GCL	36.43	21678
GCL	36.93	21899
GCL	37.44	26805
GCL	37.94	31187
GCL	38.44	25361
GCL	38.94	26329
GCL	39.45	26039
GCL	39.95	20958
GCL	40.45	19385
GCL	40.95	18614
GCL	41.46	19167
GCL	41.96	18510
GCL	42.46	18321
GCL	42.96	18388
GCL	43.47	11082
GCL	43.97	13148
GCL	44.47	8772
GCL	44.97	8661
GCL	45.48	9426
GCL	45.98	6947
GCL	46.48	7864
GCL	46.98	7721
GCL	47.49	5406
GCL	47.99	3379
GCL	48.49	2370
GCL	48.99	2379
GCL	49.50	1014
GCL	50.00	165
GCL	50.50	83
GCL	51.01	82
GCL	51.51	39
GCL	52.01	20
GCL	52.51	15
GCL	53.02	9
GCL	53.52	4
GCL	54.02	7
GCL	54.77	1
GCL	55.53	6
GCL	56.03	2
GCL	56.78	3
GCL	57.54	0
GCL	58.04	1
GCL	58.79	0
GCL	60.30	1
GCL	61.56	2
GCL	62.06	0
GCL	62.81	4
GCL	63.82	0
GCL	65.08	1
GCL	66.08	0
GCL	67.09	1
GCL	68.09	0
GCL	69.35	1
GCL	71.36	0
GCL	72.61	1
GCL	74.37	0
GCL	76.13	1
GCL	77.64	0
GCL	79.40	1
GCL	80.40	0
GCL	81.41	1
GCL	83.92	0
GCL	86.18	2
GCL	87.19	0
GCL	88.19	2
GCL	93.47	0
GCL	99.25	1
# ACGT content per cycle. Use `grep ^GCC | cut -f 2-` to extract this part. The columns are: cycle; A,C,G,T base counts as a percentage of all A/C/G/T bases [%]; and N and O counts as a percentage of all A/C/G/T bases [%]
GCC	1	22.49	25.24	35.94	16.33	0.00	0.00
GCC	2	32.09	14.79	30.19	22.93	0.00	0.00
GCC	3	30.30	16.05	30.17	23.48	0.00	0.00
GCC	4	28.09	17.21	31.70	23.00	0.00	0.00
GCC	5	29.79	17.58	25.17	27.46	0.00	0.00
GCC	6	32.95	16.96	22.31	27.78	0.02	0.00
GCC	7	30.63	13.60	19.22	36.55	0.00	0.00
GCC	8	32.68	14.38	20.31	32.62	0.01	0.00
GCC	9	30.03	17.52	22.03	30.43	0.00	0.00
GCC	10	35.07	16.13	18.58	30.22	0.00	0.00
GCC	11	29.41	19.48	23.32	27.79	0.00	0.00
GCC	12	26.18	19.76	22.73	31.33	0.00	0.00
GCC	13	29.44	18.02	21.10	31.44	0.00	0.00
GCC	14	30.31	18.33	21.12	30.24	0.00	0.00
GCC	15	30.21	16.10	21.42	32.26	0.00	0.00
GCC	16	30.40	15.74	23.68	30.18	0.00	0.00
GCC	17	28.07	14.90	24.86	32.17	0.00	0.00
GCC	18	30.54	15.80	22.61	31.06	0.00	0.00
GCC	19	28.98	14.56	23.63	32.83	0.00	0.00
GCC	20	28.29	16.97	24.45	30.29	0.00	0.00
GCC	21	29.52	17.71	21.41	31.36	0.00	0.00
GCC	22	28.51	17.38	22.77	31.34	0.00	0.00
GCC	23	29.94	16.93	21.04	32.09	0.00	0.00
GCC	24	30.15	17.22	21.43	31.20	0.00	0.00
GCC	25	30.20	17.15	20.24	32.41	0.00	0.00
GCC	26	28.96	16.19	22.19	32.66	0.00	0.00
GCC	27	30.06	16.62	23.85	29.46	0.00	0.00
GCC	28	31.51	15.29	23.60	29.60	0.00	0.00
GCC	29	29.81	15.58	23.85	30.76	0.00	0.00
GCC	30	30.13	14.98	25.19	29.71	0.00	0.00
GCC	31	29.75	17.04	21.85	31.36	0.00	0.00
GCC	32	30.98	16.39	23.57	29.05	0.00	0.00
GCC	33	29.00	17.07	21.10	32.84	0.00	0.00
GCC	34	30.77	17.54	20.71	30.98	0.00	0.00
GCC	35	30.69	17.74	22.66	28.91	0.00	0.00
GCC	36	30.62	18.04	21.49	29.86	0.00	0.00
GCC	37	31.07	17.44	22.88	28.62	0.00	0.00
GCC	38	28.54	19.42	22.90	29.14	0.00	0.00
GCC	39	29.45	17.15	23.71	29.69	0.00	0.00
GCC	40	28.84	17.63	23.35	30.17	0.00	0.00
GCC	41	28.55	17.23	24.00	30.21	0.00	0.00
GCC	42	29.85	17.26	21.91	30.99	0.00	0.00
GCC	43	28.55	16.27	22.52	32.66	0.00	0.00
GCC	44	31.91	14.86	22.95	30.29	0.00	0.00
GCC	45	29.42	15.95	22.50	32.13	0.00	0.00
GCC	46	30.55	15.59	24.31	29.56	0.00	0.00
GCC	47	31.09	15.01	23.85	30.05	0.00	0.00
GCC	48	28.20	14.99	24.60	32.21	0.00	0.00
GCC	49	30.40	15.76	23.08	30.76	0.00	0.00
GCC	50	30.59	16.17	22.63	30.60	0.00	0.00
GCC	51	32.02	15.41	21.89	30.68	0.00	0.00
GCC	52	30.87	15.27	22.68	31.18	0.00	0.00
GCC	53	29.92	15.96	23.59	30.54	0.00	0.00
GCC	54	28.60	16.51	23.92	30.97	0.00	0.00
GCC	55	28.45	17.68	21.78	32.09	0.00	0.00
GCC	56	27.29	17.60	23.32	31.78	0.00	0.00
GCC	57	27.58	18.82	22.02	31.58	0.00	0.00
GCC	58	29.61	16.02	22.10	32.27	0.00	0.00
GCC	59	30.06	15.25	23.59	31.09	0.00	0.00
GCC	60	29.97	14.36	23.17	32.50	0.00	0.00
GCC	61	30.32	15.25	22.27	32.16	0.00	0.00
GCC	62	29.64	16.84	22.79	30.73	0.00	0.00
GCC	63	30.54	16.10	22.98	30.38	0.00	0.00
GCC	64	28.53	19.39	21.83	30.25	0.00	0.00
GCC	65	29.72	16.89	21.24	32.15	0.00	0.00
GCC	66	27.76	17.23	23.71	31.29	0.00	0.00
GCC	67	29.42	16.92	21.16	32.50	0.00	0.00
GCC	68	29.13	16.59	21.73	32.55	0.00	0.00
GCC	69	30.64	16.29	21.73	31.34	0.00	0.00
GCC	70	29.44	18.25	21.56	30.75	0.00	0.00
GCC	71	30.64	16.10	20.71	32.55	0.00	0.00
GCC	72	30.75	17.29	21.97	29.99	0.00	0.00
GCC	73	32.02	15.25	21.54	31.19	0.00	0.00
GCC	74	30.95	16.77	21.63	30.65	0.00	0.00
GCC	75	28.97	15.52	22.75	32.77	0.00	0.00
GCC	76	30.39	15.00	23.18	31.43	0.00	0.00
GCC	77	30.08	16.43	21.80	31.69	0.00	0.00
GCC	78	31.73	14.86	22.23	31.18	0.00	0.00
GCC	79	32.15	15.23	21.87	30.76	0.00	0.00
GCC	80	32.39	14.16	22.23	31.22	0.00	0.00
GCC	81	33.21	14.67	22.06	30.06	0.00	0.00
GCC	82	32.00	14.47	24.15	29.37	0.00	0.00
GCC	83	29.44	17.27	23.89	29.41	0.00	0.00
GCC	84	29.38	17.40	23.65	29.57	0.00	0.00
GCC	85	28.93	18.73	22.82	29.51	0.00	0.00
GCC	86	30.25	16.75	21.27	31.73	0.00	0.00
GCC	87	28.94	17.87	22.69	30.50	0.00	0.00
GCC	88	30.16	15.36	23.72	30.77	0.00	0.00
GCC	89	28.93	15.77	24.08	31.22	0.00	0.00
GCC	90	30.47	15.44	23.99	30.10	0.00	0.00
GCC	91	29.32	15.32	23.34	32.02	0.00	0.00
GCC	92	29.99	15.96	22.15	31.90	0.00	0.00
GCC	93	31.41	15.82	22.40	30.38	0.00	0.00
GCC	94	28.84	16.28	23.37	31.51	0.00	0.00
GCC	95	30.03	17.18	22.17	30.63	0.00	0.00
GCC	96	30.17	15.49	22.04	32.30	0.00	0.00
GCC	97	29.59	14.72	22.23	33.47	0.00	0.00
GCC	98	29.04	14.15	24.23	32.58	0.00	0.00
GCC	99	29.35	16.32	22.11	32.23	0.00	0.00
GCC	100	30.68	15.92	22.85	30.55	0.00	0.00
GCC	101	30.42	15.54	23.01	31.02	0.00	0.00
GCC	102	31.64	14.65	21.80	31.91	0.00	0.00
GCC	103	30.69	15.82	21.70	31.78	0.00	0.00
GCC	104	28.69	16.58	23.32	31.41	0.00	0.00
GCC	105	29.76	16.68	23.87	29.70	0.00	0.00
GCC	106	28.22	17.03	23.57	31.17	0.00	0.00
GCC	107	30.94	15.51	24.01	29.54	0.00	0.00
GCC	108	29.29	17.10	22.63	30.98	0.00	0.00
GCC	109	28.81	17.43	24.59	29.17	0.00	0.00
GCC	110	30.25	16.84	24.35	28.56	0.00	0.00
GCC	111	31.08	17.93	21.70	29.29	0.00	0.00
GCC	112	31.50	16.58	24.55	27.36	0.00	0.00
GCC	113	30.42	16.81	23.26	29.51	0.00	0.00
GCC	114	32.74	16.31	23.07	27.87	0.00	0.00
GCC	115	30.93	17.72	22.91	28.44	0.00	0.00
GCC	116	31.50	17.84	21.58	29.09	0.00	0.00
GCC	117	32.11	16.11	23.33	28.45	0.00	0.00
GCC	118	31.86	16.59	23.04	28.51	0.00	0.00
GCC	119	32.14	15.52	20.53	31.80	0.00	0.00
GCC	120	30.61	16.96	22.73	29.70	0.00	0.00
GCC	121	30.60	16.09	22.92	30.39	0.00	0.00
GCC	122	31.94	14.87	21.50	31.69	0.00	0.00
GCC	123	33.24	15.59	21.89	29.28	0.00	0.00
GCC	124	30.46	16.71	22.89	29.94	0.00	0.00
GCC	125	31.19	15.41	23.22	30.18	0.00	0.00
GCC	126	31.11	14.85	22.85	31.20	0.00	0.00
GCC	127	29.14	14.29	24.26	32.31	0.00	0.00
GCC	128	30.70	15.66	23.21	30.43	0.00	0.00
GCC	129	30.35	15.46	24.10	30.09	0.00	0.00
GCC	130	31.51	14.81	24.18	29.49	0.00	0.00
GCC	131	31.76	16.67	22.61	28.96	0.00	0.00
GCC	132	31.09	16.83	22.69	29.39	0.00	0.00
GCC	133	31.29	14.99	24.16	29.57	0.00	0.00
GCC	134	31.05	15.14	22.78	31.03	0.00	0.00
GCC	135	32.12	16.26	23.32	28.30	0.00	0.00
GCC	136	31.30	15.51	24.60	28.60	0.00	0.00
GCC	137	30.32	17.28	24.53	27.87	0.00	0.00
GCC	138	32.24	14.44	22.93	30.39	0.00	0.00
GCC	139	29.38	16.12	24.22	30.28	0.00	0.00
GCC	140	32.37	14.24	23.85	29.55	0.00	0.00
GCC	141	30.63	15.59	24.92	28.86	0.00	0.00
GCC	142	31.97	16.33	23.59	28.11	0.00	0.00
GCC	143	32.70	15.79	22.59	28.92	0.00	0.00
GCC	144	31.24	16.58	22.93	29.25	0.00	0.00
GCC	145	31.12	16.80	21.02	31.06	0.00	0.00
GCC	146	29.00	16.20	22.35	32.45	0.00	0.00
GCC	147	27.96	15.94	23.95	32.15	0.00	0.00
GCC	148	28.84	16.19	25.04	29.94	0.00	0.00
GCC	149	27.11	16.45	25.58	30.86	0.00	0.00
GCC	150	27.42	15.35	25.77	31.46	0.00	0.00
# ACGT content per cycle for first fragments. Use `grep ^FBC | cut -f 2-` to extract this part. The columns are: cycle; A,C,G,T base counts as a percentage of all A/C/G/T bases [%]; and N and O counts as a percentage of all A/C/G/T bases [%]
FBC	1	15.70	24.99	44.73	14.58	0.00	0.00
FBC	2	33.35	19.37	32.96	14.31	0.00	0.00
FBC	3	28.45	16.04	40.22	15.28	0.01	0.00
FBC	4	24.20	20.56	36.77	18.47	0.00	0.00
FBC	5	24.47	22.34	26.26	26.93	0.00	0.00
FBC	6	26.08	19.58	24.78	29.56	0.03	0.00
FBC	7	37.46	12.14	18.69	31.71	0.00	0.00
FBC	8	37.76	11.62	20.96	29.66	0.02	0.00
FBC	9	35.85	18.31	19.75	26.10	0.00	0.00
FBC	10	33.08	17.73	15.47	33.72	0.00	0.00
FBC	11	27.35	20.72	19.20	32.73	0.00	0.00
FBC	12	25.07	21.52	19.96	33.45	0.00	0.00
FBC	13	31.34	17.86	19.65	31.15	0.00	0.00
FBC	14	30.34	18.81	20.92	29.93	0.00	0.00
FBC	15	29.54	15.20	22.02	33.24	0.00	0.00
FBC	16	30.53	15.44	23.84	30.18	0.00	0.00
FBC	17	28.21	13.08	24.44	34.28	0.00	0.00
FBC	18	31.32	14.78	21.78	32.12	0.00	0.00
FBC	19	29.01	13.21	23.64	34.14	0.00	0.00
FBC	20	27.96	16.76	24.78	30.51	0.00	0.00
FBC	21	28.95	18.07	20.87	32.11	0.00	0.00
FBC	22	26.50	17.30	22.88	33.32	0.00	0.00
FBC	23	28.21	18.02	19.74	34.03	0.00	0.00
FBC	24	28.63	19.10	21.30	30.96	0.00	0.00
FBC	25	29.56	17.79	18.64	34.01	0.00	0.00
FBC	26	28.06	17.10	20.45	34.39	0.00	0.00
FBC	27	29.46	16.58	24.04	29.92	0.00	0.00
FBC	28	33.41	14.87	22.45	29.27	0.00	0.00
FBC	29	29.92	15.51	24.01	30.56	0.00	0.00
FBC	30	29.17	14.67	28.04	28.11	0.00	0.00
FBC	31	30.14	16.92	22.83	30.11	0.00	0.00
FBC	32	32.46	16.82	23.28	27.45	0.00	0.00
FBC	33	28.80	18.58	19.21	33.40	0.00	0.00
FBC	34	30.50	20.52	18.85	30.13	0.00	0.00
FBC	35	31.95	19.09	21.28	27.68	0.00	0.00
FBC	36	31.83	19.41	20.43	28.33	0.00	0.00
FBC	37	34.05	17.64	22.00	26.32	0.00	0.00
FBC	38	28.75	22.12	20.77	28.37	0.00	0.00
FBC	39	29.34	17.33	24.44	28.89	0.00	0.00
FBC	40	28.03	19.74	24.36	27.87	0.00	0.00
FBC	41	27.46	18.90	24.43	29.21	0.00	0.00
FBC	42	29.39	18.18	19.94	32.49	0.00	0.00
FBC	43	26.77	16.81	20.71	35.72	0.00	0.00
FBC	44	33.22	13.95	22.47	30.36	0.00	0.00
FBC	45	28.74	14.81	22.46	33.99	0.00	0.00
FBC	46	31.16	13.55	26.03	29.26	0.00	0.00
FBC	47	30.90	13.93	25.19	29.98	0.00	0.00
FBC	48	25.74	13.82	26.79	33.65	0.00	0.00
FBC	49	31.10	14.85	23.13	30.92	0.00	0.00
FBC	50	31.03	15.26	23.24	30.47	0.00	0.00
FBC	51	32.38	15.49	22.34	29.78	0.00	0.00
FBC	52	30.28	15.11	23.53	31.08	0.00	0.00
FBC	53	28.40	16.44	23.88	31.28	0.00	0.00
FBC	54	25.28	18.63	24.86	31.23	0.00	0.00
FBC	55	26.96	19.38	21.07	32.59	0.00	0.00
FBC	56	24.14	19.83	23.59	32.44	0.00	0.00
FBC	57	26.49	20.42	21.97	31.12	0.00	0.00
FBC	58	28.03	15.71	22.07	34.18	0.00	0.00
FBC	59	30.38	13.06	23.94	32.62	0.00	0.00
FBC	60	28.79	13.43	23.30	34.48	0.00	0.00
FBC	61	31.30	14.98	21.09	32.63	0.00	0.00
FBC	62	29.39	16.93	22.78	30.91	0.00	0.00
FBC	63	29.53	15.98	24.45	30.05	0.00	0.00
FBC	64	26.69	23.04	21.21	29.05	0.00	0.00
FBC	65	28.86	18.59	19.46	33.09	0.00	0.00
FBC	66	27.43	19.02	22.27	31.28	0.00	0.00
FBC	67	28.06	17.79	21.47	32.68	0.00	0.00
FBC	68	28.66	16.96	21.13	33.26	0.00	0.00
FBC	69	31.39	17.54	20.45	30.62	0.00	0.00
FBC	70	29.94	19.88	19.01	31.17	0.00	0.00
FBC	71	30.59	16.88	19.43	33.11	0.00	0.00
FBC	72	30.57	18.62	20.23	30.59	0.00	0.00
FBC	73	32.75	14.73	20.94	31.59	0.00	0.00
FBC	74	30.35	18.06	19.98	31.61	0.00	0.00
FBC	75	27.79	13.73	23.03	35.44	0.00	0.00
FBC	76	30.89	14.48	21.77	32.86	0.00	0.00
FBC	77	29.03	17.33	21.51	32.13	0.00	0.00
FBC	78	33.06	13.57	21.23	32.14	0.00	0.00
FBC	79	33.73	14.48	21.28	30.51	0.00	0.00
FBC	80	35.41	13.19	20.68	30.71	0.00	0.00
FBC	81	36.61	13.64	21.48	28.28	0.00	0.00
FBC	82	33.65	13.51	25.40	27.45	0.00	0.00
FBC	83	28.22	18.68	23.96	29.14	0.00	0.00
FBC	84	26.65	19.29	23.32	30.74	0.00	0.00
FBC	85	26.36	21.59	21.52	30.53	0.00	0.00
FBC	86	29.42	16.71	20.09	33.78	0.00	0.00
FBC	87	27.45	19.66	22.82	30.08	0.00	0.00
FBC	88	29.41	15.05	24.25	31.28	0.00	0.00
FBC	89	29.31	14.29	24.37	32.03	0.00	0.00
FBC	90	30.91	13.76	24.80	30.54	0.00	0.00
FBC	91	29.25	14.04	23.55	33.17	0.00	0.00
FBC	92	28.08	16.33	20.37	35.22	0.00	0.00
FBC	93	31.81	16.39	22.04	29.76	0.00	0.00
FBC	94	28.08	15.76	23.93	32.23	0.00	0.00
FBC	95	28.03	17.73	22.37	31.87	0.00	0.00
FBC	96	28.37	15.48	21.00	35.16	0.00	0.00
FBC	97	27.95	14.71	22.09	35.25	0.00	0.00
FBC	98	30.13	12.30	25.93	31.64	0.00	0.00
FBC	99	29.18	16.16	21.52	33.14	0.00	0.00
FBC	100	31.43	14.71	22.75	31.11	0.00	0.00
FBC	101	30.21	14.86	22.26	32.67	0.00	0.00
FBC	102	30.82	14.34	21.11	33.74	0.00	0.00
FBC	103	31.62	14.89	20.82	32.66	0.00	0.00
FBC	104	28.41	14.95	22.12	34.52	0.00	0.00
FBC	105	29.86	15.37	25.85	28.92	0.00	0.00
FBC	106	27.97	18.53	23.49	30.01	0.00	0.00
FBC	107	30.51	16.16	24.94	28.38	0.00	0.00
FBC	108	29.18	18.14	21.96	30.72	0.00	0.00
FBC	109	28.21	19.34	24.89	27.57	0.00	0.00
FBC	110	29.70	17.33	25.75	27.22	0.00	0.00
FBC	111	32.32	18.68	20.24	28.77	0.00	0.00
FBC	112	29.98	17.29	27.12	25.61	0.00	0.00
FBC	113	31.37	16.91	23.20	28.53	0.00	0.00
FBC	114	33.91	18.01	23.09	24.99	0.00	0.00
FBC	115	31.43	19.87	23.52	25.19	0.00	0.00
FBC	116	31.40	19.76	20.74	28.10	0.00	0.00
FBC	117	33.01	15.60	23.88	27.51	0.00	0.00
FBC	118	32.46	16.73	23.69	27.12	0.00	0.00
FBC	119	33.55	15.34	18.09	33.02	0.00	0.00
FBC	120	31.11	17.20	22.63	29.07	0.00	0.00
FBC	121	30.84	15.36	23.60	30.20	0.00	0.00
FBC	122	34.83	13.41	20.41	31.35	0.00	0.00
FBC	123	36.45	15.01	20.32	28.23	0.00	0.00
FBC	124	32.03	15.83	22.58	29.56	0.00	0.00
FBC	125	31.84	15.00	23.25	29.91	0.00	0.00
FBC	126	31.58	13.91	22.76	31.75	0.00	0.00
FBC	127	29.20	12.89	25.20	32.71	0.00	0.00
FBC	128	31.50	14.97	21.91	31.61	0.01	0.00
FBC	129	31.76	14.37	24.86	29.00	0.00	0.00
FBC	130	32.92	13.68	24.74	28.66	0.00	0.00
FBC	131	33.21	16.69	23.15	26.95	0.00	0.00
FBC	132	31.88	16.51	23.35	28.25	0.00	0.00
FBC	133	31.58	14.23	25.00	29.19	0.00	0.00
FBC	134	32.99	12.85	22.53	31.64	0.00	0.00
FBC	135	31.91	17.20	23.79	27.10	0.00	0.00
FBC	136	30.64	14.48	27.44	27.44	0.00	0.00
FBC	137	30.05	17.19	26.97	25.79	0.00	0.00
FBC	138	31.96	13.29	24.04	30.72	0.00	0.00
FBC	139	29.75	15.48	25.81	28.97	0.00	0.00
FBC	140	32.96	13.97	25.23	27.84	0.00	0.00
FBC	141	30.92	14.40	27.44	27.24	0.00	0.00
FBC	142	32.01	17.97	22.92	27.09	0.00	0.00
FBC	143	34.15	15.73	20.96	29.16	0.00	0.00
FBC	144	31.06	16.77	22.24	29.92	0.00	0.00
FBC	145	30.00	18.06	21.34	30.60	0.00	0.00
FBC	146	28.27	15.78	23.22	32.74	0.00	0.00
FBC	147	26.30	14.68	25.81	33.21	0.00	0.00
FBC	148	27.54	16.65	28.62	27.19	0.00	0.00
FBC	149	26.43	16.84	27.28	29.46	0.00	0.00
FBC	150	23.73	14.57	27.65	34.05	0.00	0.00
# ACGT content per cycle for last fragments. Use `grep ^LBC | cut -f 2-` to extract this part. The columns are: cycle; A,C,G,T base counts as a percentage of all A/C/G/T bases [%]; and N and O counts as a percentage of all A/C/G/T bases [%]
LBC	1	29.24	25.49	27.20	18.07	0.00	0.00
LBC	2	30.84	10.23	27.43	31.50	0.00	0.00
LBC	3	32.14	16.05	20.17	31.64	0.00	0.00
LBC	4	31.95	13.88	26.66	27.51	0.00	0.00
LBC	5	35.09	12.85	24.08	27.98	0.00	0.00
LBC	6	39.79	14.36	19.84	26.01	0.00	0.00
LBC	7	23.84	15.04	19.75	41.37	0.00	0.00
LBC	8	27.64	17.12	19.67	35.57	0.00	0.00
LBC	9	24.24	16.73	24.30	34.74	0.01	0.00
LBC	10	37.06	14.54	21.67	26.73	0.00	0.00
LBC	11	31.45	18.24	27.42	22.88	0.00	0.00
LBC	12	27.28	18.00	25.49	29.23	0.00	0.00
LBC	13	27.56	18.17	22.54	31.73	0.00	0.00
LBC	14	30.29	17.84	21.32	30.55	0.00	0.00
LBC	15	30.88	17.00	20.82	31.30	0.00	0.00
LBC	16	30.26	16.04	23.52	30.17	0.00	0.00
LBC	17	27.93	16.72	25.28	30.07	0.00	0.00
LBC	18	29.76	16.81	23.43	30.01	0.00	0.00
LBC	19	28.95	15.91	23.61	31.53	0.00	0.00
LBC	20	28.63	17.18	24.12	30.08	0.00	0.00
LBC	21	30.09	17.36	21.95	30.61	0.00	0.00
LBC	22	30.50	17.47	22.66	29.37	0.00	0.00
LBC	23	31.66	15.84	22.34	30.16	0.00	0.00
LBC	24	31.66	15.34	21.56	31.44	0.00	0.00
LBC	25	30.83	16.51	21.83	30.83	0.00	0.00
LBC	26	29.86	15.28	23.92	30.94	0.00	0.00
LBC	27	30.66	16.65	23.67	29.01	0.00	0.00
LBC	28	29.62	15.71	24.74	29.93	0.00	0.00
LBC	29	29.70	15.65	23.68	30.96	0.00	0.00
LBC	30	31.08	15.29	22.34	31.29	0.00	0.00
LBC	31	29.36	17.16	20.89	32.60	0.00	0.00
LBC	32	29.50	15.97	23.87	30.65	0.00	0.00
LBC	33	29.19	15.56	22.98	32.27	0.00	0.00
LBC	34	31.03	14.58	22.56	31.83	0.00	0.00
LBC	35	29.43	16.41	24.03	30.12	0.00	0.00
LBC	36	29.42	16.67	22.54	31.38	0.00	0.00
LBC	37	28.10	17.24	23.75	30.91	0.00	0.00
LBC	38	28.34	16.73	25.03	29.90	0.00	0.00
LBC	39	29.56	16.97	22.98	30.48	0.00	0.00
LBC	40	29.66	15.53	22.36	32.45	0.00	0.00
LBC	41	29.64	15.57	23.57	31.22	0.00	0.00
LBC	42	30.30	16.34	23.86	29.49	0.00	0.00
LBC	43	30.32	15.73	24.32	29.62	0.00	0.00
LBC	44	30.60	15.76	23.42	30.22	0.00	0.00
LBC	45	30.09	17.08	22.54	30.28	0.00	0.00
LBC	46	29.94	17.62	22.60	29.85	0.00	0.00
LBC	47	31.28	16.08	22.51	30.13	0.00	0.00
LBC	48	30.64	16.16	22.43	30.77	0.00	0.00
LBC	49	29.70	16.65	23.03	30.61	0.00	0.00
LBC	50	30.16	17.08	22.02	30.73	0.00	0.00
LBC	51	31.66	15.33	21.44	31.58	0.00	0.00
LBC	52	31.45	15.44	21.83	31.28	0.00	0.00
LBC	53	31.42	15.48	23.31	29.79	0.00	0.00
LBC	54	31.90	14.40	22.99	30.72	0.00	0.00
LBC	55	29.93	16.00	22.47	31.60	0.00	0.00
LBC	56	30.43	15.39	23.05	31.13	0.00	0.00
LBC	57	28.67	17.22	22.07	32.04	0.00	0.00
LBC	58	31.17	16.32	22.14	30.37	0.00	0.00
LBC	59	29.75	17.43	23.24	29.58	0.00	0.00
LBC	60	31.15	15.29	23.03	30.53	0.00	0.00
LBC	61	29.35	15.51	23.45	31.68	0.00	0.00
LBC	62	29.90	16.75	22.80	30.55	0.00	0.00
LBC	63	31.54	16.22	21.52	30.72	0.00	0.00
LBC	64	30.35	15.76	22.44	31.45	0.00	0.00
LBC	65	30.57	15.20	23.01	31.22	0.00	0.00
LBC	66	28.09	15.46	25.15	31.31	0.00	0.00
LBC	67	30.77	16.06	20.86	32.31	0.00	0.00
LBC	68	29.60	16.23	22.32	31.84	0.00	0.00
LBC	69	29.89	15.05	23.01	32.05	0.00	0.00
LBC	70	28.94	16.63	24.11	30.32	0.00	0.00
LBC	71	30.69	15.33	21.99	32.00	0.01	0.00
LBC	72	30.94	15.96	23.71	29.39	0.00	0.00
LBC	73	31.30	15.77	22.14	30.79	0.00	0.00
LBC	74	31.55	15.49	23.26	29.70	0.00	0.00
LBC	75	30.14	17.29	22.47	30.10	0.00	0.00
LBC	76	29.90	15.51	24.59	30.00	0.00	0.00
LBC	77	31.13	15.54	22.08	31.25	0.00	0.00
LBC	78	30.40	16.15	23.22	30.22	0.00	0.00
LBC	79	30.57	15.97	22.45	31.01	0.00	0.00
LBC	80	29.39	15.11	23.77	31.73	0.00	0.00
LBC	81	29.84	15.70	22.64	31.82	0.00	0.00
LBC	82	30.37	15.44	22.91	31.29	0.00	0.00
LBC	83	30.65	15.87	23.81	29.67	0.00	0.00
LBC	84	32.09	15.51	23.98	28.42	0.00	0.00
LBC	85	31.48	15.90	24.12	28.50	0.00	0.00
LBC	86	31.08	16.78	22.45	29.69	0.00	0.00
LBC	87	30.41	16.10	22.57	30.93	0.00	0.00
LBC	88	30.90	15.66	23.18	30.25	0.00	0.00
LBC	89	28.55	17.24	23.80	30.42	0.00	0.00
LBC	90	30.03	17.12	23.18	29.67	0.00	0.00
LBC	91	29.39	16.60	23.13	30.88	0.00	0.00
LBC	92	31.89	15.59	23.93	28.60	0.00	0.00
LBC	93	31.01	15.25	22.75	30.99	0.00	0.00
LBC	94	29.59	16.80	22.82	30.79	0.00	0.00
LBC	95	32.01	16.63	21.96	29.40	0.00	0.00
LBC	96	31.97	15.50	23.08	29.45	0.00	0.00
LBC	97	31.23	14.72	22.36	31.69	0.00	0.00
LBC	98	27.96	16.00	22.54	33.50	0.00	0.00
LBC	99	29.52	16.47	22.70	31.31	0.00	0.00
LBC	100	29.93	17.11	22.95	30.00	0.00	0.00
LBC	101	30.64	16.22	23.75	29.39	0.00	0.00
LBC	102	32.46	14.96	22.49	30.10	0.00	0.00
LBC	103	29.76	16.75	22.58	30.91	0.00	0.00
LBC	104	28.97	18.20	24.52	28.31	0.00	0.00
LBC	105	29.65	17.99	21.89	30.48	0.00	0.00
LBC	106	28.47	15.54	23.65	32.33	0.00	0.00
LBC	107	31.37	14.87	23.07	30.68	0.00	0.00
LBC	108	29.39	16.06	23.29	31.25	0.00	0.00
LBC	109	29.41	15.53	24.30	30.76	0.00	0.00
LBC	110	30.81	16.35	22.95	29.89	0.00	0.00
LBC	111	29.84	17.18	23.16	29.81	0.00	0.00
LBC	112	33.02	15.88	22.00	29.10	0.00	0.00
LBC	113	29.48	16.72	23.32	30.48	0.00	0.00
LBC	114	31.58	14.62	23.06	30.74	0.00	0.00
LBC	115	30.43	15.58	22.31	31.68	0.00	0.00
LBC	116	31.60	15.92	22.41	30.07	0.00	0.00
LBC	117	31.21	16.62	22.78	29.40	0.00	0.00
LBC	118	31.26	16.44	22.39	29.90	0.01	0.00
LBC	119	30.75	15.70	22.96	30.59	0.00	0.00
LBC	120	30.12	16.72	22.83	30.33	0.00	0.00
LBC	121	30.35	16.83	22.25	30.58	0.01	0.00
LBC	122	29.06	16.33	22.58	32.03	0.00	0.00
LBC	123	30.04	16.17	23.46	30.33	0.00	0.00
LBC	124	28.90	17.59	23.20	30.31	0.00	0.00
LBC	125	30.55	15.81	23.18	30.46	0.00	0.00
LBC	126	30.64	15.79	22.93	30.65	0.00	0.00
LBC	127	29.08	15.67	23.33	31.92	0.00	0.00
LBC	128	29.91	16.34	24.50	29.25	0.00	0.00
LBC	129	28.94	16.54	23.34	31.18	0.00	0.00
LBC	130	30.10	15.94	23.63	30.33	0.00	0.00
LBC	131	30.32	16.65	22.07	30.96	0.00	0.00
LBC	132	30.29	17.15	22.05	30.52	0.00	0.00
LBC	133	31.00	15.74	23.32	29.94	0.00	0.00
LBC	134	29.12	17.42	23.03	30.42	0.00	0.00
LBC	135	32.33	15.31	22.85	29.51	0.00	0.00
LBC	136	31.95	16.53	21.78	29.75	0.00	0.00
LBC	137	30.59	17.36	22.11	29.95	0.00	0.00
LBC	138	32.52	15.58	21.83	30.07	0.00	0.00
LBC	139	29.01	16.75	22.64	31.59	0.00	0.00
LBC	140	31.78	14.50	22.47	31.25	0.00	0.00
LBC	141	30.34	16.77	22.41	30.48	0.00	0.00
LBC	142	31.92	14.69	24.26	29.13	0.00	0.00
LBC	143	31.25	15.85	24.22	28.68	0.00	0.00
LBC	144	31.43	16.38	23.61	28.59	0.00	0.00
LBC	145	32.24	15.54	20.69	31.52	0.01	0.00
LBC	146	29.72	16.63	21.48	32.17	0.00	0.00
LBC	147	29.62	17.20	22.08	31.09	0.00	0.00
LBC	148	30.13	15.72	21.48	32.67	0.00	0.00
LBC	149	27.80	16.06	23.89	32.25	0.00	0.00
LBC	150	31.09	16.13	23.90	28.88	0.00	0.00
# Insert sizes. Use `grep ^IS | cut -f 2-` to extract this part. The columns are: insert size, pairs total, inward oriented pairs, outward oriented pairs, other pairs
IS	0	760	70	686	4
IS	1	0	0	0	0
IS	2	0	0	0	0
IS	3	0	0	0	0
IS	4	0	0	0	0
IS	5	0	0	0	0
IS	6	0	0	0	0
IS	7	0	0	0	0
IS	8	0	0	0	0
IS	9	0	0	0	0
IS	10	0	0	0	0
IS	11	0	0	0	0
IS	12	0	0	0	0
IS	13	0	0	0	0
IS	14	0	0	0	0
IS	15	0	0	0	0
IS	16	0	0	0	0
IS	17	0	0	0	0
IS	18	0	0	0	0
IS	19	0	0	0	0
IS	20	0	0	0	0
IS	21	0	0	0	0
IS	22	0	0	0	0
IS	23	0	0	0	0
IS	24	0	0	0	0
IS	25	0	0	0	0
IS	26	0	0	0	0
IS	27	0	0	0	0
IS	28	0	0	0	0
IS	29	0	0	0	0
IS	30	0	0	0	0
IS	31	0	0	0	0
IS	32	0	0	0	0
IS	33	0	0	0	0
IS	34	0	0	0	0
IS	35	0	0	0	0
IS	36	0	0	0	0
IS	37	0	0	0	0
IS	38	0	0	0	0
IS	39	0	0	0	0
IS	40	0	0	0	0
IS	41	0	0	0	0
IS	42	0	0	0	0
IS	43	0	0	0	0
IS	44	0	0	0	0
IS	45	0	0	0	0
IS	46	0	0	0	0
IS	47	0	0	0	0
IS	48	0	0	0	0
IS	49	0	0	0	0
IS	50	0	0	0	0
IS	51	0	0	0	0
IS	52	0	0	0	0
IS	53	0	0	0	0
IS	54	0	0	0	0
IS	55	0	0	0	0
IS	56	0	0	0	0
IS	57	0	0	0	0
IS	58	0	0	0	0
IS	59	0	0	0	0
IS	60	0	0	0	0
IS	61	0	0	0	0
IS	62	0	0	0	0
IS	63	0	0	0	0
IS	64	0	0	0	0
IS	65	0	0	0	0
IS	66	0	0	0	0
IS	67	0	0	0	0
IS	68	0	0	0	0
IS	69	0	0	0	0
IS	70	0	0	0	0
IS	71	0	0	0	0
IS	72	0	0	0	0
IS	73	0	0	0	0
IS	74	0	0	0	0
IS	75	0	0	0	0
IS	76	0	0	0	0
IS	77	0	0	0	0
IS	78	0	0	0	0
IS	79	0	0	0	0
IS	80	0	0	0	0
IS	81	0	0	0	0
IS	82	0	0	0	0
IS	83	0	0	0	0
IS	84	0	0	0	0
IS	85	0	0	0	0
IS	86	0	0	0	0
IS	87	0	0	0	0
IS	88	0	0	0	0
IS	89	0	0	0	0
IS	90	0	0	0	0
IS	91	0	0	0	0
IS	92	0	0	0	0
IS	93	0	0	0	0
IS	94	0	0	0	0
IS	95	0	0	0	0
IS	96	0	0	0	0
IS	97	0	0	0	0
IS	98	0	0	0	0
IS	99	0	0	0	0
IS	100	0	0	0	0
IS	101	0	0	0	0
IS	102	0	0	0	0
IS	103	0	0	0	0
IS	104	0	0	0	0
IS	105	0	0	0	0
IS	106	0	0	0	0
IS	107	0	0	0	0
IS	108	0	0	0	0
IS	109	0	0	0	0
IS	110	0	0	0	0
IS	111	0	0	0	0
IS	112	0	0	0	0
IS	113	0	0	0	0
IS	114	0	0	0	0
IS	115	0	0	0	0
IS	116	0	0	0	0
IS	117	0	0	0	0
IS	118	0	0	0	0
IS	119	0	0	0	0
IS	120	0	0	0	0
IS	121	0	0	0	0
IS	122	0	0	0	0
IS	123	0	0	0	0
IS	124	0	0	0	0
IS	125	0	0	0	0
IS	126	0	0	0	0
IS	127	0	0	0	0
IS	128	0	0	0	0
IS	129	0	0	0	0
IS	130	0	0	0	0
IS	131	0	0	0	0
IS	132	0	0	0	0
IS	133	0	0	0	0
IS	134	0	0	0	0
IS	135	0	0	0	0
IS	136	0	0	0	0
IS	137	0	0	0	0
IS	138	0	0	0	0
IS	139	0	0	0	0
IS	140	0	0	0	0
IS	141	0	0	0	0
IS	142	0	0	0	0
IS	143	0	0	0	0
IS	144	0	0	0	0
IS	145	4	4	0	0
IS	146	0	0	0	0
IS	147	2	0	2	0
IS	148	1	1	0	0
IS	149	3	3	0	0
IS	150	436	35	401	0
IS	151	3810	637	3173	0
IS	152	798	452	346	0
IS	153	826	485	341	0
IS	154	514	510	4	0
IS	155	538	537	1	0
IS	156	594	586	8	0
IS	157	674	672	2	0
IS	158	713	710	3	0
IS	159	698	690	8	0
IS	160	695	690	5	0
IS	161	685	685	0	0
IS	162	681	681	0	0
IS	163	771	765	6	0
IS	164	741	737	4	0
IS	165	968	751	217	0
IS	166	1029	831	198	0
IS	167	1043	847	196	0
IS	168	1100	894	206	0
IS	169	1124	930	194	0
IS	170	1131	982	149	0
IS	171	1202	1069	133	0
IS	172	1323	1207	116	0
IS	173	1292	1190	102	0
IS	174	1312	1231	81	0
IS	175	1204	1147	57	0
IS	176	1286	1234	52	0
IS	177	1249	1197	52	0
IS	178	1213	1176	37	0
IS	179	1197	1165	32	0
IS	180	1261	1261	0	0
IS	181	1384	1384	0	0
IS	182	1126	1126	0	0
IS	183	1279	1279	0	0
IS	184	1425	1425	0	0
IS	185	1503	1503	0	0
IS	186	1517	1517	0	0
IS	187	1722	1722	0	0
IS	188	1802	1802	0	0
IS	189	1834	1834	0	0
IS	190	1873	1873	0	0
IS	191	2039	2039	0	0
IS	192	1984	1984	0	0
IS	193	2179	2179	0	0
IS	194	2265	2265	0	0
IS	195	1918	1918	0	0
IS	196	2010	2010	0	0
IS	197	2019	2019	0	0
IS	198	2024	2024	0	0
IS	199	2285	2285	0	0
IS	200	2089	2089	0	0
IS	201	2166	2166	0	0
IS	202	2208	2208	0	0
IS	203	2223	2223	0	0
IS	204	2322	2322	0	0
IS	205	2304	2304	0	0
IS	206	2548	2548	0	0
IS	207	2387	2387	0	0
IS	208	2707	2707	0	0
IS	209	2839	2839	0	0
IS	210	2638	2638	0	0
IS	211	2567	2567	0	0
IS	212	2870	2870	0	0
IS	213	2956	2956	0	0
IS	214	3046	3046	0	0
IS	215	3343	3343	0	0
IS	216	3125	3125	0	0
IS	217	3636	3636	0	0
IS	218	3631	3631	0	0
IS	219	3479	3479	0	0
IS	220	3121	3121	0	0
IS	221	2999	2999	0	0
IS	222	3176	3176	0	0
IS	223	3356	3356	0	0
IS	224	3241	3241	0	0
IS	225	3417	3417	0	0
IS	226	2922	2922	0	0
IS	227	3321	3321	0	0
IS	228	3357	3357	0	0
IS	229	3262	3260	2	0
IS	230	3109	3107	2	0
IS	231	3434	3434	0	0
IS	232	3284	3284	0	0
IS	233	3036	3036	0	0
IS	234	3280	3280	0	0
IS	235	3488	3488	0	0
IS	236	3996	3996	0	0
IS	237	3466	3466	0	0
IS	238	3207	3207	0	0
IS	239	3569	3569	0	0
IS	240	3337	3337	0	0
IS	241	3428	3428	0	0
IS	242	3129	3129	0	0
IS	243	3312	3312	0	0
IS	244	3326	3326	0	0
IS	245	3095	3095	0	0
IS	246	3371	3371	0	0
IS	247	3301	3301	0	0
IS	248	3346	3346	0	0
IS	249	3479	3479	0	0
IS	250	3014	3014	0	0
IS	251	3236	3236	0	0
IS	252	3137	3137	0	0
IS	253	3190	3190	0	0
IS	254	3163	3163	0	0
IS	255	3030	3030	0	0
IS	256	3126	3126	0	0
IS	257	3154	3154	0	0
IS	258	3032	3032	0	0
IS	259	2842	2842	0	0
IS	260	2719	2719	0	0
IS	261	2790	2789	1	0
IS	262	2595	2595	0	0
IS	263	2700	2700	0	0
IS	264	2665	2665	0	0
IS	265	2507	2507	0	0
IS	266	2516	2516	0	0
IS	267	2547	2547	0	0
IS	268	2612	2612	0	0
IS	269	2661	2661	0	0
IS	270	2501	2501	0	0
IS	271	2469	2469	0	0
IS	272	2447	2447	0	0
IS	273	2516	2516	0	0
IS	274	2261	2261	0	0
IS	275	2347	2347	0	0
IS	276	2393	2393	0	0
IS	277	2557	2557	0	0
IS	278	2275	2275	0	0
IS	279	2186	2186	0	0
IS	280	2072	2072	0	0
IS	281	2036	2036	0	0
IS	282	2046	2046	0	0
IS	283	2137	2137	0	0
IS	284	2091	2091	0	0
IS	285	1904	1904	0	0
IS	286	1707	1707	0	0
IS	287	1630	1630	0	0
IS	288	1704	1704	0	0
IS	289	1590	1590	0	0
IS	290	1692	1692	0	0
IS	291	1503	1503	0	0
IS	292	1656	1656	0	0
IS	293	1425	1425	0	0
IS	294	1430	1430	0	0
IS	295	1631	1631	0	0
IS	296	1609	1609	0	0
IS	297	1587	1586	1	0
IS	298	1443	1443	0	0
IS	299	1198	1198	0	0
IS	300	1248	1248	0	0
IS	301	1223	1222	0	1
IS	302	1316	1316	0	0
IS	303	1315	1315	0	0
IS	304	1421	1421	0	0
IS	305	1357	1357	0	0
IS	306	1235	1235	0	0
IS	307	1081	1080	1	0
IS	308	1073	1073	0	0
IS	309	967	967	0	0
IS	310	970	970	0	0
IS	311	856	856	0	0
IS	312	906	906	0	0
IS	313	862	862	0	0
IS	314	866	866	0	0
IS	315	758	758	0	0
IS	316	814	814	0	0
IS	317	748	748	0	0
IS	318	781	781	0	0
IS	319	757	757	0	0
IS	320	760	760	0	0
IS	321	734	734	0	0
IS	322	783	783	0	0
IS	323	662	662	0	0
IS	324	624	624	0	0
IS	325	568	568	0	0
IS	326	515	515	0	0
IS	327	582	582	0	0
IS	328	576	576	0	0
IS	329	512	512	0	0
IS	330	480	480	0	0
IS	331	474	473	0	1
IS	332	427	427	0	0
IS	333	432	432	0	0
IS	334	402	402	0	0
IS	335	399	399	0	0
IS	336	473	473	0	0
IS	337	435	435	0	0
IS	338	376	376	0	0
IS	339	335	335	0	0
IS	340	389	389	0	0
IS	341	393	393	0	0
IS	342	346	346	0	0
IS	343	358	358	0	0
IS	344	339	339	0	0
IS	345	290	290	0	0
IS	346	304	304	0	0
IS	347	296	296	0	0
IS	348	273	273	0	0
IS	349	285	285	0	0
IS	350	269	269	0	0
IS	351	319	319	0	0
IS	352	266	266	0	0
IS	353	234	234	0	0
IS	354	235	235	0	0
IS	355	227	227	0	0
IS	356	199	199	0	0
IS	357	230	230	0	0
IS	358	206	206	0	0
IS	359	175	175	0	0
IS	360	179	179	0	0
IS	361	202	202	0	0
IS	362	164	164	0	0
IS	363	160	160	0	0
IS	364	161	161	0	0
IS	365	146	146	0	0
IS	366	143	143	0	0
IS	367	137	137	0	0
IS	368	120	120	0	0
IS	369	94	94	0	0
IS	370	149	149	0	0
IS	371	124	124	0	0
IS	372	129	129	0	0
IS	373	142	142	0	0
IS	374	108	108	0	0
# Read lengths. Use `grep ^RL | cut -f 2-` to extract this part. The columns are: read length, count
RL	137	264
RL	138	281
RL	139	249
RL	140	324
RL	141	298
RL	142	356
RL	143	618
RL	144	574
RL	145	1037
RL	146	4054
RL	147	20731
RL	149	271
RL	150	746377
# Read lengths - first fragments. Use `grep ^FRL | cut -f 2-` to extract this part. The columns are: read length, count
FRL	142	4
FRL	143	273
FRL	144	224
FRL	145	670
FRL	146	2543
FRL	147	10669
FRL	149	27
FRL	150	372324
# Read lengths - last fragments. Use `grep ^LRL | cut -f 2-` to extract this part. The columns are: read length, count
LRL	137	264
LRL	138	281
LRL	139	249
LRL	140	324
LRL	141	298
LRL	142	352
LRL	143	345
LRL	144	350
LRL	145	367
LRL	146	1511
LRL	147	10062
LRL	149	244
LRL	150	374053
# Indel distribution. Use `grep ^ID | cut -f 2-` to extract this part. The columns are: length, number of insertions, number of deletions
ID	1	641	2054
ID	2	14	893
ID	3	9	106
ID	4	0	13
ID	5	11	2
ID	6	53	0
ID	7	209	0
ID	8	118	1
# Indels per cycle. Use `grep ^IC | cut -f 2-` to extract this part. The columns are: cycle, number of insertions (fwd), .. (rev) , number of deletions (fwd), .. (rev)
IC	15	0	0	0	10
IC	16	0	0	1	14
IC	17	0	4	2	15
IC	18	0	4	4	16
IC	19	0	4	7	5
IC	20	0	3	16	6
IC	21	1	8	17	10
IC	22	1	0	2	8
IC	23	0	1	11	4
IC	24	2	2	7	14
IC	25	0	1	10	10
IC	26	0	1	13	8
IC	27	1	11	14	8
IC	28	1	2	9	11
IC	29	4	1	14	11
IC	30	2	3	19	18
IC	31	0	1	7	14
IC	32	0	11	11	9
IC	33	5	2	19	6
IC	34	3	5	29	10
IC	35	5	3	18	10
IC	36	4	3	25	10
IC	37	1	3	17	14
IC	38	3	5	15	17
IC	39	4	3	20	12
IC	40	0	5	26	6
IC	41	3	2	10	15
IC	42	1	4	13	6
IC	43	3	5	26	8
IC	44	3	3	14	11
IC	45	0	3	28	10
IC	46	1	10	9	23
IC	47	4	12	20	13
IC	48	2	5	14	6
IC	49	0	5	8	9
IC	50	3	3	11	10
IC	51	4	1	24	11
IC	52	1	5	14	27
IC	53	4	10	9	15
IC	54	0	2	19	8
IC	55	2	14	3	17
IC	56	1	8	13	16
IC	57	16	16	10	10
IC	58	8	8	26	13
IC	59	23	4	21	18
IC	60	3	9	10	14
IC	61	5	25	11	14
IC	62	7	10	17	11
IC	63	1	9	16	16
IC	64	0	4	7	11
IC	65	2	3	12	14
IC	66	2	10	17	10
IC	67	4	3	14	21
IC	68	16	8	17	4
IC	69	13	7	19	14
IC	70	10	7	15	11
IC	71	8	6	17	12
IC	72	14	3	12	12
IC	73	17	16	17	16
IC	74	6	4	17	7
IC	75	1	2	21	11
IC	76	16	6	20	18
IC	77	4	4	12	15
IC	78	11	12	3	9
IC	79	2	3	19	13
IC	80	2	1	12	15
IC	81	1	5	7	8
IC	82	0	8	15	17
IC	83	1	1	12	12
IC	84	0	11	14	9
IC	85	7	2	14	9
IC	86	5	2	13	9
IC	87	2	5	14	12
IC	88	1	31	11	7
IC	89	4	9	16	12
IC	90	5	5	15	13
IC	91	11	5	18	12
IC	92	3	4	12	11
IC	93	1	4	11	14
IC	94	7	10	17	12
IC	95	19	6	33	11
IC	96	6	3	10	11
IC	97	1	0	20	19
IC	98	3	4	12	16
IC	99	3	8	11	10
IC	100	5	7	21	8
IC	101	3	9	13	7
IC	102	1	0	22	10
IC	103	3	3	16	19
IC	104	1	16	18	11
IC	105	5	4	13	18
IC	106	9	1	13	20
IC	107	4	3	18	10
IC	108	1	1	8	19
IC	109	2	7	17	10
IC	110	0	4	12	10
IC	111	1	8	14	10
IC	112	6	3	11	8
IC	113	1	7	9	18
IC	114	3	1	13	16
IC	115	4	8	14	12
IC	116	2	8	10	12
IC	117	0	1	10	19
IC	118	3	4	16	16
IC	119	8	1	5	7
IC	120	9	0	7	14
IC	121	18	0	10	22
IC	122	20	3	15	11
IC	123	3	1	16	12
IC	124	6	0	15	15
IC	125	0	0	9	6
IC	126	2	1	14	8
IC	127	0	2	18	9
IC	128	2	2	6	8
IC	129	0	1	9	13
IC	130	1	4	1	13
IC	131	0	0	5	4
IC	132	0	0	8	10
IC	133	1	0	4	3
IC	134	0	0	16	3
IC	135	0	0	13	0
# Coverage distribution. Use `grep ^COV | cut -f 2-` to extract this part.
COV	[20-20]	20	16
COV	[21-21]	21	22
COV	[22-22]	22	25
COV	[23-23]	23	4
COV	[24-24]	24	1
COV	[25-25]	25	3
COV	[26-26]	26	2
COV	[27-27]	27	4
COV	[28-28]	28	17
COV	[29-29]	29	6
COV	[30-30]	30	9
COV	[31-31]	31	2
COV	[32-32]	32	11
COV	[33-33]	33	12
COV	[34-34]	34	12
COV	[35-35]	35	9
COV	[36-36]	36	1
COV	[37-37]	37	1
COV	[38-38]	38	1
COV	[39-39]	39	1
COV	[40-40]	40	7
COV	[41-41]	41	14
COV	[42-42]	42	9
COV	[43-43]	43	5
COV	[44-44]	44	9
COV	[45-45]	45	8
COV	[46-46]	46	8
COV	[47-47]	47	1
COV	[48-48]	48	2
COV	[50-50]	50	2
COV	[51-51]	51	1
COV	[52-52]	52	3
COV	[53-53]	53	7
COV	[54-54]	54	9
COV	[55-55]	55	2
COV	[56-56]	56	5
COV	[57-57]	57	7
COV	[58-58]	58	17
COV	[59-59]	59	1
COV	[60-60]	60	5
COV	[61-61]	61	3
COV	[63-63]	63	3
COV	[66-66]	66	3
COV	[67-67]	67	1
COV	[69-69]	69	1
COV	[70-70]	70	6
COV	[71-71]	71	12
COV	[72-72]	72	10
COV	[73-73]	73	10
COV	[74-74]	74	7
COV	[75-75]	75	5
COV	[76-76]	76	2
COV	[77-77]	77	20
COV	[78-78]	78	7
COV	[79-79]	79	8
COV	[80-80]	80	9
COV	[81-81]	81	9
COV	[82-82]	82	6
COV	[83-83]	83	2
COV	[84-84]	84	3
COV	[85-85]	85	7
COV	[86-86]	86	18
COV	[87-87]	87	5
COV	[88-88]	88	8
COV	[89-89]	89	11
COV	[90-90]	90	9
COV	[91-91]	91	5
COV	[92-92]	92	2
COV	[93-93]	93	4
COV	[94-94]	94	4
COV	[99-99]	99	3
COV	[103-103]	103	4
COV	[106-106]	106	1
COV	[113-113]	113	2
COV	[114-114]	114	10
COV	[119-119]	119	1
COV	[121-121]	121	1
COV	[122-122]	122	2
COV	[123-123]	123	3
COV	[126-126]	126	1
COV	[127-127]	127	4
COV	[128-128]	128	7
COV	[129-129]	129	2
COV	[130-130]	130	1
COV	[133-133]	133	1
COV	[134-134]	134	2
COV	[135-135]	135	1
COV	[137-137]	137	2
COV	[138-138]	138	1
COV	[142-142]	142	4
COV	[146-146]	146	1
COV	[147-147]	147	1
COV	[149-149]	149	1
COV	[152-152]	152	1
COV	[153-153]	153	1
COV	[155-155]	155	1
COV	[159-159]	159	2
COV	[162-162]	162	6
COV	[163-163]	163	3
COV	[165-165]	165	1
COV	[166-166]	166	3
COV	[167-167]	167	1
COV	[169-169]	169	1
COV	[170-170]	170	4
COV	[171-171]	171	1
COV	[172-172]	172	4
COV	[174-174]	174	3
COV	[177-177]	177	3
COV	[178-178]	178	3
COV	[180-180]	180	1
COV	[181-181]	181	2
COV	[183-183]	183	1
COV	[184-184]	184	2
COV	[185-185]	185	1
COV	[186-186]	186	1
COV	[187-187]	187	1
COV	[192-192]	192	2
COV	[193-193]	193	2
COV	[195-195]	195	3
COV	[197-197]	197	1
COV	[199-199]	199	1
COV	[201-201]	201	1
COV	[202-202]	202	1
COV	[205-205]	205	2
COV	[206-206]	206	1
COV	[210-210]	210	1
COV	[212-212]	212	1
COV	[213-213]	213	1
COV	[215-215]	215	1
COV	[217-217]	217	1
COV	[220-220]	220	1
COV	[222-222]	222	2
COV	[225-225]	225	2
COV	[226-226]	226	2
COV	[229-229]	229	1
COV	[230-230]	230	1
COV	[232-232]	232	1
COV	[235-235]	235	1
COV	[236-236]	236	1
COV	[237-237]	237	1
COV	[241-241]	241	1
COV	[243-243]	243	1
COV	[244-244]	244	1
COV	[246-246]	246	1
COV	[247-247]	247	1
COV	[249-249]	249	1
COV	[250-250]	250	1
COV	[252-252]	252	5
COV	[254-254]	254	2
COV	[255-255]	255	1
COV	[258-258]	258	1
COV	[261-261]	261	1
COV	[266-266]	266	1
COV	[281-281]	281	1
COV	[283-283]	283	1
COV	[290-290]	290	1
COV	[296-296]	296	1
COV	[297-297]	297	2
COV	[315-315]	315	1
COV	[321-321]	321	1
COV	[322-322]	322	3
COV	[326-326]	326	1
COV	[327-327]	327	1
COV	[328-328]	328	2
COV	[329-329]	329	1
COV	[332-332]	332	1
COV	[334-334]	334	2
COV	[335-335]	335	1
COV	[338-338]	338	1
COV	[341-341]	341	1
COV	[348-348]	348	1
COV	[349-349]	349	1
COV	[351-351]	351	2
COV	[358-358]	358	3
COV	[361-361]	361	1
COV	[362-362]	362	1
COV	[363-363]	363	4
COV	[365-365]	365	5
COV	[366-366]	366	2
COV	[369-369]	369	1
COV	[370-370]	370	1
COV	[375-375]	375	1
COV	[377-377]	377	1
COV	[382-382]	382	1
COV	[384-384]	384	3
COV	[385-385]	385	1
COV	[386-386]	386	4
COV	[387-387]	387	1
COV	[393-393]	393	1
COV	[399-399]	399	1
COV	[400-400]	400	2
COV	[401-401]	401	1
COV	[403-403]	403	2
COV	[414-414]	414	3
COV	[416-416]	416	1
COV	[418-418]	418	2
COV	[419-419]	419	3
COV	[420-420]	420	1
COV	[421-421]	421	1
COV	[423-423]	423	2
COV	[424-424]	424	2
COV	[426-426]	426	1
COV	[427-427]	427	1
COV	[428-428]	428	2
COV	[429-429]	429	1
COV	[430-430]	430	4
COV	[431-431]	431	3
COV	[434-434]	434	2
COV	[435-435]	435	1
COV	[439-439]	439	2
COV	[447-447]	447	2
COV	[448-448]	448	2
COV	[449-449]	449	2
COV	[451-451]	451	1
COV	[453-453]	453	1
COV	[455-455]	455	1
COV	[457-457]	457	3
COV	[458-458]	458	5
COV	[459-459]	459	4
COV	[460-460]	460	2
COV	[461-461]	461	2
COV	[462-462]	462	3
COV	[463-463]	463	1
COV	[464-464]	464	1
COV	[466-466]	466	2
COV	[467-467]	467	1
COV	[468-468]	468	2
COV	[469-469]	469	1
COV	[470-470]	470	2
COV	[471-471]	471	1
COV	[472-472]	472	2
COV	[474-474]	474	3
COV	[475-475]	475	2
COV	[477-477]	477	3
COV	[478-478]	478	2
COV	[479-479]	479	1
COV	[480-480]	480	2
COV	[481-481]	481	1
COV	[482-482]	482	1
COV	[483-483]	483	1
COV	[484-484]	484	1
COV	[485-485]	485	1
COV	[489-489]	489	1
COV	[491-491]	491	1
COV	[492-492]	492	3
COV	[494-494]	494	2
COV	[495-495]	495	1
COV	[496-496]	496	2
COV	[497-497]	497	4
COV	[498-498]	498	4
COV	[499-499]	499	1
COV	[500-500]	500	3
COV	[501-501]	501	5
COV	[502-502]	502	3
COV	[503-503]	503	4
COV	[504-504]	504	3
COV	[505-505]	505	3
COV	[506-506]	506	3
COV	[507-507]	507	2
COV	[508-508]	508	3
COV	[509-509]	509	8
COV	[510-510]	510	5
COV	[511-511]	511	5
COV	[512-512]	512	4
COV	[513-513]	513	5
COV	[514-514]	514	2
COV	[515-515]	515	3
COV	[516-516]	516	6
COV	[517-517]	517	3
COV	[518-518]	518	6
COV	[519-519]	519	4
COV	[520-520]	520	3
COV	[521-521]	521	3
COV	[522-522]	522	4
COV	[523-523]	523	7
COV	[524-524]	524	7
COV	[525-525]	525	2
COV	[527-527]	527	4
COV	[528-528]	528	6
COV	[529-529]	529	5
COV	[530-530]	530	1
COV	[531-531]	531	4
COV	[532-532]	532	3
COV	[533-533]	533	4
COV	[534-534]	534	3
COV	[535-535]	535	2
COV	[536-536]	536	2
COV	[537-537]	537	3
COV	[538-538]	538	3
COV	[539-539]	539	1
COV	[540-540]	540	3
COV	[541-541]	541	2
COV	[542-542]	542	1
COV	[544-544]	544	2
COV	[545-545]	545	5
COV	[546-546]	546	1
COV	[547-547]	547	2
COV	[548-548]	548	3
COV	[549-549]	549	2
COV	[550-550]	550	2
COV	[552-552]	552	1
COV	[553-553]	553	1
COV	[554-554]	554	2
COV	[555-555]	555	1
COV	[557-557]	557	3
COV	[558-558]	558	1
COV	[559-559]	559	1
COV	[560-560]	560	2
COV	[561-561]	561	3
COV	[562-562]	562	3
COV	[563-563]	563	2
COV	[564-564]	564	5
COV	[565-565]	565	5
COV	[566-566]	566	2
COV	[567-567]	567	4
COV	[568-568]	568	1
COV	[569-569]	569	4
COV	[570-570]	570	1
COV	[571-571]	571	1
COV	[572-572]	572	3
COV	[573-573]	573	4
COV	[574-574]	574	1
COV	[575-575]	575	2
COV	[576-576]	576	2
COV	[577-577]	577	2
COV	[579-579]	579	1
COV	[580-580]	580	2
COV	[582-582]	582	1
COV	[583-583]	583	3
COV	[584-584]	584	6
COV	[585-585]	585	5
COV	[587-587]	587	2
COV	[588-588]	588	4
COV	[589-589]	589	3
COV	[590-590]	590	6
COV	[591-591]	591	4
COV	[592-592]	592	3
COV	[593-593]	593	2
COV	[594-594]	594	6
COV	[595-595]	595	3
COV	[596-596]	596	3
COV	[597-597]	597	1
COV	[598-598]	598	2
COV	[599-599]	599	2
COV	[601-601]	601	1
COV	[602-602]	602	1
COV	[603-603]	603	2
COV	[604-604]	604	3
COV	[607-607]	607	1
COV	[608-608]	608	1
COV	[609-609]	609	1
COV	[612-612]	612	1
COV	[613-613]	613	1
COV	[614-614]	614	2
COV	[615-615]	615	3
COV	[616-616]	616	3
COV	[617-617]	617	2
COV	[618-618]	618	2
COV	[620-620]	620	2
COV	[624-624]	624	1
COV	[625-625]	625	1
COV	[626-626]	626	1
COV	[628-628]	628	3
COV	[629-629]	629	2
COV	[630-630]	630	1
COV	[631-631]	631	2
COV	[633-633]	633	1
COV	[634-634]	634	1
COV	[635-635]	635	2
COV	[637-637]	637	4
COV	[638-638]	638	2
COV	[639-639]	639	3
COV	[640-640]	640	3
COV	[643-643]	643	3
COV	[644-644]	644	3
COV	[645-645]	645	4
COV	[646-646]	646	2
COV	[647-647]	647	2
COV	[648-648]	648	4
COV	[649-649]	649	5
COV	[651-651]	651	5
COV	[652-652]	652	5
COV	[653-653]	653	1
COV	[654-654]	654	3
COV	[655-655]	655	1
COV	[656-656]	656	1
COV	[657-657]	657	2
COV	[658-658]	658	3
COV	[659-659]	659	1
COV	[661-661]	661	1
COV	[663-663]	663	1
COV	[664-664]	664	2
COV	[665-665]	665	2
COV	[668-668]	668	1
COV	[669-669]	669	2
COV	[672-672]	672	1
COV	[673-673]	673	3
COV	[674-674]	674	3
COV	[675-675]	675	2
COV	[676-676]	676	4
COV	[677-677]	677	6
COV	[678-678]	678	1
COV	[679-679]	679	2
COV	[680-680]	680	5
COV	[681-681]	681	1
COV	[682-682]	682	2
COV	[683-683]	683	3
COV	[684-684]	684	5
COV	[685-685]	685	8
COV	[686-686]	686	7
COV	[687-687]	687	6
COV	[688-688]	688	1
COV	[689-689]	689	1
COV	[690-690]	690	1
COV	[692-692]	692	3
COV	[693-693]	693	4
COV	[694-694]	694	4
COV	[695-695]	695	1
COV	[696-696]	696	2
COV	[697-697]	697	3
COV	[698-698]	698	1
COV	[699-699]	699	3
COV	[700-700]	700	1
COV	[701-701]	701	4
COV	[703-703]	703	3
COV	[704-704]	704	1
COV	[705-705]	705	2
COV	[706-706]	706	1
COV	[707-707]	707	3
COV	[708-708]	708	3
COV	[709-709]	709	1
COV	[710-710]	710	2
COV	[711-711]	711	1
COV	[713-713]	713	1
COV	[714-714]	714	5
COV	[715-715]	715	1
COV	[716-716]	716	1
COV	[717-717]	717	3
COV	[718-718]	718	2
COV	[719-719]	719	1
COV	[720-720]	720	2
COV	[721-721]	721	2
COV	[723-723]	723	1
COV	[724-724]	724	1
COV	[725-725]	725	1
COV	[726-726]	726	1
COV	[727-727]	727	1
COV	[728-728]	728	2
COV	[729-729]	729	2
COV	[734-734]	734	1
COV	[737-737]	737	1
COV	[740-740]	740	1
COV	[741-741]	741	1
COV	[742-742]	742	1
COV	[743-743]	743	3
COV	[744-744]	744	1
COV	[746-746]	746	1
COV	[747-747]	747	2
COV	[749-749]	749	1
COV	[750-750]	750	1
COV	[754-754]	754	1
COV	[755-755]	755	1
COV	[756-756]	756	2
COV	[757-757]	757	2
COV	[758-758]	758	1
COV	[759-759]	759	1
COV	[760-760]	760	1
COV	[761-761]	761	1
COV	[762-762]	762	5
COV	[763-763]	763	3
COV	[764-764]	764	1
COV	[766-766]	766	5
COV	[767-767]	767	1
COV	[768-768]	768	1
COV	[769-769]	769	1
COV	[770-770]	770	2
COV	[771-771]	771	1
COV	[773-773]	773	1
COV	[774-774]	774	3
COV	[775-775]	775	5
COV	[776-776]	776	1
COV	[777-777]	777	6
COV	[778-778]	778	5
COV	[779-779]	779	5
COV	[780-780]	780	2
COV	[781-781]	781	4
COV	[782-782]	782	6
COV	[783-783]	783	1
COV	[784-784]	784	3
COV	[785-785]	785	3
COV	[786-786]	786	5
COV	[787-787]	787	3
COV	[788-788]	788	2
COV	[789-789]	789	4
COV	[790-790]	790	8
COV	[791-791]	791	3
COV	[792-792]	792	3
COV	[793-793]	793	6
COV	[794-794]	794	3
COV	[795-795]	795	4
COV	[796-796]	796	2
COV	[797-797]	797	1
COV	[798-798]	798	6
COV	[799-799]	799	7
COV	[800-800]	800	2
COV	[801-801]	801	1
COV	[802-802]	802	9
COV	[803-803]	803	2
COV	[804-804]	804	2
COV	[805-805]	805	4
COV	[806-806]	806	4
COV	[807-807]	807	4
COV	[808-808]	808	5
COV	[809-809]	809	2
COV	[810-810]	810	3
COV	[811-811]	811	1
COV	[812-812]	812	1
COV	[814-814]	814	2
COV	[815-815]	815	4
COV	[816-816]	816	4
COV	[817-817]	817	5
COV	[818-818]	818	1
COV	[820-820]	820	4
COV	[821-821]	821	3
COV	[823-823]	823	2
COV	[824-824]	824	4
COV	[825-825]	825	3
COV	[826-826]	826	3
COV	[827-827]	827	4
COV	[828-828]	828	1
COV	[829-829]	829	2
COV	[830-830]	830	1
COV	[831-831]	831	1
COV	[832-832]	832	1
COV	[833-833]	833	7
COV	[834-834]	834	1
COV	[835-835]	835	3
COV	[837-837]	837	3
COV	[838-838]	838	1
COV	[839-839]	839	2
COV	[841-841]	841	2
COV	[842-842]	842	3
COV	[844-844]	844	2
COV	[845-845]	845	1
COV	[846-846]	846	4
COV	[847-847]	847	1
COV	[848-848]	848	1
COV	[849-849]	849	2
COV	[850-850]	850	4
COV	[852-852]	852	4
COV	[854-854]	854	1
COV	[855-855]	855	4
COV	[856-856]	856	5
COV	[857-857]	857	2
COV	[858-858]	858	2
COV	[859-859]	859	2
COV	[860-860]	860	2
COV	[861-861]	861	2
COV	[862-862]	862	1
COV	[863-863]	863	5
COV	[864-864]	864	3
COV	[865-865]	865	2
COV	[866-866]	866	3
COV	[867-867]	867	2
COV	[868-868]	868	1
COV	[869-869]	869	1
COV	[870-870]	870	3
COV	[871-871]	871	3
COV	[872-872]	872	3
COV	[873-873]	873	3
COV	[874-874]	874	2
COV	[877-877]	877	1
COV	[878-878]	878	1
COV	[879-879]	879	3
COV	[880-880]	880	1
COV	[881-881]	881	5
COV	[882-882]	882	2
COV	[883-883]	883	5
COV	[888-888]	888	5
COV	[890-890]	890	2
COV	[891-891]	891	1
COV	[893-893]	893	4
COV	[894-894]	894	2
COV	[895-895]	895	2
COV	[897-897]	897	2
COV	[898-898]	898	2
COV	[899-899]	899	1
COV	[901-901]	901	2
COV	[902-902]	902	4
COV	[904-904]	904	2
COV	[905-905]	905	3
COV	[906-906]	906	1
COV	[907-907]	907	2
COV	[908-908]	908	7
COV	[909-909]	909	2
COV	[913-913]	913	2
COV	[914-914]	914	1
COV	[917-917]	917	2
COV	[918-918]	918	4
COV	[922-922]	922	1
COV	[923-923]	923	1
COV	[925-925]	925	1
COV	[936-936]	936	2
COV	[940-940]	940	1
COV	[941-941]	941	2
COV	[946-946]	946	1
COV	[950-950]	950	2
COV	[951-951]	951	1
COV	[953-953]	953	3
COV	[954-954]	954	3
COV	[955-955]	955	3
COV	[956-956]	956	3
COV	[957-957]	957	2
COV	[958-958]	958	1
COV	[959-959]	959	1
COV	[961-961]	961	1
COV	[962-962]	962	1
COV	[963-963]	963	1
COV	[964-964]	964	1
COV	[965-965]	965	2
COV	[968-968]	968	1
COV	[970-970]	970	1
COV	[971-971]	971	1
COV	[972-972]	972	1
COV	[973-973]	973	2
COV	[974-974]	974	2
COV	[977-977]	977	1
COV	[978-978]	978	1
COV	[979-979]	979	3
COV	[980-980]	980	3
COV	[981-981]	981	1
COV	[982-982]	982	4
COV	[984-984]	984	2
COV	[985-985]	985	1
COV	[987-987]	987	3
COV	[988-988]	988	1
COV	[989-989]	989	7
COV	[990-990]	990	4
COV	[991-991]	991	7
COV	[992-992]	992	3
COV	[993-993]	993	7
COV	[994-994]	994	3
COV	[995-995]	995	1
COV	[996-996]	996	7
COV	[997-997]	997	5
COV	[998-998]	998	7
COV	[999-999]	999	3
COV	[1000-1000]	1000	3
COV	[1000<]	1000	8265
# GC-depth. Use `grep ^GCD | cut -f 2-` to extract this part. The columns are: GC%, unique sequence percentiles, 10th, 25th, 50th, 75th and 90th depth percentile
GCD	0.0	100.000	0.000	0.000	0.000	0.000	0.000
