# This file was produced by samtools stats (1.9+htslib-1.9) and can be plotted using plot-bamstats
# This file contains statistics for all reads.
# The command line was:  stats -@ 20 amelRNA_1/amelRNA_1_bqcv.bam
# CHK, Checksum	[2]Read Names	[3]Sequences	[4]Qualities
# CHK, CRC32 of reads which passed filtering followed by addition (32bit overflow)
CHK	c65247fc	6cf16a55	2ce80e2d
# Summary Numbers. Use `grep ^SN | cut -f 2-` to extract this part.
SN	raw total sequences:	1432
SN	filtered sequences:	0
SN	sequences:	1432
SN	is sorted:	1
SN	1st fragments:	716
SN	last fragments:	716
SN	reads mapped:	917
SN	reads mapped and paired:	402	# paired-end technology bit set + both mates mapped
SN	reads unmapped:	515
SN	reads properly paired:	398	# proper-pair bit set
SN	reads paired:	1432	# paired-end technology bit set
SN	reads duplicated:	0	# PCR or optical duplicate bit set
SN	reads MQ0:	0	# mapped and MQ=0
SN	reads QC failed:	0
SN	non-primary alignments:	0
SN	total length:	214674	# ignores clipping
SN	total first fragment length:	107369	# ignores clipping
SN	total last fragment length:	107305	# ignores clipping
SN	bases mapped:	137436	# ignores clipping
SN	bases mapped (cigar):	135447	# more accurate
SN	bases trimmed:	0
SN	bases duplicated:	0
SN	mismatches:	2492	# from NM fields
SN	error rate:	1.839834e-02	# mismatches / bases mapped (cigar)
SN	average length:	149
SN	average first fragment length:	150
SN	average last fragment length:	150
SN	maximum length:	150
SN	maximum first fragment length:	150
SN	maximum last fragment length:	150
SN	average quality:	36.4
SN	insert size average:	212.5
SN	insert size standard deviation:	34.1
SN	inward oriented pairs:	187
SN	outward oriented pairs:	14
SN	pairs with other orientation:	0
SN	pairs on different chromosomes:	0
SN	percentage of properly paired reads (%):	27.8
# First Fragment Qualities. Use `grep ^FFQ | cut -f 2-` to extract this part.
# Columns correspond to qualities and rows to cycles. First column is the cycle number.
FFQ	1	0	0	0	0	0	0	0	0	0	0	0	1	0	0	0	0	0	0	0	0	0	0	0	0	0	6	0	0	0	0	0	0	0	0	0	0	0	709	0
FFQ	2	0	0	0	0	0	0	0	0	0	0	0	2	0	0	0	0	0	0	0	0	0	0	0	0	0	12	0	0	0	0	0	0	0	0	0	0	0	702	0
FFQ	3	0	0	0	0	0	0	0	0	0	0	0	0	0	0	0	0	0	0	0	0	0	0	0	0	0	7	0	0	0	0	0	0	0	0	0	0	0	709	0
FFQ	4	0	0	0	0	0	0	0	0	0	0	0	4	0	0	0	0	0	0	0	0	0	0	0	0	0	11	0	0	0	0	0	0	0	0	0	0	0	701	0
FFQ	5	0	0	0	0	0	0	0	0	0	0	0	0	0	0	0	0	0	0	0	0	0	0	0	0	0	7	0	0	0	0	0	0	0	0	0	0	0	709	0
FFQ	6	0	0	0	0	0	0	0	0	0	0	0	0	0	0	0	0	0	0	0	0	0	0	0	0	0	4	0	0	0	0	0	0	0	0	0	0	0	712	0
FFQ	7	0	0	0	0	0	0	0	0	0	0	0	3	0	0	0	0	0	0	0	0	0	0	0	0	0	9	0	0	0	0	0	0	0	0	0	0	0	704	0
FFQ	8	0	0	0	0	0	0	0	0	0	0	0	1	0	0	0	0	0	0	0	0	0	0	0	0	0	7	0	0	0	0	0	0	0	0	0	0	0	708	0
FFQ	9	0	0	0	0	0	0	0	0	0	0	0	1	0	0	0	0	0	0	0	0	0	0	0	0	0	8	0	0	0	0	0	0	0	0	0	0	0	707	0
FFQ	10	0	0	0	0	0	0	0	0	0	0	0	1	0	0	0	0	0	0	0	0	0	0	0	0	0	6	0	0	0	0	0	0	0	0	0	0	0	709	0
FFQ	11	0	0	0	0	0	0	0	0	0	0	0	1	0	0	0	0	0	0	0	0	0	0	0	0	0	9	0	0	0	0	0	0	0	0	0	0	0	706	0
FFQ	12	0	0	0	0	0	0	0	0	0	0	0	3	0	0	0	0	0	0	0	0	0	0	0	0	0	7	0	0	0	0	0	0	0	0	0	0	0	706	0
FFQ	13	0	0	0	0	0	0	0	0	0	0	0	2	0	0	0	0	0	0	0	0	0	0	0	0	0	8	0	0	0	0	0	0	0	0	0	0	0	706	0
FFQ	14	0	0	0	0	0	0	0	0	0	0	0	1	0	0	0	0	0	0	0	0	0	0	0	0	0	10	0	0	0	0	0	0	0	0	0	0	0	705	0
FFQ	15	0	0	0	0	0	0	0	0	0	0	0	3	0	0	0	0	0	0	0	0	0	0	0	0	0	3	0	0	0	0	0	0	0	0	0	0	0	710	0
FFQ	16	0	0	0	0	0	0	0	0	0	0	0	0	0	0	0	0	0	0	0	0	0	0	0	0	0	12	0	0	0	0	0	0	0	0	0	0	0	704	0
FFQ	17	0	0	0	0	0	0	0	0	0	0	0	1	0	0	0	0	0	0	0	0	0	0	0	0	0	7	0	0	0	0	0	0	0	0	0	0	0	708	0
FFQ	18	0	0	0	0	0	0	0	0	0	0	0	0	0	0	0	0	0	0	0	0	0	0	0	0	0	10	0	0	0	0	0	0	0	0	0	0	0	706	0
FFQ	19	0	0	0	0	0	0	0	0	0	0	0	3	0	0	0	0	0	0	0	0	0	0	0	0	0	7	0	0	0	0	0	0	0	0	0	0	0	706	0
FFQ	20	0	0	0	0	0	0	0	0	0	0	0	0	0	0	0	0	0	0	0	0	0	0	0	0	0	8	0	0	0	0	0	0	0	0	0	0	0	708	0
FFQ	21	0	0	0	0	0	0	0	0	0	0	0	4	0	0	0	0	0	0	0	0	0	0	0	0	0	11	0	0	0	0	0	0	0	0	0	0	0	701	0
FFQ	22	0	0	0	0	0	0	0	0	0	0	0	1	0	0	0	0	0	0	0	0	0	0	0	0	0	4	0	0	0	0	0	0	0	0	0	0	0	711	0
FFQ	23	0	0	0	0	0	0	0	0	0	0	0	0	0	0	0	0	0	0	0	0	0	0	0	0	0	5	0	0	0	0	0	0	0	0	0	0	0	711	0
FFQ	24	0	0	0	0	0	0	0	0	0	0	0	1	0	0	0	0	0	0	0	0	0	0	0	0	0	8	0	0	0	0	0	0	0	0	0	0	0	707	0
FFQ	25	0	0	0	0	0	0	0	0	0	0	0	0	0	0	0	0	0	0	0	0	0	0	0	0	0	5	0	0	0	0	0	0	0	0	0	0	0	711	0
FFQ	26	0	0	0	0	0	0	0	0	0	0	0	4	0	0	0	0	0	0	0	0	0	0	0	0	0	2	0	0	0	0	0	0	0	0	0	0	0	710	0
FFQ	27	0	0	0	0	0	0	0	0	0	0	0	0	0	0	0	0	0	0	0	0	0	0	0	0	0	4	0	0	0	0	0	0	0	0	0	0	0	712	0
FFQ	28	0	0	0	0	0	0	0	0	0	0	0	0	0	0	0	0	0	0	0	0	0	0	0	0	0	11	0	0	0	0	0	0	0	0	0	0	0	705	0
FFQ	29	0	0	0	0	0	0	0	0	0	0	0	3	0	0	0	0	0	0	0	0	0	0	0	0	0	5	0	0	0	0	0	0	0	0	0	0	0	708	0
FFQ	30	0	0	0	0	0	0	0	0	0	0	0	3	0	0	0	0	0	0	0	0	0	0	0	0	0	5	0	0	0	0	0	0	0	0	0	0	0	708	0
FFQ	31	0	0	0	0	0	0	0	0	0	0	0	2	0	0	0	0	0	0	0	0	0	0	0	0	0	4	0	0	0	0	0	0	0	0	0	0	0	710	0
FFQ	32	0	0	0	0	0	0	0	0	0	0	0	4	0	0	0	0	0	0	0	0	0	0	0	0	0	10	0	0	0	0	0	0	0	0	0	0	0	702	0
FFQ	33	0	0	0	0	0	0	0	0	0	0	0	5	0	0	0	0	0	0	0	0	0	0	0	0	0	4	0	0	0	0	0	0	0	0	0	0	0	707	0
FFQ	34	0	0	0	0	0	0	0	0	0	0	0	2	0	0	0	0	0	0	0	0	0	0	0	0	0	7	0	0	0	0	0	0	0	0	0	0	0	707	0
FFQ	35	0	0	0	0	0	0	0	0	0	0	0	1	0	0	0	0	0	0	0	0	0	0	0	0	0	7	0	0	0	0	0	0	0	0	0	0	0	708	0
FFQ	36	0	0	0	0	0	0	0	0	0	0	0	2	0	0	0	0	0	0	0	0	0	0	0	0	0	4	0	0	0	0	0	0	0	0	0	0	0	710	0
FFQ	37	0	0	0	0	0	0	0	0	0	0	0	2	0	0	0	0	0	0	0	0	0	0	0	0	0	9	0	0	0	0	0	0	0	0	0	0	0	705	0
FFQ	38	0	0	0	0	0	0	0	0	0	0	0	5	0	0	0	0	0	0	0	0	0	0	0	0	0	10	0	0	0	0	0	0	0	0	0	0	0	701	0
FFQ	39	0	0	0	0	0	0	0	0	0	0	0	3	0	0	0	0	0	0	0	0	0	0	0	0	0	11	0	0	0	0	0	0	0	0	0	0	0	702	0
FFQ	40	0	0	0	0	0	0	0	0	0	0	0	1	0	0	0	0	0	0	0	0	0	0	0	0	0	17	0	0	0	0	0	0	0	0	0	0	0	698	0
FFQ	41	0	0	0	0	0	0	0	0	0	0	0	1	0	0	0	0	0	0	0	0	0	0	0	0	0	12	0	0	0	0	0	0	0	0	0	0	0	703	0
FFQ	42	0	0	0	0	0	0	0	0	0	0	0	2	0	0	0	0	0	0	0	0	0	0	0	0	0	11	0	0	0	0	0	0	0	0	0	0	0	703	0
FFQ	43	0	0	0	0	0	0	0	0	0	0	0	2	0	0	0	0	0	0	0	0	0	0	0	0	0	10	0	0	0	0	0	0	0	0	0	0	0	704	0
FFQ	44	0	0	0	0	0	0	0	0	0	0	0	3	0	0	0	0	0	0	0	0	0	0	0	0	0	12	0	0	0	0	0	0	0	0	0	0	0	701	0
FFQ	45	0	0	0	0	0	0	0	0	0	0	0	2	0	0	0	0	0	0	0	0	0	0	0	0	0	7	0	0	0	0	0	0	0	0	0	0	0	707	0
FFQ	46	0	0	0	0	0	0	0	0	0	0	0	2	0	0	0	0	0	0	0	0	0	0	0	0	0	11	0	0	0	0	0	0	0	0	0	0	0	703	0
FFQ	47	0	0	0	0	0	0	0	0	0	0	0	5	0	0	0	0	0	0	0	0	0	0	0	0	0	11	0	0	0	0	0	0	0	0	0	0	0	700	0
FFQ	48	0	0	0	0	0	0	0	0	0	0	0	3	0	0	0	0	0	0	0	0	0	0	0	0	0	11	0	0	0	0	0	0	0	0	0	0	0	702	0
FFQ	49	0	0	0	0	0	0	0	0	0	0	0	1	0	0	0	0	0	0	0	0	0	0	0	0	0	8	0	0	0	0	0	0	0	0	0	0	0	707	0
FFQ	50	0	0	0	0	0	0	0	0	0	0	0	4	0	0	0	0	0	0	0	0	0	0	0	0	0	10	0	0	0	0	0	0	0	0	0	0	0	702	0
FFQ	51	0	0	0	0	0	0	0	0	0	0	0	1	0	0	0	0	0	0	0	0	0	0	0	0	0	16	0	0	0	0	0	0	0	0	0	0	0	699	0
FFQ	52	0	0	0	0	0	0	0	0	0	0	0	1	0	0	0	0	0	0	0	0	0	0	0	0	0	7	0	0	0	0	0	0	0	0	0	0	0	708	0
FFQ	53	0	0	0	0	0	0	0	0	0	0	0	3	0	0	0	0	0	0	0	0	0	0	0	0	0	11	0	0	0	0	0	0	0	0	0	0	0	702	0
FFQ	54	0	0	0	0	0	0	0	0	0	0	0	3	0	0	0	0	0	0	0	0	0	0	0	0	0	10	0	0	0	0	0	0	0	0	0	0	0	703	0
FFQ	55	0	0	0	0	0	0	0	0	0	0	0	2	0	0	0	0	0	0	0	0	0	0	0	0	0	7	0	0	0	0	0	0	0	0	0	0	0	707	0
FFQ	56	0	0	0	0	0	0	0	0	0	0	0	1	0	0	0	0	0	0	0	0	0	0	0	0	0	10	0	0	0	0	0	0	0	0	0	0	0	705	0
FFQ	57	0	0	0	0	0	0	0	0	0	0	0	4	0	0	0	0	0	0	0	0	0	0	0	0	0	9	0	0	0	0	0	0	0	0	0	0	0	703	0
FFQ	58	0	0	0	0	0	0	0	0	0	0	0	0	0	0	0	0	0	0	0	0	0	0	0	0	0	16	0	0	0	0	0	0	0	0	0	0	0	700	0
FFQ	59	0	0	0	0	0	0	0	0	0	0	0	1	0	0	0	0	0	0	0	0	0	0	0	0	0	12	0	0	0	0	0	0	0	0	0	0	0	703	0
FFQ	60	0	0	0	0	0	0	0	0	0	0	0	3	0	0	0	0	0	0	0	0	0	0	0	0	0	8	0	0	0	0	0	0	0	0	0	0	0	705	0
FFQ	61	0	0	0	0	0	0	0	0	0	0	0	1	0	0	0	0	0	0	0	0	0	0	0	0	0	12	0	0	0	0	0	0	0	0	0	0	0	703	0
FFQ	62	0	0	0	0	0	0	0	0	0	0	0	4	0	0	0	0	0	0	0	0	0	0	0	0	0	13	0	0	0	0	0	0	0	0	0	0	0	699	0
FFQ	63	0	0	0	0	0	0	0	0	0	0	0	4	0	0	0	0	0	0	0	0	0	0	0	0	0	14	0	0	0	0	0	0	0	0	0	0	0	698	0
FFQ	64	0	0	0	0	0	0	0	0	0	0	0	4	0	0	0	0	0	0	0	0	0	0	0	0	0	19	0	0	0	0	0	0	0	0	0	0	0	693	0
FFQ	65	0	0	0	0	0	0	0	0	0	0	0	2	0	0	0	0	0	0	0	0	0	0	0	0	0	9	0	0	0	0	0	0	0	0	0	0	0	705	0
FFQ	66	0	0	0	0	0	0	0	0	0	0	0	6	0	0	0	0	0	0	0	0	0	0	0	0	0	15	0	0	0	0	0	0	0	0	0	0	0	695	0
FFQ	67	0	0	0	0	0	0	0	0	0	0	0	6	0	0	0	0	0	0	0	0	0	0	0	0	0	17	0	0	0	0	0	0	0	0	0	0	0	693	0
FFQ	68	0	0	0	0	0	0	0	0	0	0	0	1	0	0	0	0	0	0	0	0	0	0	0	0	0	17	0	0	0	0	0	0	0	0	0	0	0	698	0
FFQ	69	0	0	0	0	0	0	0	0	0	0	0	3	0	0	0	0	0	0	0	0	0	0	0	0	0	20	0	0	0	0	0	0	0	0	0	0	0	693	0
FFQ	70	0	0	0	0	0	0	0	0	0	0	0	2	0	0	0	0	0	0	0	0	0	0	0	0	0	10	0	0	0	0	0	0	0	0	0	0	0	704	0
FFQ	71	0	0	0	0	0	0	0	0	0	0	0	0	0	0	0	0	0	0	0	0	0	0	0	0	0	10	0	0	0	0	0	0	0	0	0	0	0	706	0
FFQ	72	0	0	0	0	0	0	0	0	0	0	0	4	0	0	0	0	0	0	0	0	0	0	0	0	0	14	0	0	0	0	0	0	0	0	0	0	0	698	0
FFQ	73	0	0	0	0	0	0	0	0	0	0	0	3	0	0	0	0	0	0	0	0	0	0	0	0	0	16	0	0	0	0	0	0	0	0	0	0	0	697	0
FFQ	74	0	0	0	0	0	0	0	0	0	0	0	3	0	0	0	0	0	0	0	0	0	0	0	0	0	11	0	0	0	0	0	0	0	0	0	0	0	702	0
FFQ	75	0	0	0	0	0	0	0	0	0	0	0	4	0	0	0	0	0	0	0	0	0	0	0	0	0	8	0	0	0	0	0	0	0	0	0	0	0	704	0
FFQ	76	0	0	0	0	0	0	0	0	0	0	0	7	0	0	0	0	0	0	0	0	0	0	0	0	0	16	0	0	0	0	0	0	0	0	0	0	0	693	0
FFQ	77	0	0	0	0	0	0	0	0	0	0	0	8	0	0	0	0	0	0	0	0	0	0	0	0	0	17	0	0	0	0	0	0	0	0	0	0	0	691	0
FFQ	78	0	0	0	0	0	0	0	0	0	0	0	8	0	0	0	0	0	0	0	0	0	0	0	0	0	20	0	0	0	0	0	0	0	0	0	0	0	688	0
FFQ	79	0	0	0	0	0	0	0	0	0	0	0	7	0	0	0	0	0	0	0	0	0	0	0	0	0	18	0	0	0	0	0	0	0	0	0	0	0	691	0
FFQ	80	0	0	0	0	0	0	0	0	0	0	0	1	0	0	0	0	0	0	0	0	0	0	0	0	0	15	0	0	0	0	0	0	0	0	0	0	0	700	0
FFQ	81	0	0	0	0	0	0	0	0	0	0	0	6	0	0	0	0	0	0	0	0	0	0	0	0	0	20	0	0	0	0	0	0	0	0	0	0	0	690	0
FFQ	82	0	0	0	0	0	0	0	0	0	0	0	5	0	0	0	0	0	0	0	0	0	0	0	0	0	13	0	0	0	0	0	0	0	0	0	0	0	698	0
FFQ	83	0	0	0	0	0	0	0	0	0	0	0	4	0	0	0	0	0	0	0	0	0	0	0	0	0	16	0	0	0	0	0	0	0	0	0	0	0	696	0
FFQ	84	0	0	0	0	0	0	0	0	0	0	0	5	0	0	0	0	0	0	0	0	0	0	0	0	0	14	0	0	0	0	0	0	0	0	0	0	0	697	0
FFQ	85	0	0	0	0	0	0	0	0	0	0	0	1	0	0	0	0	0	0	0	0	0	0	0	0	0	20	0	0	0	0	0	0	0	0	0	0	0	695	0
FFQ	86	0	0	0	0	0	0	0	0	0	0	0	4	0	0	0	0	0	0	0	0	0	0	0	0	0	12	0	0	0	0	0	0	0	0	0	0	0	700	0
FFQ	87	0	0	0	0	0	0	0	0	0	0	0	4	0	0	0	0	0	0	0	0	0	0	0	0	0	22	0	0	0	0	0	0	0	0	0	0	0	690	0
FFQ	88	0	0	0	0	0	0	0	0	0	0	0	2	0	0	0	0	0	0	0	0	0	0	0	0	0	25	0	0	0	0	0	0	0	0	0	0	0	689	0
FFQ	89	0	0	0	0	0	0	0	0	0	0	0	9	0	0	0	0	0	0	0	0	0	0	0	0	0	16	0	0	0	0	0	0	0	0	0	0	0	691	0
FFQ	90	0	0	0	0	0	0	0	0	0	0	0	1	0	0	0	0	0	0	0	0	0	0	0	0	0	14	0	0	0	0	0	0	0	0	0	0	0	701	0
FFQ	91	0	0	0	0	0	0	0	0	0	0	0	5	0	0	0	0	0	0	0	0	0	0	0	0	0	12	0	0	0	0	0	0	0	0	0	0	0	699	0
FFQ	92	0	0	0	0	0	0	0	0	0	0	0	4	0	0	0	0	0	0	0	0	0	0	0	0	0	23	0	0	0	0	0	0	0	0	0	0	0	689	0
FFQ	93	0	0	0	0	0	0	0	0	0	0	0	7	0	0	0	0	0	0	0	0	0	0	0	0	0	25	0	0	0	0	0	0	0	0	0	0	0	684	0
FFQ	94	0	0	0	0	0	0	0	0	0	0	0	5	0	0	0	0	0	0	0	0	0	0	0	0	0	18	0	0	0	0	0	0	0	0	0	0	0	693	0
FFQ	95	0	0	0	0	0	0	0	0	0	0	0	7	0	0	0	0	0	0	0	0	0	0	0	0	0	16	0	0	0	0	0	0	0	0	0	0	0	693	0
FFQ	96	0	0	0	0	0	0	0	0	0	0	0	3	0	0	0	0	0	0	0	0	0	0	0	0	0	17	0	0	0	0	0	0	0	0	0	0	0	696	0
FFQ	97	0	0	0	0	0	0	0	0	0	0	0	4	0	0	0	0	0	0	0	0	0	0	0	0	0	17	0	0	0	0	0	0	0	0	0	0	0	695	0
FFQ	98	0	0	0	0	0	0	0	0	0	0	0	4	0	0	0	0	0	0	0	0	0	0	0	0	0	14	0	0	0	0	0	0	0	0	0	0	0	698	0
FFQ	99	0	0	0	0	0	0	0	0	0	0	0	5	0	0	0	0	0	0	0	0	0	0	0	0	0	18	0	0	0	0	0	0	0	0	0	0	0	693	0
FFQ	100	0	0	0	0	0	0	0	0	0	0	0	4	0	0	0	0	0	0	0	0	0	0	0	0	0	26	0	0	0	0	0	0	0	0	0	0	0	686	0
FFQ	101	0	0	0	0	0	0	0	0	0	0	0	6	0	0	0	0	0	0	0	0	0	0	0	0	0	16	0	0	0	0	0	0	0	0	0	0	0	694	0
FFQ	102	0	0	0	0	0	0	0	0	0	0	0	9	0	0	0	0	0	0	0	0	0	0	0	0	0	15	0	0	0	0	0	0	0	0	0	0	0	692	0
FFQ	103	0	0	0	0	0	0	0	0	0	0	0	7	0	0	0	0	0	0	0	0	0	0	0	0	0	18	0	0	0	0	0	0	0	0	0	0	0	691	0
FFQ	104	0	0	0	0	0	0	0	0	0	0	0	6	0	0	0	0	0	0	0	0	0	0	0	0	0	11	0	0	0	0	0	0	0	0	0	0	0	699	0
FFQ	105	0	0	0	0	0	0	0	0	0	0	0	8	0	0	0	0	0	0	0	0	0	0	0	0	0	16	0	0	0	0	0	0	0	0	0	0	0	692	0
FFQ	106	0	0	0	0	0	0	0	0	0	0	0	3	0	0	0	0	0	0	0	0	0	0	0	0	0	24	0	0	0	0	0	0	0	0	0	0	0	689	0
FFQ	107	0	0	0	0	0	0	0	0	0	0	0	5	0	0	0	0	0	0	0	0	0	0	0	0	0	17	0	0	0	0	0	0	0	0	0	0	0	694	0
FFQ	108	0	0	0	0	0	0	0	0	0	0	0	11	0	0	0	0	0	0	0	0	0	0	0	0	0	17	0	0	0	0	0	0	0	0	0	0	0	688	0
FFQ	109	0	0	0	0	0	0	0	0	0	0	0	7	0	0	0	0	0	0	0	0	0	0	0	0	0	12	0	0	0	0	0	0	0	0	0	0	0	697	0
FFQ	110	0	0	0	0	0	0	0	0	0	0	0	6	0	0	0	0	0	0	0	0	0	0	0	0	0	15	0	0	0	0	0	0	0	0	0	0	0	695	0
FFQ	111	0	0	0	0	0	0	0	0	0	0	0	4	0	0	0	0	0	0	0	0	0	0	0	0	0	16	0	0	0	0	0	0	0	0	0	0	0	696	0
FFQ	112	0	0	0	0	0	0	0	0	0	0	0	4	0	0	0	0	0	0	0	0	0	0	0	0	0	21	0	0	0	0	0	0	0	0	0	0	0	691	0
FFQ	113	0	0	0	0	0	0	0	0	0	0	0	9	0	0	0	0	0	0	0	0	0	0	0	0	0	23	0	0	0	0	0	0	0	0	0	0	0	684	0
FFQ	114	0	0	0	0	0	0	0	0	0	0	0	11	0	0	0	0	0	0	0	0	0	0	0	0	0	14	0	0	0	0	0	0	0	0	0	0	0	691	0
FFQ	115	0	0	0	0	0	0	0	0	0	0	0	0	0	0	0	0	0	0	0	0	0	0	0	0	0	21	0	0	0	0	0	0	0	0	0	0	0	695	0
FFQ	116	0	0	0	0	0	0	0	0	0	0	0	6	0	0	0	0	0	0	0	0	0	0	0	0	0	15	0	0	0	0	0	0	0	0	0	0	0	695	0
FFQ	117	0	0	0	0	0	0	0	0	0	0	0	5	0	0	0	0	0	0	0	0	0	0	0	0	0	20	0	0	0	0	0	0	0	0	0	0	0	691	0
FFQ	118	0	0	0	0	0	0	0	0	0	0	0	3	0	0	0	0	0	0	0	0	0	0	0	0	0	24	0	0	0	0	0	0	0	0	0	0	0	689	0
FFQ	119	0	0	0	0	0	0	0	0	0	0	0	5	0	0	0	0	0	0	0	0	0	0	0	0	0	21	0	0	0	0	0	0	0	0	0	0	0	690	0
FFQ	120	0	0	0	0	0	0	0	0	0	0	0	7	0	0	0	0	0	0	0	0	0	0	0	0	0	18	0	0	0	0	0	0	0	0	0	0	0	691	0
FFQ	121	0	0	0	0	0	0	0	0	0	0	0	3	0	0	0	0	0	0	0	0	0	0	0	0	0	15	0	0	0	0	0	0	0	0	0	0	0	698	0
FFQ	122	0	0	0	0	0	0	0	0	0	0	0	6	0	0	0	0	0	0	0	0	0	0	0	0	0	16	0	0	0	0	0	0	0	0	0	0	0	694	0
FFQ	123	0	0	0	0	0	0	0	0	0	0	0	9	0	0	0	0	0	0	0	0	0	0	0	0	0	16	0	0	0	0	0	0	0	0	0	0	0	691	0
FFQ	124	0	0	0	0	0	0	0	0	0	0	0	10	0	0	0	0	0	0	0	0	0	0	0	0	0	29	0	0	0	0	0	0	0	0	0	0	0	677	0
FFQ	125	0	0	0	0	0	0	0	0	0	0	0	9	0	0	0	0	0	0	0	0	0	0	0	0	0	24	0	0	0	0	0	0	0	0	0	0	0	683	0
FFQ	126	0	0	0	0	0	0	0	0	0	0	0	9	0	0	0	0	0	0	0	0	0	0	0	0	0	39	0	0	0	0	0	0	0	0	0	0	0	668	0
FFQ	127	0	0	0	0	0	0	0	0	0	0	0	8	0	0	0	0	0	0	0	0	0	0	0	0	0	26	0	0	0	0	0	0	0	0	0	0	0	682	0
FFQ	128	0	0	0	0	0	0	0	0	0	0	0	9	0	0	0	0	0	0	0	0	0	0	0	0	0	25	0	0	0	0	0	0	0	0	0	0	0	682	0
FFQ	129	0	0	0	0	0	0	0	0	0	0	0	8	0	0	0	0	0	0	0	0	0	0	0	0	0	16	0	0	0	0	0	0	0	0	0	0	0	692	0
FFQ	130	0	0	0	0	0	0	0	0	0	0	0	7	0	0	0	0	0	0	0	0	0	0	0	0	0	25	0	0	0	0	0	0	0	0	0	0	0	684	0
FFQ	131	0	0	0	0	0	0	0	0	0	0	0	8	0	0	0	0	0	0	0	0	0	0	0	0	0	25	0	0	0	0	0	0	0	0	0	0	0	683	0
FFQ	132	0	0	0	0	0	0	0	0	0	0	0	9	0	0	0	0	0	0	0	0	0	0	0	0	0	26	0	0	0	0	0	0	0	0	0	0	0	681	0
FFQ	133	0	0	0	0	0	0	0	0	0	0	0	7	0	0	0	0	0	0	0	0	0	0	0	0	0	23	0	0	0	0	0	0	0	0	0	0	0	686	0
FFQ	134	0	0	0	0	0	0	0	0	0	0	0	9	0	0	0	0	0	0	0	0	0	0	0	0	0	25	0	0	0	0	0	0	0	0	0	0	0	682	0
FFQ	135	0	0	0	0	0	0	0	0	0	0	0	7	0	0	0	0	0	0	0	0	0	0	0	0	0	27	0	0	0	0	0	0	0	0	0	0	0	682	0
FFQ	136	0	0	0	0	0	0	0	0	0	0	0	6	0	0	0	0	0	0	0	0	0	0	0	0	0	26	0	0	0	0	0	0	0	0	0	0	0	684	0
FFQ	137	0	0	0	0	0	0	0	0	0	0	0	9	0	0	0	0	0	0	0	0	0	0	0	0	0	19	0	0	0	0	0	0	0	0	0	0	0	688	0
FFQ	138	0	0	0	0	0	0	0	0	0	0	0	8	0	0	0	0	0	0	0	0	0	0	0	0	0	26	0	0	0	0	0	0	0	0	0	0	0	682	0
FFQ	139	0	0	0	0	0	0	0	0	0	0	0	9	0	0	0	0	0	0	0	0	0	0	0	0	0	15	0	0	0	0	0	0	0	0	0	0	0	692	0
FFQ	140	0	0	0	0	0	0	0	0	0	0	0	10	0	0	0	0	0	0	0	0	0	0	0	0	0	30	0	0	0	0	0	0	0	0	0	0	0	676	0
FFQ	141	0	0	0	0	0	0	0	0	0	0	0	6	0	0	0	0	0	0	0	0	0	0	0	0	0	21	0	0	0	0	0	0	0	0	0	0	0	689	0
FFQ	142	0	0	0	0	0	0	0	0	0	0	0	12	0	0	0	0	0	0	0	0	0	0	0	0	0	21	0	0	0	0	0	0	0	0	0	0	0	683	0
FFQ	143	0	0	0	0	0	0	0	0	0	0	0	9	0	0	0	0	0	0	0	0	0	0	0	0	0	18	0	0	0	0	0	0	0	0	0	0	0	689	0
FFQ	144	0	0	0	0	0	0	0	0	0	0	0	4	0	0	0	0	0	0	0	0	0	0	0	0	0	30	0	0	0	0	0	0	0	0	0	0	0	682	0
FFQ	145	0	0	0	0	0	0	0	0	0	0	0	12	0	0	0	0	0	0	0	0	0	0	0	0	0	24	0	0	0	0	0	0	0	0	0	0	0	680	0
FFQ	146	0	0	0	0	0	0	0	0	0	0	0	11	0	0	0	0	0	0	0	0	0	0	0	0	0	30	0	0	0	0	0	0	0	0	0	0	0	675	0
FFQ	147	0	0	0	0	0	0	0	0	0	0	0	5	0	0	0	0	0	0	0	0	0	0	0	0	0	39	0	0	0	0	0	0	0	0	0	0	0	671	0
FFQ	148	0	0	0	0	0	0	0	0	0	0	0	10	0	0	0	0	0	0	0	0	0	0	0	0	0	36	0	0	0	0	0	0	0	0	0	0	0	660	0
FFQ	149	0	0	0	0	0	0	0	0	0	0	0	8	0	0	0	0	0	0	0	0	0	0	0	0	0	34	0	0	0	0	0	0	0	0	0	0	0	664	0
FFQ	150	0	0	0	0	0	0	0	0	0	0	0	0	0	0	0	0	0	0	0	0	0	0	0	0	0	24	0	0	0	0	0	0	0	0	0	0	0	682	0
# Last Fragment Qualities. Use `grep ^LFQ | cut -f 2-` to extract this part.
# Columns correspond to qualities and rows to cycles. First column is the cycle number.
LFQ	1	0	0	0	0	0	0	0	0	0	0	0	10	0	0	0	0	0	0	0	0	0	0	0	0	0	25	0	0	0	0	0	0	0	0	0	0	0	681	0
LFQ	2	0	0	0	0	0	0	0	0	0	0	0	8	0	0	0	0	0	0	0	0	0	0	0	0	0	18	0	0	0	0	0	0	0	0	0	0	0	690	0
LFQ	3	0	0	0	0	0	0	0	0	0	0	0	6	0	0	0	0	0	0	0	0	0	0	0	0	0	16	0	0	0	0	0	0	0	0	0	0	0	694	0
LFQ	4	0	0	0	0	0	0	0	0	0	0	0	5	0	0	0	0	0	0	0	0	0	0	0	0	0	15	0	0	0	0	0	0	0	0	0	0	0	696	0
LFQ	5	0	0	0	0	0	0	0	0	0	0	0	7	0	0	0	0	0	0	0	0	0	0	0	0	0	22	0	0	0	0	0	0	0	0	0	0	0	687	0
LFQ	6	0	0	0	0	0	0	0	0	0	0	0	4	0	0	0	0	0	0	0	0	0	0	0	0	0	11	0	0	0	0	0	0	0	0	0	0	0	701	0
LFQ	7	0	0	0	0	0	0	0	0	0	0	0	4	0	0	0	0	0	0	0	0	0	0	0	0	0	20	0	0	0	0	0	0	0	0	0	0	0	692	0
LFQ	8	0	0	0	0	0	0	0	0	0	0	0	7	0	0	0	0	0	0	0	0	0	0	0	0	0	13	0	0	0	0	0	0	0	0	0	0	0	696	0
LFQ	9	0	0	0	0	0	0	0	0	0	0	0	4	0	0	0	0	0	0	0	0	0	0	0	0	0	10	0	0	0	0	0	0	0	0	0	0	0	702	0
LFQ	10	0	0	0	0	0	0	0	0	0	0	0	6	0	0	0	0	0	0	0	0	0	0	0	0	0	17	0	0	0	0	0	0	0	0	0	0	0	693	0
LFQ	11	0	0	0	0	0	0	0	0	0	0	0	6	0	0	0	0	0	0	0	0	0	0	0	0	0	17	0	0	0	0	0	0	0	0	0	0	0	693	0
LFQ	12	0	0	0	0	0	0	0	0	0	0	0	4	0	0	0	0	0	0	0	0	0	0	0	0	0	15	0	0	0	0	0	0	0	0	0	0	0	697	0
LFQ	13	0	0	0	0	0	0	0	0	0	0	0	4	0	0	0	0	0	0	0	0	0	0	0	0	0	10	0	0	0	0	0	0	0	0	0	0	0	702	0
LFQ	14	0	0	0	0	0	0	0	0	0	0	0	3	0	0	0	0	0	0	0	0	0	0	0	0	0	16	0	0	0	0	0	0	0	0	0	0	0	697	0
LFQ	15	0	0	0	0	0	0	0	0	0	0	0	8	0	0	0	0	0	0	0	0	0	0	0	0	0	10	0	0	0	0	0	0	0	0	0	0	0	698	0
LFQ	16	0	0	0	0	0	0	0	0	0	0	0	4	0	0	0	0	0	0	0	0	0	0	0	0	0	9	0	0	0	0	0	0	0	0	0	0	0	703	0
LFQ	17	0	0	0	0	0	0	0	0	0	0	0	11	0	0	0	0	0	0	0	0	0	0	0	0	0	19	0	0	0	0	0	0	0	0	0	0	0	686	0
LFQ	18	0	0	0	0	0	0	0	0	0	0	0	2	0	0	0	0	0	0	0	0	0	0	0	0	0	22	0	0	0	0	0	0	0	0	0	0	0	692	0
LFQ	19	0	0	0	0	0	0	0	0	0	0	0	3	0	0	0	0	0	0	0	0	0	0	0	0	0	13	0	0	0	0	0	0	0	0	0	0	0	700	0
LFQ	20	0	0	0	0	0	0	0	0	0	0	0	3	0	0	0	0	0	0	0	0	0	0	0	0	0	14	0	0	0	0	0	0	0	0	0	0	0	699	0
LFQ	21	0	0	0	0	0	0	0	0	0	0	0	4	0	0	0	0	0	0	0	0	0	0	0	0	0	18	0	0	0	0	0	0	0	0	0	0	0	694	0
LFQ	22	0	0	0	0	0	0	0	0	0	0	0	4	0	0	0	0	0	0	0	0	0	0	0	0	0	20	0	0	0	0	0	0	0	0	0	0	0	692	0
LFQ	23	0	0	0	0	0	0	0	0	0	0	0	7	0	0	0	0	0	0	0	0	0	0	0	0	0	16	0	0	0	0	0	0	0	0	0	0	0	693	0
LFQ	24	0	0	0	0	0	0	0	0	0	0	0	8	0	0	0	0	0	0	0	0	0	0	0	0	0	21	0	0	0	0	0	0	0	0	0	0	0	687	0
LFQ	25	0	0	0	0	0	0	0	0	0	0	0	5	0	0	0	0	0	0	0	0	0	0	0	0	0	20	0	0	0	0	0	0	0	0	0	0	0	691	0
LFQ	26	0	0	0	0	0	0	0	0	0	0	0	5	0	0	0	0	0	0	0	0	0	0	0	0	0	14	0	0	0	0	0	0	0	0	0	0	0	697	0
LFQ	27	0	0	0	0	0	0	0	0	0	0	0	6	0	0	0	0	0	0	0	0	0	0	0	0	0	14	0	0	0	0	0	0	0	0	0	0	0	696	0
LFQ	28	0	0	0	0	0	0	0	0	0	0	0	8	0	0	0	0	0	0	0	0	0	0	0	0	0	17	0	0	0	0	0	0	0	0	0	0	0	691	0
LFQ	29	0	0	0	0	0	0	0	0	0	0	0	6	0	0	0	0	0	0	0	0	0	0	0	0	0	20	0	0	0	0	0	0	0	0	0	0	0	690	0
LFQ	30	0	0	0	0	0	0	0	0	0	0	0	7	0	0	0	0	0	0	0	0	0	0	0	0	0	16	0	0	0	0	0	0	0	0	0	0	0	693	0
LFQ	31	0	0	0	0	0	0	0	0	0	0	0	10	0	0	0	0	0	0	0	0	0	0	0	0	0	16	0	0	0	0	0	0	0	0	0	0	0	690	0
LFQ	32	0	0	0	0	0	0	0	0	0	0	0	8	0	0	0	0	0	0	0	0	0	0	0	0	0	20	0	0	0	0	0	0	0	0	0	0	0	688	0
LFQ	33	0	0	0	0	0	0	0	0	0	0	0	5	0	0	0	0	0	0	0	0	0	0	0	0	0	20	0	0	0	0	0	0	0	0	0	0	0	691	0
LFQ	34	0	0	0	0	0	0	0	0	0	0	0	6	0	0	0	0	0	0	0	0	0	0	0	0	0	18	0	0	0	0	0	0	0	0	0	0	0	692	0
LFQ	35	0	0	0	0	0	0	0	0	0	0	0	10	0	0	0	0	0	0	0	0	0	0	0	0	0	29	0	0	0	0	0	0	0	0	0	0	0	677	0
LFQ	36	0	0	0	0	0	0	0	0	0	0	0	11	0	0	0	0	0	0	0	0	0	0	0	0	0	19	0	0	0	0	0	0	0	0	0	0	0	686	0
LFQ	37	0	0	0	0	0	0	0	0	0	0	0	9	0	0	0	0	0	0	0	0	0	0	0	0	0	22	0	0	0	0	0	0	0	0	0	0	0	685	0
LFQ	38	0	0	0	0	0	0	0	0	0	0	0	7	0	0	0	0	0	0	0	0	0	0	0	0	0	19	0	0	0	0	0	0	0	0	0	0	0	690	0
LFQ	39	0	0	0	0	0	0	0	0	0	0	0	9	0	0	0	0	0	0	0	0	0	0	0	0	0	17	0	0	0	0	0	0	0	0	0	0	0	690	0
LFQ	40	0	0	0	0	0	0	0	0	0	0	0	12	0	0	0	0	0	0	0	0	0	0	0	0	0	22	0	0	0	0	0	0	0	0	0	0	0	682	0
LFQ	41	0	0	0	0	0	0	0	0	0	0	0	8	0	0	0	0	0	0	0	0	0	0	0	0	0	16	0	0	0	0	0	0	0	0	0	0	0	692	0
LFQ	42	0	0	0	0	0	0	0	0	0	0	0	9	0	0	0	0	0	0	0	0	0	0	0	0	0	14	0	0	0	0	0	0	0	0	0	0	0	693	0
LFQ	43	0	0	0	0	0	0	0	0	0	0	0	8	0	0	0	0	0	0	0	0	0	0	0	0	0	16	0	0	0	0	0	0	0	0	0	0	0	692	0
LFQ	44	0	0	0	0	0	0	0	0	0	0	0	9	0	0	0	0	0	0	0	0	0	0	0	0	0	32	0	0	0	0	0	0	0	0	0	0	0	675	0
LFQ	45	0	0	0	0	0	0	0	0	0	0	0	7	0	0	0	0	0	0	0	0	0	0	0	0	0	16	0	0	0	0	0	0	0	0	0	0	0	693	0
LFQ	46	0	0	0	0	0	0	0	0	0	0	0	9	0	0	0	0	0	0	0	0	0	0	0	0	0	29	0	0	0	0	0	0	0	0	0	0	0	678	0
LFQ	47	0	0	0	0	0	0	0	0	0	0	0	7	0	0	0	0	0	0	0	0	0	0	0	0	0	17	0	0	0	0	0	0	0	0	0	0	0	692	0
LFQ	48	0	0	0	0	0	0	0	0	0	0	0	6	0	0	0	0	0	0	0	0	0	0	0	0	0	16	0	0	0	0	0	0	0	0	0	0	0	694	0
LFQ	49	0	0	0	0	0	0	0	0	0	0	0	9	0	0	0	0	0	0	0	0	0	0	0	0	0	20	0	0	0	0	0	0	0	0	0	0	0	687	0
LFQ	50	0	0	0	0	0	0	0	0	0	0	0	7	0	0	0	0	0	0	0	0	0	0	0	0	0	13	0	0	0	0	0	0	0	0	0	0	0	696	0
LFQ	51	0	0	0	0	0	0	0	0	0	0	0	5	0	0	0	0	0	0	0	0	0	0	0	0	0	32	0	0	0	0	0	0	0	0	0	0	0	679	0
LFQ	52	0	0	0	0	0	0	0	0	0	0	0	10	0	0	0	0	0	0	0	0	0	0	0	0	0	19	0	0	0	0	0	0	0	0	0	0	0	687	0
LFQ	53	0	0	0	0	0	0	0	0	0	0	0	10	0	0	0	0	0	0	0	0	0	0	0	0	0	20	0	0	0	0	0	0	0	0	0	0	0	686	0
LFQ	54	0	0	0	0	0	0	0	0	0	0	0	9	0	0	0	0	0	0	0	0	0	0	0	0	0	21	0	0	0	0	0	0	0	0	0	0	0	686	0
LFQ	55	0	0	0	0	0	0	0	0	0	0	0	10	0	0	0	0	0	0	0	0	0	0	0	0	0	22	0	0	0	0	0	0	0	0	0	0	0	684	0
LFQ	56	0	0	0	0	0	0	0	0	0	0	0	5	0	0	0	0	0	0	0	0	0	0	0	0	0	26	0	0	0	0	0	0	0	0	0	0	0	685	0
LFQ	57	0	0	0	0	0	0	0	0	0	0	0	6	0	0	0	0	0	0	0	0	0	0	0	0	0	23	0	0	0	0	0	0	0	0	0	0	0	687	0
LFQ	58	0	0	0	0	0	0	0	0	0	0	0	5	0	0	0	0	0	0	0	0	0	0	0	0	0	18	0	0	0	0	0	0	0	0	0	0	0	693	0
LFQ	59	0	0	0	0	0	0	0	0	0	0	0	7	0	0	0	0	0	0	0	0	0	0	0	0	0	14	0	0	0	0	0	0	0	0	0	0	0	695	0
LFQ	60	0	0	0	0	0	0	0	0	0	0	0	6	0	0	0	0	0	0	0	0	0	0	0	0	0	13	0	0	0	0	0	0	0	0	0	0	0	697	0
LFQ	61	0	0	0	0	0	0	0	0	0	0	0	8	0	0	0	0	0	0	0	0	0	0	0	0	0	24	0	0	0	0	0	0	0	0	0	0	0	684	0
LFQ	62	0	0	0	0	0	0	0	0	0	0	0	10	0	0	0	0	0	0	0	0	0	0	0	0	0	33	0	0	0	0	0	0	0	0	0	0	0	673	0
LFQ	63	0	0	0	0	0	0	0	0	0	0	0	6	0	0	0	0	0	0	0	0	0	0	0	0	0	26	0	0	0	0	0	0	0	0	0	0	0	684	0
LFQ	64	0	0	0	0	0	0	0	0	0	0	0	7	0	0	0	0	0	0	0	0	0	0	0	0	0	25	0	0	0	0	0	0	0	0	0	0	0	684	0
LFQ	65	0	0	0	0	0	0	0	0	0	0	0	10	0	0	0	0	0	0	0	0	0	0	0	0	0	22	0	0	0	0	0	0	0	0	0	0	0	684	0
LFQ	66	0	0	0	0	0	0	0	0	0	0	0	6	0	0	0	0	0	0	0	0	0	0	0	0	0	25	0	0	0	0	0	0	0	0	0	0	0	685	0
LFQ	67	0	0	0	0	0	0	0	0	0	0	0	14	0	0	0	0	0	0	0	0	0	0	0	0	0	18	0	0	0	0	0	0	0	0	0	0	0	684	0
LFQ	68	0	0	0	0	0	0	0	0	0	0	0	12	0	0	0	0	0	0	0	0	0	0	0	0	0	28	0	0	0	0	0	0	0	0	0	0	0	676	0
LFQ	69	0	0	0	0	0	0	0	0	0	0	0	9	0	0	0	0	0	0	0	0	0	0	0	0	0	23	0	0	0	0	0	0	0	0	0	0	0	684	0
LFQ	70	0	0	0	0	0	0	0	0	0	0	0	5	0	0	0	0	0	0	0	0	0	0	0	0	0	24	0	0	0	0	0	0	0	0	0	0	0	687	0
LFQ	71	0	0	0	0	0	0	0	0	0	0	0	5	0	0	0	0	0	0	0	0	0	0	0	0	0	24	0	0	0	0	0	0	0	0	0	0	0	687	0
LFQ	72	0	0	0	0	0	0	0	0	0	0	0	8	0	0	0	0	0	0	0	0	0	0	0	0	0	20	0	0	0	0	0	0	0	0	0	0	0	688	0
LFQ	73	0	0	0	0	0	0	0	0	0	0	0	10	0	0	0	0	0	0	0	0	0	0	0	0	0	13	0	0	0	0	0	0	0	0	0	0	0	693	0
LFQ	74	0	0	0	0	0	0	0	0	0	0	0	4	0	0	0	0	0	0	0	0	0	0	0	0	0	29	0	0	0	0	0	0	0	0	0	0	0	683	0
LFQ	75	0	0	0	0	0	0	0	0	0	0	0	5	0	0	0	0	0	0	0	0	0	0	0	0	0	31	0	0	0	0	0	0	0	0	0	0	0	680	0
LFQ	76	0	0	0	0	0	0	0	0	0	0	0	7	0	0	0	0	0	0	0	0	0	0	0	0	0	33	0	0	0	0	0	0	0	0	0	0	0	676	0
LFQ	77	0	0	0	0	0	0	0	0	0	0	0	13	0	0	0	0	0	0	0	0	0	0	0	0	0	18	0	0	0	0	0	0	0	0	0	0	0	685	0
LFQ	78	0	0	0	0	0	0	0	0	0	0	0	7	0	0	0	0	0	0	0	0	0	0	0	0	0	25	0	0	0	0	0	0	0	0	0	0	0	684	0
LFQ	79	0	0	0	0	0	0	0	0	0	0	0	9	0	0	0	0	0	0	0	0	0	0	0	0	0	22	0	0	0	0	0	0	0	0	0	0	0	685	0
LFQ	80	0	0	0	0	0	0	0	0	0	0	0	7	0	0	0	0	0	0	0	0	0	0	0	0	0	31	0	0	0	0	0	0	0	0	0	0	0	678	0
LFQ	81	0	0	0	0	0	0	0	0	0	0	0	14	0	0	0	0	0	0	0	0	0	0	0	0	0	35	0	0	0	0	0	0	0	0	0	0	0	667	0
LFQ	82	0	0	0	0	0	0	0	0	0	0	0	4	0	0	0	0	0	0	0	0	0	0	0	0	0	16	0	0	0	0	0	0	0	0	0	0	0	696	0
LFQ	83	0	0	0	0	0	0	0	0	0	0	0	10	0	0	0	0	0	0	0	0	0	0	0	0	0	33	0	0	0	0	0	0	0	0	0	0	0	673	0
LFQ	84	0	0	0	0	0	0	0	0	0	0	0	10	0	0	0	0	0	0	0	0	0	0	0	0	0	21	0	0	0	0	0	0	0	0	0	0	0	685	0
LFQ	85	0	0	0	0	0	0	0	0	0	0	0	6	0	0	0	0	0	0	0	0	0	0	0	0	0	22	0	0	0	0	0	0	0	0	0	0	0	688	0
LFQ	86	0	0	0	0	0	0	0	0	0	0	0	8	0	0	0	0	0	0	0	0	0	0	0	0	0	30	0	0	0	0	0	0	0	0	0	0	0	678	0
LFQ	87	0	0	0	0	0	0	0	0	0	0	0	6	0	0	0	0	0	0	0	0	0	0	0	0	0	33	0	0	0	0	0	0	0	0	0	0	0	677	0
LFQ	88	0	0	0	0	0	0	0	0	0	0	0	8	0	0	0	0	0	0	0	0	0	0	0	0	0	39	0	0	0	0	0	0	0	0	0	0	0	669	0
LFQ	89	0	0	0	0	0	0	0	0	0	0	0	8	0	0	0	0	0	0	0	0	0	0	0	0	0	27	0	0	0	0	0	0	0	0	0	0	0	681	0
LFQ	90	0	0	0	0	0	0	0	0	0	0	0	4	0	0	0	0	0	0	0	0	0	0	0	0	0	40	0	0	0	0	0	0	0	0	0	0	0	672	0
LFQ	91	0	0	0	0	0	0	0	0	0	0	0	11	0	0	0	0	0	0	0	0	0	0	0	0	0	22	0	0	0	0	0	0	0	0	0	0	0	683	0
LFQ	92	0	0	0	0	0	0	0	0	0	0	0	9	0	0	0	0	0	0	0	0	0	0	0	0	0	28	0	0	0	0	0	0	0	0	0	0	0	679	0
LFQ	93	0	0	0	0	0	0	0	0	0	0	0	7	0	0	0	0	0	0	0	0	0	0	0	0	0	28	0	0	0	0	0	0	0	0	0	0	0	681	0
LFQ	94	0	0	0	0	0	0	0	0	0	0	0	10	0	0	0	0	0	0	0	0	0	0	0	0	0	33	0	0	0	0	0	0	0	0	0	0	0	673	0
LFQ	95	0	0	0	0	0	0	0	0	0	0	0	11	0	0	0	0	0	0	0	0	0	0	0	0	0	28	0	0	0	0	0	0	0	0	0	0	0	677	0
LFQ	96	0	0	0	0	0	0	0	0	0	0	0	15	0	0	0	0	0	0	0	0	0	0	0	0	0	30	0	0	0	0	0	0	0	0	0	0	0	671	0
LFQ	97	0	0	0	0	0	0	0	0	0	0	0	12	0	0	0	0	0	0	0	0	0	0	0	0	0	25	0	0	0	0	0	0	0	0	0	0	0	679	0
LFQ	98	0	0	0	0	0	0	0	0	0	0	0	6	0	0	0	0	0	0	0	0	0	0	0	0	0	27	0	0	0	0	0	0	0	0	0	0	0	683	0
LFQ	99	0	0	0	0	0	0	0	0	0	0	0	9	0	0	0	0	0	0	0	0	0	0	0	0	0	26	0	0	0	0	0	0	0	0	0	0	0	681	0
LFQ	100	0	0	0	0	0	0	0	0	0	0	0	12	0	0	0	0	0	0	0	0	0	0	0	0	0	34	0	0	0	0	0	0	0	0	0	0	0	670	0
LFQ	101	0	0	0	0	0	0	0	0	0	0	0	17	0	0	0	0	0	0	0	0	0	0	0	0	0	21	0	0	0	0	0	0	0	0	0	0	0	678	0
LFQ	102	0	0	0	0	0	0	0	0	0	0	0	15	0	0	0	0	0	0	0	0	0	0	0	0	0	36	0	0	0	0	0	0	0	0	0	0	0	665	0
LFQ	103	0	0	0	0	0	0	0	0	0	0	0	13	0	0	0	0	0	0	0	0	0	0	0	0	0	27	0	0	0	0	0	0	0	0	0	0	0	676	0
LFQ	104	0	0	0	0	0	0	0	0	0	0	0	8	0	0	0	0	0	0	0	0	0	0	0	0	0	30	0	0	0	0	0	0	0	0	0	0	0	678	0
LFQ	105	0	0	0	0	0	0	0	0	0	0	0	13	0	0	0	0	0	0	0	0	0	0	0	0	0	20	0	0	0	0	0	0	0	0	0	0	0	683	0
LFQ	106	0	0	0	0	0	0	0	0	0	0	0	10	0	0	0	0	0	0	0	0	0	0	0	0	0	23	0	0	0	0	0	0	0	0	0	0	0	683	0
LFQ	107	0	0	0	0	0	0	0	0	0	0	0	14	0	0	0	0	0	0	0	0	0	0	0	0	0	24	0	0	0	0	0	0	0	0	0	0	0	678	0
LFQ	108	0	0	0	0	0	0	0	0	0	0	0	8	0	0	0	0	0	0	0	0	0	0	0	0	0	27	0	0	0	0	0	0	0	0	0	0	0	681	0
LFQ	109	0	0	0	0	0	0	0	0	0	0	0	18	0	0	0	0	0	0	0	0	0	0	0	0	0	28	0	0	0	0	0	0	0	0	0	0	0	670	0
LFQ	110	0	0	0	0	0	0	0	0	0	0	0	16	0	0	0	0	0	0	0	0	0	0	0	0	0	41	0	0	0	0	0	0	0	0	0	0	0	659	0
LFQ	111	0	0	0	0	0	0	0	0	0	0	0	16	0	0	0	0	0	0	0	0	0	0	0	0	0	30	0	0	0	0	0	0	0	0	0	0	0	670	0
LFQ	112	0	0	0	0	0	0	0	0	0	0	0	8	0	0	0	0	0	0	0	0	0	0	0	0	0	34	0	0	0	0	0	0	0	0	0	0	0	674	0
LFQ	113	0	0	0	0	0	0	0	0	0	0	0	10	0	0	0	0	0	0	0	0	0	0	0	0	0	31	0	0	0	0	0	0	0	0	0	0	0	675	0
LFQ	114	0	0	0	0	0	0	0	0	0	0	0	13	0	0	0	0	0	0	0	0	0	0	0	0	0	34	0	0	0	0	0	0	0	0	0	0	0	669	0
LFQ	115	0	0	0	0	0	0	0	0	0	0	0	10	0	0	0	0	0	0	0	0	0	0	0	0	0	28	0	0	0	0	0	0	0	0	0	0	0	678	0
LFQ	116	0	0	0	0	0	0	0	0	0	0	0	8	0	0	0	0	0	0	0	0	0	0	0	0	0	25	0	0	0	0	0	0	0	0	0	0	0	683	0
LFQ	117	0	0	0	0	0	0	0	0	0	0	0	17	0	0	0	0	0	0	0	0	0	0	0	0	0	32	0	0	0	0	0	0	0	0	0	0	0	667	0
LFQ	118	0	0	0	0	0	0	0	0	0	0	0	18	0	0	0	0	0	0	0	0	0	0	0	0	0	25	0	0	0	0	0	0	0	0	0	0	0	673	0
LFQ	119	0	0	0	0	0	0	0	0	0	0	0	15	0	0	0	0	0	0	0	0	0	0	0	0	0	24	0	0	0	0	0	0	0	0	0	0	0	677	0
LFQ	120	0	0	0	0	0	0	0	0	0	0	0	20	0	0	0	0	0	0	0	0	0	0	0	0	0	26	0	0	0	0	0	0	0	0	0	0	0	670	0
LFQ	121	0	0	0	0	0	0	0	0	0	0	0	14	0	0	0	0	0	0	0	0	0	0	0	0	0	37	0	0	0	0	0	0	0	0	0	0	0	665	0
LFQ	122	0	0	0	0	0	0	0	0	0	0	0	13	0	0	0	0	0	0	0	0	0	0	0	0	0	28	0	0	0	0	0	0	0	0	0	0	0	675	0
LFQ	123	0	0	0	0	0	0	0	0	0	0	0	15	0	0	0	0	0	0	0	0	0	0	0	0	0	37	0	0	0	0	0	0	0	0	0	0	0	664	0
LFQ	124	0	0	0	0	0	0	0	0	0	0	0	27	0	0	0	0	0	0	0	0	0	0	0	0	0	30	0	0	0	0	0	0	0	0	0	0	0	659	0
LFQ	125	0	0	0	0	0	0	0	0	0	0	0	14	0	0	0	0	0	0	0	0	0	0	0	0	0	31	0	0	0	0	0	0	0	0	0	0	0	671	0
LFQ	126	0	0	0	0	0	0	0	0	0	0	0	16	0	0	0	0	0	0	0	0	0	0	0	0	0	35	0	0	0	0	0	0	0	0	0	0	0	665	0
LFQ	127	0	0	0	0	0	0	0	0	0	0	0	14	0	0	0	0	0	0	0	0	0	0	0	0	0	41	0	0	0	0	0	0	0	0	0	0	0	661	0
LFQ	128	0	0	0	0	0	0	0	0	0	0	0	17	0	0	0	0	0	0	0	0	0	0	0	0	0	35	0	0	0	0	0	0	0	0	0	0	0	664	0
LFQ	129	0	0	0	0	0	0	0	0	0	0	0	17	0	0	0	0	0	0	0	0	0	0	0	0	0	47	0	0	0	0	0	0	0	0	0	0	0	652	0
LFQ	130	0	0	0	0	0	0	0	0	0	0	0	23	0	0	0	0	0	0	0	0	0	0	0	0	0	38	0	0	0	0	0	0	0	0	0	0	0	655	0
LFQ	131	0	0	0	0	0	0	0	0	0	0	0	9	0	0	0	0	0	0	0	0	0	0	0	0	0	26	0	0	0	0	0	0	0	0	0	0	0	681	0
LFQ	132	0	0	0	0	0	0	0	0	0	0	0	15	0	0	0	0	0	0	0	0	0	0	0	0	0	44	0	0	0	0	0	0	0	0	0	0	0	657	0
LFQ	133	0	0	0	0	0	0	0	0	0	0	0	16	0	0	0	0	0	0	0	0	0	0	0	0	0	35	0	0	0	0	0	0	0	0	0	0	0	665	0
LFQ	134	0	0	0	0	0	0	0	0	0	0	0	12	0	0	0	0	0	0	0	0	0	0	0	0	0	28	0	0	0	0	0	0	0	0	0	0	0	676	0
LFQ	135	0	0	0	0	0	0	0	0	0	0	0	18	0	0	0	0	0	0	0	0	0	0	0	0	0	35	0	0	0	0	0	0	0	0	0	0	0	663	0
LFQ	136	0	0	0	0	0	0	0	0	0	0	0	19	0	0	0	0	0	0	0	0	0	0	0	0	0	37	0	0	0	0	0	0	0	0	0	0	0	660	0
LFQ	137	0	0	0	0	0	0	0	0	0	0	0	17	0	0	0	0	0	0	0	0	0	0	0	0	0	36	0	0	0	0	0	0	0	0	0	0	0	663	0
LFQ	138	0	0	0	0	0	0	0	0	0	0	0	15	0	0	0	0	0	0	0	0	0	0	0	0	0	24	0	0	0	0	0	0	0	0	0	0	0	675	0
LFQ	139	0	0	0	0	0	0	0	0	0	0	0	24	0	0	0	0	0	0	0	0	0	0	0	0	0	38	0	0	0	0	0	0	0	0	0	0	0	651	0
LFQ	140	0	0	0	0	0	0	0	0	0	0	0	18	0	0	0	0	0	0	0	0	0	0	0	0	0	44	0	0	0	0	0	0	0	0	0	0	0	651	0
LFQ	141	0	0	0	0	0	0	0	0	0	0	0	30	0	0	0	0	0	0	0	0	0	0	0	0	0	42	0	0	0	0	0	0	0	0	0	0	0	641	0
LFQ	142	0	0	0	0	0	0	0	0	0	0	0	24	0	0	0	0	0	0	0	0	0	0	0	0	0	44	0	0	0	0	0	0	0	0	0	0	0	644	0
LFQ	143	0	0	0	0	0	0	0	0	0	0	0	22	0	0	0	0	0	0	0	0	0	0	0	0	0	40	0	0	0	0	0	0	0	0	0	0	0	649	0
LFQ	144	0	0	0	0	0	0	0	0	0	0	0	17	0	0	0	0	0	0	0	0	0	0	0	0	0	43	0	0	0	0	0	0	0	0	0	0	0	650	0
LFQ	145	0	0	0	0	0	0	0	0	0	0	0	19	0	0	0	0	0	0	0	0	0	0	0	0	0	53	0	0	0	0	0	0	0	0	0	0	0	638	0
LFQ	146	0	0	0	0	0	0	0	0	0	0	0	22	0	0	0	0	0	0	0	0	0	0	0	0	0	35	0	0	0	0	0	0	0	0	0	0	0	653	0
LFQ	147	0	0	0	0	0	0	0	0	0	0	0	22	0	0	0	0	0	0	0	0	0	0	0	0	0	42	0	0	0	0	0	0	0	0	0	0	0	646	0
LFQ	148	0	0	0	0	0	0	0	0	0	0	0	18	0	0	0	0	0	0	0	0	0	0	0	0	0	47	0	0	0	0	0	0	0	0	0	0	0	634	0
LFQ	149	0	0	0	0	0	0	0	0	0	0	0	17	0	0	0	0	0	0	0	0	0	0	0	0	0	45	0	0	0	0	0	0	0	0	0	0	0	637	0
LFQ	150	0	0	0	0	0	0	0	0	0	0	0	16	0	0	0	0	0	0	0	0	0	0	0	0	0	47	0	0	0	0	0	0	0	0	0	0	0	636	0
# GC Content of first fragments. Use `grep ^GCF | cut -f 2-` to extract this part.
GCF	15.58	0
GCF	31.41	4
GCF	32.16	0
GCF	33.17	1
GCF	33.92	0
GCF	34.67	1
GCF	35.43	4
GCF	35.93	1
GCF	36.68	2
GCF	37.44	1
GCF	37.94	21
GCF	38.44	47
GCF	38.94	45
GCF	39.45	75
GCF	39.95	86
GCF	40.45	90
GCF	40.95	92
GCF	41.46	31
GCF	41.96	16
GCF	42.71	11
GCF	43.47	18
GCF	43.97	34
GCF	44.47	22
GCF	44.97	21
GCF	45.48	62
GCF	45.98	48
GCF	46.48	76
GCF	46.98	72
GCF	47.49	51
GCF	47.99	11
GCF	48.74	2
GCF	49.50	1
# GC Content of last fragments. Use `grep ^GCL | cut -f 2-` to extract this part.
GCL	16.33	0
GCL	32.91	2
GCL	33.42	0
GCL	33.92	1
GCL	34.67	2
GCL	35.43	4
GCL	35.93	2
GCL	36.68	0
GCL	37.44	10
GCL	37.94	8
GCL	38.44	17
GCL	38.94	15
GCL	39.45	20
GCL	39.95	33
GCL	40.45	36
GCL	41.21	34
GCL	41.96	23
GCL	42.46	29
GCL	42.96	30
GCL	43.47	40
GCL	43.97	62
GCL	44.72	59
GCL	45.48	85
GCL	45.98	100
GCL	46.73	80
GCL	47.49	46
GCL	47.99	15
GCL	48.49	6
GCL	49.25	5
# ACGT content per cycle. Use `grep ^GCC | cut -f 2-` to extract this part. The columns are: cycle; A,C,G,T base counts as a percentage of all A/C/G/T bases [%]; and N and O counts as a percentage of all A/C/G/T bases [%]
GCC	1	22.91	33.10	28.28	15.71	0.00	0.00
GCC	2	25.35	22.35	25.98	26.33	0.00	0.00
GCC	3	23.25	25.21	23.32	28.21	0.00	0.00
GCC	4	23.32	24.72	24.02	27.93	0.00	0.00
GCC	5	28.91	23.74	25.00	22.35	0.00	0.00
GCC	6	29.89	20.88	21.02	28.21	0.00	0.00
GCC	7	24.58	16.97	20.53	37.92	0.00	0.00
GCC	8	27.51	21.79	17.53	33.17	0.00	0.00
GCC	9	24.51	23.46	15.71	36.31	0.00	0.00
GCC	10	28.21	18.02	19.69	34.08	0.00	0.00
GCC	11	26.96	25.84	20.11	27.09	0.00	0.00
GCC	12	25.07	24.79	21.86	28.28	0.00	0.00
GCC	13	29.26	22.84	17.74	30.17	0.00	0.00
GCC	14	25.28	23.74	18.92	32.05	0.00	0.00
GCC	15	25.63	23.32	24.72	26.33	0.00	0.00
GCC	16	32.12	21.86	21.72	24.30	0.00	0.00
GCC	17	29.33	21.51	21.51	27.65	0.00	0.00
GCC	18	31.49	18.37	16.55	33.59	0.00	0.00
GCC	19	29.54	18.30	20.81	31.35	0.00	0.00
GCC	20	25.91	20.04	21.44	32.61	0.00	0.00
GCC	21	23.60	19.27	26.26	30.87	0.00	0.00
GCC	22	25.00	21.37	27.03	26.61	0.00	0.00
GCC	23	27.09	20.25	20.04	32.61	0.00	0.00
GCC	24	26.26	23.67	20.74	29.33	0.00	0.00
GCC	25	28.77	22.14	18.37	30.73	0.00	0.00
GCC	26	24.09	21.72	19.69	34.50	0.00	0.00
GCC	27	26.75	19.69	23.46	30.10	0.00	0.00
GCC	28	26.19	23.46	20.53	29.82	0.00	0.00
GCC	29	28.98	21.44	18.02	31.56	0.00	0.00
GCC	30	28.21	19.34	20.32	32.12	0.00	0.00
GCC	31	28.21	21.02	26.89	23.88	0.00	0.00
GCC	32	30.80	21.58	22.35	25.28	0.00	0.00
GCC	33	28.14	25.07	19.48	27.30	0.00	0.00
GCC	34	24.51	25.70	18.09	31.70	0.00	0.00
GCC	35	22.77	23.32	24.16	29.75	0.00	0.00
GCC	36	24.16	23.39	20.74	31.70	0.00	0.00
GCC	37	24.79	22.07	22.21	30.94	0.00	0.00
GCC	38	26.12	22.14	20.46	31.28	0.00	0.00
GCC	39	28.35	18.92	19.06	33.66	0.00	0.00
GCC	40	23.46	20.88	20.32	35.34	0.00	0.00
GCC	41	28.77	18.72	20.53	31.98	0.00	0.00
GCC	42	26.96	20.60	22.77	29.68	0.00	0.00
GCC	43	24.23	19.20	26.12	30.45	0.00	0.00
GCC	44	26.47	20.11	22.14	31.28	0.00	0.00
GCC	45	25.56	23.74	19.48	31.22	0.00	0.00
GCC	46	27.03	25.63	19.62	27.72	0.00	0.00
GCC	47	25.14	22.14	20.11	32.61	0.00	0.00
GCC	48	28.84	20.11	21.09	29.96	0.00	0.00
GCC	49	26.26	20.53	22.49	30.73	0.00	0.00
GCC	50	25.63	21.02	23.46	29.89	0.00	0.00
GCC	51	22.91	18.58	25.28	33.24	0.00	0.00
GCC	52	29.05	19.97	20.32	30.66	0.00	0.00
GCC	53	24.16	25.35	22.49	28.00	0.00	0.00
GCC	54	25.49	21.93	21.09	31.49	0.00	0.00
GCC	55	24.72	22.35	24.37	28.56	0.00	0.00
GCC	56	25.91	24.86	18.72	30.52	0.00	0.00
GCC	57	27.51	20.46	19.69	32.33	0.00	0.00
GCC	58	28.28	18.72	19.97	33.03	0.00	0.00
GCC	59	27.03	18.51	22.56	31.91	0.00	0.00
GCC	60	23.39	16.76	25.98	33.87	0.00	0.00
GCC	61	27.44	20.74	18.37	33.45	0.00	0.00
GCC	62	27.51	20.95	19.97	31.56	0.00	0.00
GCC	63	26.12	21.23	19.20	33.45	0.00	0.00
GCC	64	23.32	22.56	21.30	32.82	0.00	0.00
GCC	65	25.77	27.23	19.13	27.86	0.00	0.00
GCC	66	21.79	25.14	19.90	33.17	0.00	0.00
GCC	67	20.39	23.46	22.91	33.24	0.00	0.00
GCC	68	27.79	21.30	20.53	30.38	0.00	0.00
GCC	69	27.58	18.02	19.48	34.92	0.00	0.00
GCC	70	25.63	16.13	21.37	36.87	0.00	0.00
GCC	71	25.35	18.85	24.58	31.22	0.00	0.00
GCC	72	23.46	19.48	24.23	32.82	0.00	0.00
GCC	73	24.37	26.12	21.51	28.00	0.00	0.00
GCC	74	24.79	24.23	18.85	32.12	0.00	0.00
GCC	75	24.93	25.21	20.81	29.05	0.00	0.00
GCC	76	29.47	22.77	17.18	30.59	0.00	0.00
GCC	77	22.21	21.37	20.60	35.82	0.00	0.00
GCC	78	20.32	21.93	22.28	35.47	0.00	0.00
GCC	79	23.95	22.97	19.90	33.17	0.00	0.00
GCC	80	24.23	21.30	18.37	36.10	0.00	0.00
GCC	81	21.79	23.25	19.76	35.20	0.00	0.00
GCC	82	23.81	17.04	25.98	33.17	0.00	0.00
GCC	83	27.51	18.23	24.79	29.47	0.00	0.00
GCC	84	25.35	21.16	22.42	31.08	0.00	0.00
GCC	85	26.05	19.34	23.18	31.42	0.00	0.00
GCC	86	25.56	22.63	22.84	28.98	0.00	0.00
GCC	87	22.70	24.44	24.58	28.28	0.00	0.00
GCC	88	26.12	19.20	23.25	31.42	0.00	0.00
GCC	89	19.27	22.84	24.30	33.59	0.00	0.00
GCC	90	24.09	20.74	21.37	33.80	0.00	0.00
GCC	91	22.49	21.51	22.63	33.38	0.00	0.00
GCC	92	28.35	21.86	20.81	28.98	0.00	0.00
GCC	93	28.98	18.78	22.35	29.89	0.00	0.00
GCC	94	23.53	20.53	22.07	33.87	0.00	0.00
GCC	95	27.58	26.75	16.90	28.77	0.00	0.00
GCC	96	22.77	22.84	23.53	30.87	0.00	0.00
GCC	97	23.67	24.86	18.44	33.03	0.00	0.00
GCC	98	23.39	20.81	21.86	33.94	0.00	0.00
GCC	99	25.07	21.72	21.02	32.19	0.00	0.00
GCC	100	27.44	21.30	18.78	32.47	0.00	0.00
GCC	101	24.51	22.49	22.42	30.59	0.00	0.00
GCC	102	27.93	22.56	20.04	29.47	0.00	0.00
GCC	103	29.82	24.30	19.69	26.19	0.00	0.00
GCC	104	25.56	24.44	23.60	26.40	0.00	0.00
GCC	105	27.09	21.02	24.72	27.16	0.00	0.00
GCC	106	26.96	28.14	20.18	24.72	0.00	0.00
GCC	107	23.67	25.49	22.42	28.42	0.00	0.00
GCC	108	23.81	20.67	27.23	28.28	0.00	0.00
GCC	109	25.56	24.79	23.25	26.40	0.00	0.00
GCC	110	28.98	20.95	24.51	25.56	0.00	0.00
GCC	111	27.72	19.55	21.51	31.22	0.00	0.00
GCC	112	25.56	22.63	25.21	26.61	0.00	0.00
GCC	113	26.68	19.20	28.77	25.35	0.00	0.00
GCC	114	25.14	23.11	24.72	27.03	0.00	0.00
GCC	115	29.89	18.58	19.34	32.19	0.00	0.00
GCC	116	27.65	24.02	20.46	27.86	0.00	0.00
GCC	117	32.89	20.25	19.76	27.09	0.00	0.00
GCC	118	22.97	21.86	20.46	34.71	0.00	0.00
GCC	119	25.49	21.65	20.95	31.91	0.00	0.00
GCC	120	24.93	23.81	20.95	30.31	0.00	0.00
GCC	121	24.51	22.28	22.14	31.08	0.00	0.00
GCC	122	28.28	21.44	19.83	30.45	0.00	0.00
GCC	123	25.35	19.13	22.63	32.89	0.00	0.00
GCC	124	28.00	20.04	24.16	27.79	0.00	0.00
GCC	125	28.98	17.25	22.00	31.77	0.00	0.00
GCC	126	30.38	20.88	18.23	30.52	0.00	0.00
GCC	127	29.54	17.25	22.35	30.87	0.00	0.00
GCC	128	25.56	18.72	22.97	32.75	0.00	0.00
GCC	129	26.89	19.13	20.39	33.59	0.00	0.00
GCC	130	22.84	20.81	18.44	37.92	0.00	0.00
GCC	131	26.33	21.72	19.76	32.19	0.00	0.00
GCC	132	26.19	22.35	19.41	32.05	0.00	0.00
GCC	133	30.38	23.60	17.74	28.28	0.00	0.00
GCC	134	28.84	19.27	20.32	31.56	0.00	0.00
GCC	135	24.86	21.58	20.04	33.52	0.00	0.00
GCC	136	27.58	24.44	18.58	29.40	0.00	0.00
GCC	137	30.52	19.20	24.30	25.98	0.00	0.00
GCC	138	26.43	20.84	25.87	26.85	0.00	0.00
GCC	139	27.01	19.38	26.80	26.80	0.00	0.00
GCC	140	30.51	18.75	19.80	30.93	0.00	0.00
GCC	141	28.55	17.91	23.79	29.74	0.00	0.00
GCC	142	25.98	21.36	26.89	25.77	0.00	0.00
GCC	143	25.58	21.72	22.14	30.55	0.00	0.00
GCC	144	29.94	19.71	23.14	27.21	0.00	0.00
GCC	145	29.66	23.14	18.16	29.03	0.00	0.00
GCC	146	29.45	21.39	23.70	25.46	0.00	0.00
GCC	147	29.40	19.93	20.35	30.32	0.00	0.00
GCC	148	27.12	22.78	22.63	27.47	0.00	0.00
GCC	149	29.11	21.14	20.07	29.68	0.00	0.00
GCC	150	26.26	25.77	21.00	26.98	0.00	0.00
# ACGT content per cycle for first fragments. Use `grep ^FBC | cut -f 2-` to extract this part. The columns are: cycle; A,C,G,T base counts as a percentage of all A/C/G/T bases [%]; and N and O counts as a percentage of all A/C/G/T bases [%]
FBC	1	18.30	37.85	28.35	15.50	0.00	0.00
FBC	2	22.35	31.28	28.35	18.02	0.00	0.00
FBC	3	19.13	28.21	27.23	25.42	0.00	0.00
FBC	4	16.62	27.23	26.12	30.03	0.00	0.00
FBC	5	21.79	28.21	23.60	26.40	0.00	0.00
FBC	6	24.16	23.18	21.09	31.56	0.00	0.00
FBC	7	27.23	16.76	17.74	38.27	0.00	0.00
FBC	8	29.05	24.30	17.60	29.05	0.00	0.00
FBC	9	24.44	24.44	14.66	36.45	0.00	0.00
FBC	10	16.62	21.51	14.11	47.77	0.00	0.00
FBC	11	20.25	29.89	18.72	31.15	0.00	0.00
FBC	12	25.14	23.46	18.72	32.68	0.00	0.00
FBC	13	25.98	24.02	15.64	34.36	0.00	0.00
FBC	14	23.04	25.84	17.18	33.94	0.00	0.00
FBC	15	24.44	20.81	27.93	26.82	0.00	0.00
FBC	16	32.82	25.56	17.74	23.88	0.00	0.00
FBC	17	36.31	22.63	16.34	24.72	0.00	0.00
FBC	18	34.08	18.44	14.94	32.54	0.00	0.00
FBC	19	25.42	15.36	22.21	37.01	0.00	0.00
FBC	20	26.40	16.20	23.04	34.36	0.00	0.00
FBC	21	23.18	17.18	25.98	33.66	0.00	0.00
FBC	22	24.72	20.95	25.70	28.63	0.00	0.00
FBC	23	26.12	18.44	21.09	34.36	0.00	0.00
FBC	24	22.91	23.18	20.95	32.96	0.00	0.00
FBC	25	27.79	22.07	16.48	33.66	0.00	0.00
FBC	26	23.32	21.65	19.13	35.89	0.00	0.00
FBC	27	27.51	17.04	24.44	31.01	0.00	0.00
FBC	28	26.26	22.21	20.53	31.01	0.00	0.00
FBC	29	31.56	17.60	17.74	33.10	0.00	0.00
FBC	30	29.61	14.66	20.95	34.78	0.00	0.00
FBC	31	25.28	20.25	30.31	24.16	0.00	0.00
FBC	32	31.84	23.46	20.81	23.88	0.00	0.00
FBC	33	27.93	27.93	16.20	27.93	0.00	0.00
FBC	34	22.07	26.96	17.74	33.24	0.00	0.00
FBC	35	20.53	22.35	26.40	30.73	0.00	0.00
FBC	36	24.02	24.72	19.83	31.42	0.00	0.00
FBC	37	21.65	23.74	22.49	32.12	0.00	0.00
FBC	38	23.74	20.53	23.60	32.12	0.00	0.00
FBC	39	26.96	18.30	15.64	39.11	0.00	0.00
FBC	40	23.60	19.27	20.81	36.31	0.00	0.00
FBC	41	28.35	17.32	21.23	33.10	0.00	0.00
FBC	42	26.26	18.30	25.14	30.31	0.00	0.00
FBC	43	20.95	19.97	26.12	32.96	0.00	0.00
FBC	44	27.79	18.58	20.67	32.96	0.00	0.00
FBC	45	26.26	25.84	14.80	33.10	0.00	0.00
FBC	46	27.37	30.31	14.53	27.79	0.00	0.00
FBC	47	30.87	21.51	15.08	32.54	0.00	0.00
FBC	48	28.21	18.72	20.67	32.40	0.00	0.00
FBC	49	26.54	21.23	20.25	31.98	0.00	0.00
FBC	50	24.30	23.74	20.39	31.56	0.00	0.00
FBC	51	22.07	18.72	22.49	36.73	0.00	0.00
FBC	52	32.68	17.46	15.92	33.94	0.00	0.00
FBC	53	28.35	25.00	16.90	29.75	0.00	0.00
FBC	54	25.42	22.35	18.99	33.24	0.00	0.00
FBC	55	25.70	23.32	21.23	29.75	0.00	0.00
FBC	56	29.19	24.72	15.92	30.17	0.00	0.00
FBC	57	30.59	17.74	16.34	35.34	0.00	0.00
FBC	58	32.26	15.36	14.53	37.85	0.00	0.00
FBC	59	29.05	17.60	19.41	33.94	0.00	0.00
FBC	60	21.79	14.11	25.84	38.27	0.00	0.00
FBC	61	25.00	18.85	16.62	39.53	0.00	0.00
FBC	62	30.03	19.83	15.50	34.64	0.00	0.00
FBC	63	26.54	23.74	16.20	33.52	0.00	0.00
FBC	64	21.51	24.16	17.18	37.15	0.00	0.00
FBC	65	21.65	30.31	16.62	31.42	0.00	0.00
FBC	66	15.78	26.26	17.60	40.36	0.00	0.00
FBC	67	19.83	22.91	18.72	38.55	0.00	0.00
FBC	68	23.46	23.60	20.81	32.12	0.00	0.00
FBC	69	27.93	14.66	19.83	37.57	0.00	0.00
FBC	70	22.35	17.04	20.53	40.08	0.00	0.00
FBC	71	25.14	17.46	27.09	30.31	0.00	0.00
FBC	72	24.16	17.32	26.12	32.40	0.00	0.00
FBC	73	20.39	27.79	21.65	30.17	0.00	0.00
FBC	74	23.04	25.42	18.85	32.68	0.00	0.00
FBC	75	23.32	23.88	20.25	32.54	0.00	0.00
FBC	76	27.37	23.88	14.94	33.80	0.00	0.00
FBC	77	21.09	23.04	16.76	39.11	0.00	0.00
FBC	78	18.58	24.44	19.55	37.43	0.00	0.00
FBC	79	23.74	23.18	18.02	35.06	0.00	0.00
FBC	80	20.39	24.44	18.30	36.87	0.00	0.00
FBC	81	17.74	21.65	18.30	42.32	0.00	0.00
FBC	82	20.95	16.20	26.82	36.03	0.00	0.00
FBC	83	28.49	15.92	25.70	29.89	0.00	0.00
FBC	84	22.91	18.72	22.77	35.61	0.00	0.00
FBC	85	25.42	19.97	19.41	35.20	0.00	0.00
FBC	86	25.98	22.77	21.09	30.17	0.00	0.00
FBC	87	20.67	27.09	23.60	28.63	0.00	0.00
FBC	88	26.26	17.88	21.51	34.36	0.00	0.00
FBC	89	20.53	21.37	22.07	36.03	0.00	0.00
FBC	90	22.35	22.21	22.63	32.82	0.00	0.00
FBC	91	20.11	23.60	23.46	32.82	0.00	0.00
FBC	92	33.10	21.65	19.41	25.84	0.00	0.00
FBC	93	32.54	18.85	17.88	30.73	0.00	0.00
FBC	94	25.28	18.72	19.55	36.45	0.00	0.00
FBC	95	30.45	27.93	12.99	28.63	0.00	0.00
FBC	96	25.28	21.79	17.32	35.61	0.00	0.00
FBC	97	24.58	26.40	14.25	34.78	0.00	0.00
FBC	98	23.60	24.30	16.06	36.03	0.00	0.00
FBC	99	25.98	24.16	14.53	35.34	0.00	0.00
FBC	100	27.93	22.07	15.64	34.36	0.00	0.00
FBC	101	28.49	24.02	19.97	27.51	0.00	0.00
FBC	102	32.96	25.14	17.88	24.02	0.00	0.00
FBC	103	34.36	25.14	21.65	18.85	0.00	0.00
FBC	104	26.12	28.49	21.93	23.46	0.00	0.00
FBC	105	29.61	25.28	23.60	21.51	0.00	0.00
FBC	106	27.37	31.28	18.99	22.35	0.00	0.00
FBC	107	21.93	28.77	22.21	27.09	0.00	0.00
FBC	108	27.23	20.81	31.28	20.67	0.00	0.00
FBC	109	27.09	26.54	25.70	20.67	0.00	0.00
FBC	110	32.12	21.93	25.00	20.95	0.00	0.00
FBC	111	27.09	18.30	23.18	31.42	0.00	0.00
FBC	112	27.23	21.65	26.82	24.30	0.00	0.00
FBC	113	28.35	16.76	32.82	22.07	0.00	0.00
FBC	114	25.28	24.02	26.54	24.16	0.00	0.00
FBC	115	31.15	16.20	18.02	34.64	0.00	0.00
FBC	116	34.08	18.72	18.30	28.91	0.00	0.00
FBC	117	36.03	20.39	18.58	25.00	0.00	0.00
FBC	118	26.26	19.55	16.34	37.85	0.00	0.00
FBC	119	25.70	19.41	20.81	34.08	0.00	0.00
FBC	120	26.40	26.82	22.63	24.16	0.00	0.00
FBC	121	25.70	21.09	25.98	27.23	0.00	0.00
FBC	122	24.44	17.60	23.60	34.36	0.00	0.00
FBC	123	23.88	14.66	25.42	36.03	0.00	0.00
FBC	124	34.22	14.53	27.37	23.88	0.00	0.00
FBC	125	31.01	15.36	25.28	28.35	0.00	0.00
FBC	126	32.12	20.39	18.72	28.77	0.00	0.00
FBC	127	32.82	14.94	23.74	28.49	0.00	0.00
FBC	128	30.59	14.11	25.00	30.31	0.00	0.00
FBC	129	26.82	16.48	20.11	36.59	0.00	0.00
FBC	130	21.37	17.88	19.83	40.92	0.00	0.00
FBC	131	23.04	22.35	18.44	36.17	0.00	0.00
FBC	132	25.98	25.28	20.39	28.35	0.00	0.00
FBC	133	32.54	23.04	16.76	27.65	0.00	0.00
FBC	134	29.19	21.51	21.65	27.65	0.00	0.00
FBC	135	25.70	19.83	19.27	35.20	0.00	0.00
FBC	136	27.09	23.04	18.02	31.84	0.00	0.00
FBC	137	31.42	19.41	25.14	24.02	0.00	0.00
FBC	138	26.68	18.58	30.03	24.72	0.00	0.00
FBC	139	30.17	18.85	28.91	22.07	0.00	0.00
FBC	140	37.29	15.50	22.07	25.14	0.00	0.00
FBC	141	29.47	18.16	25.70	26.68	0.00	0.00
FBC	142	25.42	23.46	27.23	23.88	0.00	0.00
FBC	143	23.60	24.58	24.02	27.79	0.00	0.00
FBC	144	32.68	18.99	20.95	27.37	0.00	0.00
FBC	145	28.91	23.74	19.83	27.51	0.00	0.00
FBC	146	31.28	20.25	24.02	24.44	0.00	0.00
FBC	147	28.67	21.26	17.06	33.01	0.00	0.00
FBC	148	30.74	22.10	18.98	28.19	0.00	0.00
FBC	149	28.33	23.23	18.56	29.89	0.00	0.00
FBC	150	29.89	26.63	17.85	25.64	0.00	0.00
# ACGT content per cycle for last fragments. Use `grep ^LBC | cut -f 2-` to extract this part. The columns are: cycle; A,C,G,T base counts as a percentage of all A/C/G/T bases [%]; and N and O counts as a percentage of all A/C/G/T bases [%]
LBC	1	27.51	28.35	28.21	15.92	0.00	0.00
LBC	2	28.35	13.41	23.60	34.64	0.00	0.00
LBC	3	27.37	22.21	19.41	31.01	0.00	0.00
LBC	4	30.03	22.21	21.93	25.84	0.00	0.00
LBC	5	36.03	19.27	26.40	18.30	0.00	0.00
LBC	6	35.61	18.58	20.95	24.86	0.00	0.00
LBC	7	21.93	17.18	23.32	37.57	0.00	0.00
LBC	8	25.98	19.27	17.46	37.29	0.00	0.00
LBC	9	24.58	22.49	16.76	36.17	0.00	0.00
LBC	10	39.80	14.53	25.28	20.39	0.00	0.00
LBC	11	33.66	21.79	21.51	23.04	0.00	0.00
LBC	12	25.00	26.12	25.00	23.88	0.00	0.00
LBC	13	32.54	21.65	19.83	25.98	0.00	0.00
LBC	14	27.51	21.65	20.67	30.17	0.00	0.00
LBC	15	26.82	25.84	21.51	25.84	0.00	0.00
LBC	16	31.42	18.16	25.70	24.72	0.00	0.00
LBC	17	22.35	20.39	26.68	30.59	0.00	0.00
LBC	18	28.91	18.30	18.16	34.64	0.00	0.00
LBC	19	33.66	21.23	19.41	25.70	0.00	0.00
LBC	20	25.42	23.88	19.83	30.87	0.00	0.00
LBC	21	24.02	21.37	26.54	28.07	0.00	0.00
LBC	22	25.28	21.79	28.35	24.58	0.00	0.00
LBC	23	28.07	22.07	18.99	30.87	0.00	0.00
LBC	24	29.61	24.16	20.53	25.70	0.00	0.00
LBC	25	29.75	22.21	20.25	27.79	0.00	0.00
LBC	26	24.86	21.79	20.25	33.10	0.00	0.00
LBC	27	25.98	22.35	22.49	29.19	0.00	0.00
LBC	28	26.12	24.72	20.53	28.63	0.00	0.00
LBC	29	26.40	25.28	18.30	30.03	0.00	0.00
LBC	30	26.82	24.02	19.69	29.47	0.00	0.00
LBC	31	31.15	21.79	23.46	23.60	0.00	0.00
LBC	32	29.75	19.69	23.88	26.68	0.00	0.00
LBC	33	28.35	22.21	22.77	26.68	0.00	0.00
LBC	34	26.96	24.44	18.44	30.17	0.00	0.00
LBC	35	25.00	24.30	21.93	28.77	0.00	0.00
LBC	36	24.30	22.07	21.65	31.98	0.00	0.00
LBC	37	27.93	20.39	21.93	29.75	0.00	0.00
LBC	38	28.49	23.74	17.32	30.45	0.00	0.00
LBC	39	29.75	19.55	22.49	28.21	0.00	0.00
LBC	40	23.32	22.49	19.83	34.36	0.00	0.00
LBC	41	29.19	20.11	19.83	30.87	0.00	0.00
LBC	42	27.65	22.91	20.39	29.05	0.00	0.00
LBC	43	27.51	18.44	26.12	27.93	0.00	0.00
LBC	44	25.14	21.65	23.60	29.61	0.00	0.00
LBC	45	24.86	21.65	24.16	29.33	0.00	0.00
LBC	46	26.68	20.95	24.72	27.65	0.00	0.00
LBC	47	19.41	22.77	25.14	32.68	0.00	0.00
LBC	48	29.47	21.51	21.51	27.51	0.00	0.00
LBC	49	25.98	19.83	24.72	29.47	0.00	0.00
LBC	50	26.96	18.30	26.54	28.21	0.00	0.00
LBC	51	23.74	18.44	28.07	29.75	0.00	0.00
LBC	52	25.42	22.49	24.72	27.37	0.00	0.00
LBC	53	19.97	25.70	28.07	26.26	0.00	0.00
LBC	54	25.56	21.51	23.18	29.75	0.00	0.00
LBC	55	23.74	21.37	27.51	27.37	0.00	0.00
LBC	56	22.63	25.00	21.51	30.87	0.00	0.00
LBC	57	24.44	23.18	23.04	29.33	0.00	0.00
LBC	58	24.30	22.07	25.42	28.21	0.00	0.00
LBC	59	25.00	19.41	25.70	29.89	0.00	0.00
LBC	60	25.00	19.41	26.12	29.47	0.00	0.00
LBC	61	29.89	22.63	20.11	27.37	0.00	0.00
LBC	62	25.00	22.07	24.44	28.49	0.00	0.00
LBC	63	25.70	18.72	22.21	33.38	0.00	0.00
LBC	64	25.14	20.95	25.42	28.49	0.00	0.00
LBC	65	29.89	24.16	21.65	24.30	0.00	0.00
LBC	66	27.79	24.02	22.21	25.98	0.00	0.00
LBC	67	20.95	24.02	27.09	27.93	0.00	0.00
LBC	68	32.12	18.99	20.25	28.63	0.00	0.00
LBC	69	27.23	21.37	19.13	32.26	0.00	0.00
LBC	70	28.91	15.22	22.21	33.66	0.00	0.00
LBC	71	25.56	20.25	22.07	32.12	0.00	0.00
LBC	72	22.77	21.65	22.35	33.24	0.00	0.00
LBC	73	28.35	24.44	21.37	25.84	0.00	0.00
LBC	74	26.54	23.04	18.85	31.56	0.00	0.00
LBC	75	26.54	26.54	21.37	25.56	0.00	0.00
LBC	76	31.56	21.65	19.41	27.37	0.00	0.00
LBC	77	23.32	19.69	24.44	32.54	0.00	0.00
LBC	78	22.07	19.41	25.00	33.52	0.00	0.00
LBC	79	24.16	22.77	21.79	31.28	0.00	0.00
LBC	80	28.07	18.16	18.44	35.34	0.00	0.00
LBC	81	25.84	24.86	21.23	28.07	0.00	0.00
LBC	82	26.68	17.88	25.14	30.31	0.00	0.00
LBC	83	26.54	20.53	23.88	29.05	0.00	0.00
LBC	84	27.79	23.60	22.07	26.54	0.00	0.00
LBC	85	26.68	18.72	26.96	27.65	0.00	0.00
LBC	86	25.14	22.49	24.58	27.79	0.00	0.00
LBC	87	24.72	21.79	25.56	27.93	0.00	0.00
LBC	88	25.98	20.53	25.00	28.49	0.00	0.00
LBC	89	18.02	24.30	26.54	31.15	0.00	0.00
LBC	90	25.84	19.27	20.11	34.78	0.00	0.00
LBC	91	24.86	19.41	21.79	33.94	0.00	0.00
LBC	92	23.60	22.07	22.21	32.12	0.00	0.00
LBC	93	25.42	18.72	26.82	29.05	0.00	0.00
LBC	94	21.79	22.35	24.58	31.28	0.00	0.00
LBC	95	24.72	25.56	20.81	28.91	0.00	0.00
LBC	96	20.25	23.88	29.75	26.12	0.00	0.00
LBC	97	22.77	23.32	22.63	31.28	0.00	0.00
LBC	98	23.18	17.32	27.65	31.84	0.00	0.00
LBC	99	24.16	19.27	27.51	29.05	0.00	0.00
LBC	100	26.96	20.53	21.93	30.59	0.00	0.00
LBC	101	20.53	20.95	24.86	33.66	0.00	0.00
LBC	102	22.91	19.97	22.21	34.92	0.00	0.00
LBC	103	25.28	23.46	17.74	33.52	0.00	0.00
LBC	104	25.00	20.39	25.28	29.33	0.00	0.00
LBC	105	24.58	16.76	25.84	32.82	0.00	0.00
LBC	106	26.54	25.00	21.37	27.09	0.00	0.00
LBC	107	25.42	22.21	22.63	29.75	0.00	0.00
LBC	108	20.39	20.53	23.18	35.89	0.00	0.00
LBC	109	24.02	23.04	20.81	32.12	0.00	0.00
LBC	110	25.84	19.97	24.02	30.17	0.00	0.00
LBC	111	28.35	20.81	19.83	31.01	0.00	0.00
LBC	112	23.88	23.60	23.60	28.91	0.00	0.00
LBC	113	25.00	21.65	24.72	28.63	0.00	0.00
LBC	114	25.00	22.21	22.91	29.89	0.00	0.00
LBC	115	28.63	20.95	20.67	29.75	0.00	0.00
LBC	116	21.23	29.33	22.63	26.82	0.00	0.00
LBC	117	29.75	20.11	20.95	29.19	0.00	0.00
LBC	118	19.69	24.16	24.58	31.56	0.00	0.00
LBC	119	25.28	23.88	21.09	29.75	0.00	0.00
LBC	120	23.46	20.81	19.27	36.45	0.00	0.00
LBC	121	23.32	23.46	18.30	34.92	0.00	0.00
LBC	122	32.12	25.28	16.06	26.54	0.00	0.00
LBC	123	26.82	23.60	19.83	29.75	0.00	0.00
LBC	124	21.79	25.56	20.95	31.70	0.00	0.00
LBC	125	26.96	19.13	18.72	35.20	0.00	0.00
LBC	126	28.63	21.37	17.74	32.26	0.00	0.00
LBC	127	26.26	19.55	20.95	33.24	0.00	0.00
LBC	128	20.53	23.32	20.95	35.20	0.00	0.00
LBC	129	26.96	21.79	20.67	30.59	0.00	0.00
LBC	130	24.30	23.74	17.04	34.92	0.00	0.00
LBC	131	29.61	21.09	21.09	28.21	0.00	0.00
LBC	132	26.40	19.41	18.44	35.75	0.00	0.00
LBC	133	28.21	24.16	18.72	28.91	0.00	0.00
LBC	134	28.49	17.04	18.99	35.47	0.00	0.00
LBC	135	24.02	23.32	20.81	31.84	0.00	0.00
LBC	136	28.07	25.84	19.13	26.96	0.00	0.00
LBC	137	29.61	18.99	23.46	27.93	0.00	0.00
LBC	138	26.19	23.11	21.71	28.99	0.00	0.00
LBC	139	23.84	19.92	24.68	31.56	0.00	0.00
LBC	140	23.70	22.02	17.53	36.75	0.00	0.00
LBC	141	27.63	17.67	21.88	32.82	0.00	0.00
LBC	142	26.54	19.24	26.54	27.67	0.00	0.00
LBC	143	27.57	18.85	20.25	33.33	0.00	0.00
LBC	144	27.18	20.42	25.35	27.04	0.00	0.00
LBC	145	30.42	22.54	16.48	30.56	0.00	0.00
LBC	146	27.61	22.54	23.38	26.48	0.00	0.00
LBC	147	30.14	18.59	23.66	27.61	0.00	0.00
LBC	148	23.46	23.46	26.32	26.75	0.00	0.00
LBC	149	29.90	19.03	21.60	29.47	0.00	0.00
LBC	150	22.60	24.89	24.18	28.33	0.00	0.00
# Insert sizes. Use `grep ^IS | cut -f 2-` to extract this part. The columns are: insert size, pairs total, inward oriented pairs, outward oriented pairs, other pairs
IS	0	2	0	2	0
IS	1	0	0	0	0
IS	2	0	0	0	0
IS	3	0	0	0	0
IS	4	0	0	0	0
IS	5	0	0	0	0
IS	6	0	0	0	0
IS	7	0	0	0	0
IS	8	0	0	0	0
IS	9	0	0	0	0
IS	10	0	0	0	0
IS	11	0	0	0	0
IS	12	0	0	0	0
IS	13	0	0	0	0
IS	14	0	0	0	0
IS	15	0	0	0	0
IS	16	0	0	0	0
IS	17	0	0	0	0
IS	18	0	0	0	0
IS	19	0	0	0	0
IS	20	0	0	0	0
IS	21	0	0	0	0
IS	22	0	0	0	0
IS	23	0	0	0	0
IS	24	0	0	0	0
IS	25	0	0	0	0
IS	26	0	0	0	0
IS	27	0	0	0	0
IS	28	0	0	0	0
IS	29	0	0	0	0
IS	30	0	0	0	0
IS	31	0	0	0	0
IS	32	0	0	0	0
IS	33	0	0	0	0
IS	34	0	0	0	0
IS	35	0	0	0	0
IS	36	0	0	0	0
IS	37	0	0	0	0
IS	38	0	0	0	0
IS	39	0	0	0	0
IS	40	0	0	0	0
IS	41	0	0	0	0
IS	42	0	0	0	0
IS	43	0	0	0	0
IS	44	0	0	0	0
IS	45	0	0	0	0
IS	46	0	0	0	0
IS	47	0	0	0	0
IS	48	0	0	0	0
IS	49	0	0	0	0
IS	50	0	0	0	0
IS	51	0	0	0	0
IS	52	0	0	0	0
IS	53	0	0	0	0
IS	54	0	0	0	0
IS	55	0	0	0	0
IS	56	0	0	0	0
IS	57	0	0	0	0
IS	58	0	0	0	0
IS	59	0	0	0	0
IS	60	0	0	0	0
IS	61	0	0	0	0
IS	62	0	0	0	0
IS	63	0	0	0	0
IS	64	0	0	0	0
IS	65	0	0	0	0
IS	66	0	0	0	0
IS	67	0	0	0	0
IS	68	0	0	0	0
IS	69	0	0	0	0
IS	70	0	0	0	0
IS	71	0	0	0	0
IS	72	0	0	0	0
IS	73	0	0	0	0
IS	74	0	0	0	0
IS	75	0	0	0	0
IS	76	0	0	0	0
IS	77	0	0	0	0
IS	78	0	0	0	0
IS	79	0	0	0	0
IS	80	0	0	0	0
IS	81	0	0	0	0
IS	82	0	0	0	0
IS	83	0	0	0	0
IS	84	0	0	0	0
IS	85	0	0	0	0
IS	86	0	0	0	0
IS	87	0	0	0	0
IS	88	0	0	0	0
IS	89	0	0	0	0
IS	90	0	0	0	0
IS	91	0	0	0	0
IS	92	0	0	0	0
IS	93	0	0	0	0
IS	94	0	0	0	0
IS	95	0	0	0	0
IS	96	0	0	0	0
IS	97	0	0	0	0
IS	98	0	0	0	0
IS	99	0	0	0	0
IS	100	0	0	0	0
IS	101	0	0	0	0
IS	102	0	0	0	0
IS	103	0	0	0	0
IS	104	0	0	0	0
IS	105	0	0	0	0
IS	106	0	0	0	0
IS	107	0	0	0	0
IS	108	0	0	0	0
IS	109	0	0	0	0
IS	110	0	0	0	0
IS	111	0	0	0	0
IS	112	0	0	0	0
IS	113	0	0	0	0
IS	114	0	0	0	0
IS	115	0	0	0	0
IS	116	0	0	0	0
IS	117	0	0	0	0
IS	118	0	0	0	0
IS	119	0	0	0	0
IS	120	0	0	0	0
IS	121	0	0	0	0
IS	122	0	0	0	0
IS	123	0	0	0	0
IS	124	0	0	0	0
IS	125	0	0	0	0
IS	126	0	0	0	0
IS	127	0	0	0	0
IS	128	0	0	0	0
IS	129	0	0	0	0
IS	130	0	0	0	0
IS	131	0	0	0	0
IS	132	0	0	0	0
IS	133	0	0	0	0
IS	134	0	0	0	0
IS	135	0	0	0	0
IS	136	0	0	0	0
IS	137	0	0	0	0
IS	138	0	0	0	0
IS	139	0	0	0	0
IS	140	0	0	0	0
IS	141	0	0	0	0
IS	142	0	0	0	0
IS	143	0	0	0	0
IS	144	0	0	0	0
IS	145	0	0	0	0
IS	146	0	0	0	0
IS	147	0	0	0	0
IS	148	0	0	0	0
IS	149	0	0	0	0
IS	150	0	0	0	0
IS	151	4	1	3	0
IS	152	4	0	4	0
IS	153	2	0	2	0
IS	154	2	2	0	0
IS	155	0	0	0	0
IS	156	1	0	1	0
IS	157	0	0	0	0
IS	158	0	0	0	0
IS	159	0	0	0	0
IS	160	1	1	0	0
IS	161	0	0	0	0
IS	162	0	0	0	0
IS	163	0	0	0	0
IS	164	0	0	0	0
IS	165	0	0	0	0
IS	166	2	1	1	0
IS	167	1	0	1	0
IS	168	2	2	0	0
IS	169	1	1	0	0
IS	170	0	0	0	0
IS	171	0	0	0	0
IS	172	0	0	0	0
IS	173	0	0	0	0
IS	174	2	2	0	0
IS	175	1	1	0	0
IS	176	1	1	0	0
IS	177	0	0	0	0
IS	178	1	1	0	0
IS	179	3	3	0	0
IS	180	0	0	0	0
IS	181	0	0	0	0
IS	182	0	0	0	0
IS	183	1	1	0	0
IS	184	4	4	0	0
IS	185	8	8	0	0
IS	186	2	2	0	0
IS	187	4	4	0	0
IS	188	4	4	0	0
IS	189	1	1	0	0
IS	190	1	1	0	0
IS	191	3	3	0	0
IS	192	1	1	0	0
IS	193	0	0	0	0
IS	194	2	2	0	0
IS	195	2	2	0	0
IS	196	5	5	0	0
IS	197	1	1	0	0
IS	198	0	0	0	0
IS	199	1	1	0	0
IS	200	2	2	0	0
IS	201	2	2	0	0
IS	202	3	3	0	0
IS	203	1	1	0	0
IS	204	2	2	0	0
IS	205	3	3	0	0
IS	206	0	0	0	0
IS	207	3	3	0	0
IS	208	3	3	0	0
IS	209	1	1	0	0
IS	210	1	1	0	0
IS	211	2	2	0	0
IS	212	4	4	0	0
IS	213	5	5	0	0
IS	214	2	2	0	0
IS	215	3	3	0	0
IS	216	1	1	0	0
IS	217	0	0	0	0
IS	218	2	2	0	0
IS	219	3	3	0	0
IS	220	4	4	0	0
IS	221	0	0	0	0
IS	222	3	3	0	0
IS	223	3	3	0	0
IS	224	0	0	0	0
IS	225	4	4	0	0
IS	226	5	5	0	0
IS	227	1	1	0	0
IS	228	1	1	0	0
IS	229	2	2	0	0
IS	230	0	0	0	0
IS	231	2	2	0	0
IS	232	3	3	0	0
IS	233	4	4	0	0
IS	234	2	2	0	0
IS	235	1	1	0	0
IS	236	2	2	0	0
IS	237	1	1	0	0
IS	238	3	3	0	0
IS	239	2	2	0	0
IS	240	0	0	0	0
IS	241	1	1	0	0
IS	242	4	4	0	0
IS	243	2	2	0	0
IS	244	3	3	0	0
IS	245	1	1	0	0
IS	246	3	3	0	0
IS	247	1	1	0	0
IS	248	0	0	0	0
IS	249	0	0	0	0
IS	250	0	0	0	0
IS	251	0	0	0	0
IS	252	3	3	0	0
IS	253	0	0	0	0
IS	254	1	1	0	0
IS	255	1	1	0	0
IS	256	0	0	0	0
IS	257	1	1	0	0
IS	258	0	0	0	0
IS	259	0	0	0	0
IS	260	0	0	0	0
IS	261	1	1	0	0
IS	262	1	1	0	0
IS	263	2	2	0	0
IS	264	0	0	0	0
IS	265	1	1	0	0
IS	266	0	0	0	0
IS	267	0	0	0	0
IS	268	2	2	0	0
IS	269	0	0	0	0
IS	270	1	1	0	0
IS	271	2	2	0	0
IS	272	0	0	0	0
IS	273	0	0	0	0
IS	274	3	3	0	0
IS	275	0	0	0	0
IS	276	0	0	0	0
IS	277	0	0	0	0
IS	278	1	1	0	0
IS	279	0	0	0	0
IS	280	0	0	0	0
IS	281	0	0	0	0
IS	282	0	0	0	0
IS	283	0	0	0	0
IS	284	0	0	0	0
IS	285	1	1	0	0
IS	286	0	0	0	0
IS	287	0	0	0	0
IS	288	0	0	0	0
IS	289	0	0	0	0
IS	290	0	0	0	0
IS	291	1	1	0	0
IS	292	0	0	0	0
IS	293	1	1	0	0
IS	294	3	3	0	0
IS	295	1	1	0	0
IS	296	1	1	0	0
# Read lengths. Use `grep ^RL | cut -f 2-` to extract this part. The columns are: read length, count
RL	137	2
RL	138	1
RL	141	1
RL	142	1
RL	143	1
RL	146	1
RL	147	20
RL	150	1405
# Read lengths - first fragments. Use `grep ^FRL | cut -f 2-` to extract this part. The columns are: read length, count
FRL	146	1
FRL	147	9
FRL	150	706
# Read lengths - last fragments. Use `grep ^LRL | cut -f 2-` to extract this part. The columns are: read length, count
LRL	137	2
LRL	138	1
LRL	141	1
LRL	142	1
LRL	143	1
LRL	147	11
LRL	150	699
# Indel distribution. Use `grep ^ID | cut -f 2-` to extract this part. The columns are: length, number of insertions, number of deletions
ID	1	16	297
ID	3	0	1
# Indels per cycle. Use `grep ^IC | cut -f 2-` to extract this part. The columns are: cycle, number of insertions (fwd), .. (rev) , number of deletions (fwd), .. (rev)
IC	19	0	2	0	0
IC	22	0	2	0	1
IC	24	0	1	0	0
IC	28	1	1	0	1
IC	29	0	1	1	0
IC	31	2	0	0	0
IC	40	0	0	0	1
IC	41	0	0	0	1
IC	43	0	0	1	0
IC	45	0	1	11	0
IC	46	0	0	2	0
IC	48	0	0	1	0
IC	51	0	0	0	1
IC	52	0	0	0	2
IC	53	0	0	2	0
IC	55	0	0	1	2
IC	61	0	0	1	0
IC	63	0	0	0	1
IC	68	0	0	2	1
IC	70	0	0	5	1
IC	71	0	0	1	2
IC	72	0	0	0	3
IC	73	0	0	2	1
IC	74	0	0	17	0
IC	75	1	0	9	0
IC	76	0	0	2	0
IC	78	0	0	1	0
IC	79	0	0	2	0
IC	80	0	0	2	0
IC	81	0	0	14	0
IC	82	0	0	11	0
IC	83	0	0	6	2
IC	84	0	0	9	0
IC	85	0	0	9	4
IC	86	0	0	9	0
IC	87	0	0	2	1
IC	88	0	0	2	1
IC	91	0	0	0	2
IC	93	0	0	3	1
IC	94	0	0	1	0
IC	95	0	0	6	0
IC	97	0	0	2	1
IC	98	0	0	1	1
IC	99	0	0	1	5
IC	101	0	0	0	1
IC	103	0	0	1	1
IC	104	0	0	0	8
IC	105	0	0	1	0
IC	108	0	0	3	1
IC	110	0	0	4	9
IC	111	2	0	5	0
IC	112	0	0	1	0
IC	113	0	0	5	0
IC	114	1	0	9	0
IC	115	0	0	42	0
IC	116	0	0	21	0
IC	117	0	0	2	0
IC	118	0	0	7	0
IC	120	1	0	0	0
IC	121	0	0	2	0
# Coverage distribution. Use `grep ^COV | cut -f 2-` to extract this part.
COV	[1-1]	1	156
COV	[2-2]	2	176
COV	[3-3]	3	163
COV	[4-4]	4	118
COV	[5-5]	5	53
COV	[6-6]	6	6
COV	[7-7]	7	10
COV	[8-8]	8	5
COV	[9-9]	9	13
COV	[10-10]	10	5
COV	[11-11]	11	163
COV	[12-12]	12	5
COV	[13-13]	13	3
COV	[14-14]	14	2
COV	[15-15]	15	18
COV	[16-16]	16	1
COV	[17-17]	17	6
COV	[18-18]	18	18
COV	[19-19]	19	7
COV	[20-20]	20	5
COV	[21-21]	21	4
COV	[22-22]	22	6
COV	[23-23]	23	18
COV	[24-24]	24	1
COV	[25-25]	25	1
COV	[26-26]	26	4
COV	[29-29]	29	3
COV	[30-30]	30	2
COV	[31-31]	31	1
COV	[32-32]	32	17
COV	[33-33]	33	6
COV	[34-34]	34	10
COV	[35-35]	35	4
COV	[36-36]	36	27
COV	[37-37]	37	17
COV	[38-38]	38	7
COV	[39-39]	39	7
COV	[40-40]	40	4
COV	[41-41]	41	3
COV	[42-42]	42	1
COV	[43-43]	43	3
COV	[44-44]	44	57
COV	[45-45]	45	10
COV	[46-46]	46	7
COV	[50-50]	50	1
COV	[51-51]	51	2
COV	[52-52]	52	2
COV	[57-57]	57	2
COV	[59-59]	59	1
COV	[60-60]	60	1
COV	[61-61]	61	10
COV	[62-62]	62	2
COV	[69-69]	69	3
COV	[70-70]	70	1
COV	[71-71]	71	1
COV	[72-72]	72	1
COV	[76-76]	76	1
COV	[77-77]	77	2
COV	[79-79]	79	3
COV	[82-82]	82	3
COV	[83-83]	83	2
COV	[85-85]	85	2
COV	[87-87]	87	1
COV	[89-89]	89	2
COV	[91-91]	91	1
COV	[96-96]	96	2
COV	[101-101]	101	2
COV	[103-103]	103	1
COV	[104-104]	104	3
COV	[105-105]	105	3
COV	[106-106]	106	5
COV	[107-107]	107	1
COV	[108-108]	108	3
COV	[110-110]	110	1
COV	[111-111]	111	2
COV	[112-112]	112	1
COV	[113-113]	113	2
COV	[115-115]	115	1
COV	[116-116]	116	2
COV	[117-117]	117	3
COV	[118-118]	118	1
COV	[119-119]	119	1
COV	[120-120]	120	1
COV	[122-122]	122	2
COV	[123-123]	123	4
COV	[125-125]	125	5
COV	[126-126]	126	2
COV	[127-127]	127	2
COV	[128-128]	128	3
COV	[132-132]	132	1
COV	[133-133]	133	1
COV	[135-135]	135	1
COV	[136-136]	136	1
COV	[139-139]	139	2
COV	[141-141]	141	2
COV	[143-143]	143	1
COV	[146-146]	146	7
COV	[147-147]	147	1
COV	[148-148]	148	2
COV	[149-149]	149	1
COV	[151-151]	151	1
COV	[152-152]	152	1
COV	[153-153]	153	2
COV	[154-154]	154	5
COV	[155-155]	155	1
COV	[158-158]	158	1
COV	[162-162]	162	1
COV	[167-167]	167	1
COV	[171-171]	171	2
COV	[172-172]	172	2
COV	[173-173]	173	2
COV	[175-175]	175	1
COV	[176-176]	176	5
COV	[178-178]	178	2
COV	[179-179]	179	1
COV	[180-180]	180	5
COV	[181-181]	181	2
COV	[183-183]	183	2
COV	[185-185]	185	1
COV	[187-187]	187	1
COV	[189-189]	189	1
COV	[191-191]	191	1
COV	[192-192]	192	1
COV	[194-194]	194	1
COV	[195-195]	195	6
COV	[197-197]	197	1
COV	[199-199]	199	6
COV	[200-200]	200	4
COV	[201-201]	201	5
COV	[202-202]	202	1
COV	[203-203]	203	1
COV	[204-204]	204	1
COV	[205-205]	205	1
COV	[206-206]	206	2
COV	[207-207]	207	2
COV	[208-208]	208	2
COV	[209-209]	209	2
COV	[210-210]	210	4
COV	[211-211]	211	1
COV	[212-212]	212	1
COV	[213-213]	213	2
COV	[216-216]	216	3
COV	[217-217]	217	1
COV	[219-219]	219	2
COV	[220-220]	220	1
COV	[221-221]	221	1
COV	[223-223]	223	2
COV	[224-224]	224	1
COV	[225-225]	225	5
COV	[227-227]	227	2
COV	[228-228]	228	3
COV	[230-230]	230	1
COV	[231-231]	231	1
COV	[234-234]	234	1
COV	[236-236]	236	1
COV	[237-237]	237	2
COV	[238-238]	238	1
COV	[239-239]	239	1
COV	[241-241]	241	4
COV	[243-243]	243	2
COV	[244-244]	244	1
COV	[245-245]	245	2
COV	[246-246]	246	5
COV	[250-250]	250	1
COV	[251-251]	251	2
COV	[252-252]	252	3
COV	[253-253]	253	1
COV	[254-254]	254	2
COV	[255-255]	255	3
COV	[256-256]	256	2
COV	[259-259]	259	1
COV	[261-261]	261	4
COV	[262-262]	262	3
COV	[263-263]	263	1
COV	[264-264]	264	1
COV	[267-267]	267	1
COV	[269-269]	269	1
COV	[270-270]	270	1
COV	[272-272]	272	2
COV	[273-273]	273	1
COV	[275-275]	275	1
COV	[278-278]	278	1
COV	[279-279]	279	1
COV	[280-280]	280	3
COV	[281-281]	281	1
COV	[283-283]	283	1
COV	[284-284]	284	2
COV	[285-285]	285	1
COV	[286-286]	286	2
COV	[289-289]	289	3
COV	[290-290]	290	1
COV	[292-292]	292	3
COV	[294-294]	294	1
COV	[295-295]	295	11
COV	[296-296]	296	29
COV	[298-298]	298	2
COV	[299-299]	299	3
COV	[301-301]	301	1
COV	[302-302]	302	2
COV	[303-303]	303	14
COV	[304-304]	304	2
COV	[305-305]	305	12
COV	[307-307]	307	1
COV	[309-309]	309	4
COV	[310-310]	310	3
COV	[311-311]	311	2
COV	[315-315]	315	1
COV	[316-316]	316	1
COV	[317-317]	317	2
COV	[318-318]	318	1
COV	[320-320]	320	3
COV	[322-322]	322	1
COV	[324-324]	324	4
COV	[325-325]	325	2
COV	[326-326]	326	1
COV	[327-327]	327	2
COV	[330-330]	330	1
COV	[333-333]	333	2
COV	[334-334]	334	2
COV	[338-338]	338	2
COV	[339-339]	339	2
COV	[347-347]	347	1
COV	[349-349]	349	2
COV	[350-350]	350	2
COV	[352-352]	352	2
COV	[353-353]	353	1
COV	[354-354]	354	3
COV	[355-355]	355	1
COV	[356-356]	356	2
COV	[357-357]	357	3
COV	[360-360]	360	1
COV	[363-363]	363	2
COV	[364-364]	364	1
COV	[365-365]	365	1
COV	[367-367]	367	4
COV	[368-368]	368	2
COV	[369-369]	369	1
COV	[371-371]	371	1
COV	[374-374]	374	4
COV	[375-375]	375	1
COV	[377-377]	377	1
COV	[378-378]	378	1
COV	[380-380]	380	1
COV	[382-382]	382	2
COV	[383-383]	383	1
COV	[386-386]	386	1
COV	[390-390]	390	3
COV	[392-392]	392	1
COV	[395-395]	395	1
COV	[399-399]	399	1
COV	[402-402]	402	1
COV	[405-405]	405	1
COV	[407-407]	407	1
COV	[408-408]	408	1
COV	[409-409]	409	1
COV	[412-412]	412	2
COV	[414-414]	414	4
COV	[416-416]	416	1
COV	[419-419]	419	2
COV	[420-420]	420	3
COV	[421-421]	421	1
COV	[425-425]	425	1
COV	[427-427]	427	2
COV	[430-430]	430	1
COV	[431-431]	431	1
COV	[432-432]	432	1
COV	[435-435]	435	2
COV	[440-440]	440	1
COV	[441-441]	441	1
COV	[442-442]	442	3
COV	[447-447]	447	1
COV	[448-448]	448	2
COV	[449-449]	449	5
COV	[454-454]	454	1
COV	[460-460]	460	1
COV	[461-461]	461	2
# GC-depth. Use `grep ^GCD | cut -f 2-` to extract this part. The columns are: GC%, unique sequence percentiles, 10th, 25th, 50th, 75th and 90th depth percentile
GCD	0.0	100.000	0.000	0.000	0.000	0.000	0.000
