# This file was produced by samtools stats (1.9+htslib-1.9) and can be plotted using plot-bamstats
# This file contains statistics for all reads.
# The command line was:  stats -@ 20 amelRNA_2/amelRNA_2_bqcv.bam
# CHK, Checksum	[2]Read Names	[3]Sequences	[4]Qualities
# CHK, CRC32 of reads which passed filtering followed by addition (32bit overflow)
CHK	281f37b8	a78c8eca	54735cd5
# Summary Numbers. Use `grep ^SN | cut -f 2-` to extract this part.
SN	raw total sequences:	5068
SN	filtered sequences:	0
SN	sequences:	5068
SN	is sorted:	1
SN	1st fragments:	2534
SN	last fragments:	2534
SN	reads mapped:	3389
SN	reads mapped and paired:	1710	# paired-end technology bit set + both mates mapped
SN	reads unmapped:	1679
SN	reads properly paired:	1690	# proper-pair bit set
SN	reads paired:	5068	# paired-end technology bit set
SN	reads duplicated:	0	# PCR or optical duplicate bit set
SN	reads MQ0:	0	# mapped and MQ=0
SN	reads QC failed:	0
SN	non-primary alignments:	0
SN	total length:	759786	# ignores clipping
SN	total first fragment length:	379968	# ignores clipping
SN	total last fragment length:	379818	# ignores clipping
SN	bases mapped:	508076	# ignores clipping
SN	bases mapped (cigar):	502835	# more accurate
SN	bases trimmed:	0
SN	bases duplicated:	0
SN	mismatches:	10792	# from NM fields
SN	error rate:	2.146231e-02	# mismatches / bases mapped (cigar)
SN	average length:	149
SN	average first fragment length:	150
SN	average last fragment length:	150
SN	maximum length:	150
SN	maximum first fragment length:	150
SN	maximum last fragment length:	150
SN	average quality:	36.3
SN	insert size average:	218.9
SN	insert size standard deviation:	44.0
SN	inward oriented pairs:	817
SN	outward oriented pairs:	38
SN	pairs with other orientation:	0
SN	pairs on different chromosomes:	0
SN	percentage of properly paired reads (%):	33.3
# First Fragment Qualities. Use `grep ^FFQ | cut -f 2-` to extract this part.
# Columns correspond to qualities and rows to cycles. First column is the cycle number.
FFQ	1	0	0	0	0	0	0	0	0	0	0	0	21	0	0	0	0	0	0	0	0	0	0	0	0	0	40	0	0	0	0	0	0	0	0	0	0	0	2473	0
FFQ	2	0	0	0	0	0	0	0	0	0	0	0	20	0	0	0	0	0	0	0	0	0	0	0	0	0	41	0	0	0	0	0	0	0	0	0	0	0	2473	0
FFQ	3	0	0	0	0	0	0	0	0	0	0	0	7	0	0	0	0	0	0	0	0	0	0	0	0	0	28	0	0	0	0	0	0	0	0	0	0	0	2499	0
FFQ	4	0	0	0	0	0	0	0	0	0	0	0	6	0	0	0	0	0	0	0	0	0	0	0	0	0	45	0	0	0	0	0	0	0	0	0	0	0	2483	0
FFQ	5	0	0	0	0	0	0	0	0	0	0	0	21	0	0	0	0	0	0	0	0	0	0	0	0	0	26	0	0	0	0	0	0	0	0	0	0	0	2487	0
FFQ	6	0	0	0	0	0	0	0	0	0	0	0	7	0	0	0	0	0	0	0	0	0	0	0	0	0	40	0	0	0	0	0	0	0	0	0	0	0	2487	0
FFQ	7	0	0	0	0	0	0	0	0	0	0	0	9	0	0	0	0	0	0	0	0	0	0	0	0	0	36	0	0	0	0	0	0	0	0	0	0	0	2489	0
FFQ	8	0	0	0	0	0	0	0	0	0	0	0	18	0	0	0	0	0	0	0	0	0	0	0	0	0	34	0	0	0	0	0	0	0	0	0	0	0	2482	0
FFQ	9	0	0	0	0	0	0	0	0	0	0	0	13	0	0	0	0	0	0	0	0	0	0	0	0	0	44	0	0	0	0	0	0	0	0	0	0	0	2477	0
FFQ	10	0	0	0	0	0	0	0	0	0	0	0	9	0	0	0	0	0	0	0	0	0	0	0	0	0	43	0	0	0	0	0	0	0	0	0	0	0	2482	0
FFQ	11	0	0	0	0	0	0	0	0	0	0	0	5	0	0	0	0	0	0	0	0	0	0	0	0	0	34	0	0	0	0	0	0	0	0	0	0	0	2495	0
FFQ	12	0	0	0	0	0	0	0	0	0	0	0	9	0	0	0	0	0	0	0	0	0	0	0	0	0	31	0	0	0	0	0	0	0	0	0	0	0	2494	0
FFQ	13	0	0	0	0	0	0	0	0	0	0	0	13	0	0	0	0	0	0	0	0	0	0	0	0	0	40	0	0	0	0	0	0	0	0	0	0	0	2481	0
FFQ	14	0	0	0	0	0	0	0	0	0	0	0	9	0	0	0	0	0	0	0	0	0	0	0	0	0	44	0	0	0	0	0	0	0	0	0	0	0	2481	0
FFQ	15	0	0	0	0	0	0	0	0	0	0	0	13	0	0	0	0	0	0	0	0	0	0	0	0	0	50	0	0	0	0	0	0	0	0	0	0	0	2471	0
FFQ	16	0	0	0	0	0	0	0	0	0	0	0	15	0	0	0	0	0	0	0	0	0	0	0	0	0	39	0	0	0	0	0	0	0	0	0	0	0	2480	0
FFQ	17	0	0	0	0	0	0	0	0	0	0	0	14	0	0	0	0	0	0	0	0	0	0	0	0	0	51	0	0	0	0	0	0	0	0	0	0	0	2469	0
FFQ	18	0	0	0	0	0	0	0	0	0	0	0	12	0	0	0	0	0	0	0	0	0	0	0	0	0	39	0	0	0	0	0	0	0	0	0	0	0	2483	0
FFQ	19	0	0	0	0	0	0	0	0	0	0	0	12	0	0	0	0	0	0	0	0	0	0	0	0	0	41	0	0	0	0	0	0	0	0	0	0	0	2481	0
FFQ	20	0	0	0	0	0	0	0	0	0	0	0	9	0	0	0	0	0	0	0	0	0	0	0	0	0	35	0	0	0	0	0	0	0	0	0	0	0	2490	0
FFQ	21	0	0	0	0	0	0	0	0	0	0	0	11	0	0	0	0	0	0	0	0	0	0	0	0	0	28	0	0	0	0	0	0	0	0	0	0	0	2495	0
FFQ	22	0	0	0	0	0	0	0	0	0	0	0	15	0	0	0	0	0	0	0	0	0	0	0	0	0	29	0	0	0	0	0	0	0	0	0	0	0	2490	0
FFQ	23	0	0	0	0	0	0	0	0	0	0	0	6	0	0	0	0	0	0	0	0	0	0	0	0	0	53	0	0	0	0	0	0	0	0	0	0	0	2475	0
FFQ	24	0	0	0	0	0	0	0	0	0	0	0	11	0	0	0	0	0	0	0	0	0	0	0	0	0	31	0	0	0	0	0	0	0	0	0	0	0	2492	0
FFQ	25	0	0	0	0	0	0	0	0	0	0	0	6	0	0	0	0	0	0	0	0	0	0	0	0	0	39	0	0	0	0	0	0	0	0	0	0	0	2489	0
FFQ	26	0	0	0	0	0	0	0	0	0	0	0	14	0	0	0	0	0	0	0	0	0	0	0	0	0	38	0	0	0	0	0	0	0	0	0	0	0	2482	0
FFQ	27	0	0	0	0	0	0	0	0	0	0	0	8	0	0	0	0	0	0	0	0	0	0	0	0	0	38	0	0	0	0	0	0	0	0	0	0	0	2488	0
FFQ	28	0	0	0	0	0	0	0	0	0	0	0	9	0	0	0	0	0	0	0	0	0	0	0	0	0	36	0	0	0	0	0	0	0	0	0	0	0	2489	0
FFQ	29	0	0	0	0	0	0	0	0	0	0	0	10	0	0	0	0	0	0	0	0	0	0	0	0	0	38	0	0	0	0	0	0	0	0	0	0	0	2486	0
FFQ	30	0	0	0	0	0	0	0	0	0	0	0	16	0	0	0	0	0	0	0	0	0	0	0	0	0	39	0	0	0	0	0	0	0	0	0	0	0	2479	0
FFQ	31	0	0	0	0	0	0	0	0	0	0	0	8	0	0	0	0	0	0	0	0	0	0	0	0	0	42	0	0	0	0	0	0	0	0	0	0	0	2484	0
FFQ	32	0	0	0	0	0	0	0	0	0	0	0	16	0	0	0	0	0	0	0	0	0	0	0	0	0	40	0	0	0	0	0	0	0	0	0	0	0	2478	0
FFQ	33	0	0	0	0	0	0	0	0	0	0	0	20	0	0	0	0	0	0	0	0	0	0	0	0	0	40	0	0	0	0	0	0	0	0	0	0	0	2474	0
FFQ	34	0	0	0	0	0	0	0	0	0	0	0	13	0	0	0	0	0	0	0	0	0	0	0	0	0	46	0	0	0	0	0	0	0	0	0	0	0	2475	0
FFQ	35	0	0	0	0	0	0	0	0	0	0	0	11	0	0	0	0	0	0	0	0	0	0	0	0	0	53	0	0	0	0	0	0	0	0	0	0	0	2470	0
FFQ	36	0	0	0	0	0	0	0	0	0	0	0	16	0	0	0	0	0	0	0	0	0	0	0	0	0	48	0	0	0	0	0	0	0	0	0	0	0	2470	0
FFQ	37	0	0	0	0	0	0	0	0	0	0	0	17	0	0	0	0	0	0	0	0	0	0	0	0	0	49	0	0	0	0	0	0	0	0	0	0	0	2468	0
FFQ	38	0	0	0	0	0	0	0	0	0	0	0	9	0	0	0	0	0	0	0	0	0	0	0	0	0	45	0	0	0	0	0	0	0	0	0	0	0	2480	0
FFQ	39	0	0	0	0	0	0	0	0	0	0	0	9	0	0	0	0	0	0	0	0	0	0	0	0	0	42	0	0	0	0	0	0	0	0	0	0	0	2483	0
FFQ	40	0	0	0	0	0	0	0	0	0	0	0	15	0	0	0	0	0	0	0	0	0	0	0	0	0	35	0	0	0	0	0	0	0	0	0	0	0	2484	0
FFQ	41	0	0	0	0	0	0	0	0	0	0	0	11	0	0	0	0	0	0	0	0	0	0	0	0	0	50	0	0	0	0	0	0	0	0	0	0	0	2473	0
FFQ	42	0	0	0	0	0	0	0	0	0	0	0	16	0	0	0	0	0	0	0	0	0	0	0	0	0	52	0	0	0	0	0	0	0	0	0	0	0	2466	0
FFQ	43	0	0	0	0	0	0	0	0	0	0	0	16	0	0	0	0	0	0	0	0	0	0	0	0	0	56	0	0	0	0	0	0	0	0	0	0	0	2462	0
FFQ	44	0	0	0	0	0	0	0	0	0	0	0	19	0	0	0	0	0	0	0	0	0	0	0	0	0	50	0	0	0	0	0	0	0	0	0	0	0	2465	0
FFQ	45	0	0	0	0	0	0	0	0	0	0	0	16	0	0	0	0	0	0	0	0	0	0	0	0	0	46	0	0	0	0	0	0	0	0	0	0	0	2472	0
FFQ	46	0	0	0	0	0	0	0	0	0	0	0	19	0	0	0	0	0	0	0	0	0	0	0	0	0	52	0	0	0	0	0	0	0	0	0	0	0	2463	0
FFQ	47	0	0	0	0	0	0	0	0	0	0	0	25	0	0	0	0	0	0	0	0	0	0	0	0	0	62	0	0	0	0	0	0	0	0	0	0	0	2447	0
FFQ	48	0	0	0	0	0	0	0	0	0	0	0	23	0	0	0	0	0	0	0	0	0	0	0	0	0	68	0	0	0	0	0	0	0	0	0	0	0	2443	0
FFQ	49	0	0	0	0	0	0	0	0	0	0	0	19	0	0	0	0	0	0	0	0	0	0	0	0	0	46	0	0	0	0	0	0	0	0	0	0	0	2469	0
FFQ	50	0	0	0	0	0	0	0	0	0	0	0	12	0	0	0	0	0	0	0	0	0	0	0	0	0	42	0	0	0	0	0	0	0	0	0	0	0	2480	0
FFQ	51	0	0	0	0	0	0	0	0	0	0	0	16	0	0	0	0	0	0	0	0	0	0	0	0	0	37	0	0	0	0	0	0	0	0	0	0	0	2481	0
FFQ	52	0	0	0	0	0	0	0	0	0	0	0	18	0	0	0	0	0	0	0	0	0	0	0	0	0	52	0	0	0	0	0	0	0	0	0	0	0	2464	0
FFQ	53	0	0	0	0	0	0	0	0	0	0	0	12	0	0	0	0	0	0	0	0	0	0	0	0	0	51	0	0	0	0	0	0	0	0	0	0	0	2471	0
FFQ	54	0	0	0	0	0	0	0	0	0	0	0	20	0	0	0	0	0	0	0	0	0	0	0	0	0	44	0	0	0	0	0	0	0	0	0	0	0	2470	0
FFQ	55	0	0	0	0	0	0	0	0	0	0	0	14	0	0	0	0	0	0	0	0	0	0	0	0	0	55	0	0	0	0	0	0	0	0	0	0	0	2465	0
FFQ	56	0	0	0	0	0	0	0	0	0	0	0	27	0	0	0	0	0	0	0	0	0	0	0	0	0	51	0	0	0	0	0	0	0	0	0	0	0	2456	0
FFQ	57	0	0	0	0	0	0	0	0	0	0	0	25	0	0	0	0	0	0	0	0	0	0	0	0	0	51	0	0	0	0	0	0	0	0	0	0	0	2458	0
FFQ	58	0	0	0	0	0	0	0	0	0	0	0	15	0	0	0	0	0	0	0	0	0	0	0	0	0	57	0	0	0	0	0	0	0	0	0	0	0	2462	0
FFQ	59	0	0	0	0	0	0	0	0	0	0	0	24	0	0	0	0	0	0	0	0	0	0	0	0	0	56	0	0	0	0	0	0	0	0	0	0	0	2454	0
FFQ	60	0	0	0	0	0	0	0	0	0	0	0	23	0	0	0	0	0	0	0	0	0	0	0	0	0	53	0	0	0	0	0	0	0	0	0	0	0	2458	0
FFQ	61	0	0	0	0	0	0	0	0	0	0	0	23	0	0	0	0	0	0	0	0	0	0	0	0	0	82	0	0	0	0	0	0	0	0	0	0	0	2429	0
FFQ	62	0	0	0	0	0	0	0	0	0	0	0	33	0	0	0	0	0	0	0	0	0	0	0	0	0	68	0	0	0	0	0	0	0	0	0	0	0	2433	0
FFQ	63	0	0	0	0	0	0	0	0	0	0	0	24	0	0	0	0	0	0	0	0	0	0	0	0	0	79	0	0	0	0	0	0	0	0	0	0	0	2431	0
FFQ	64	0	0	0	0	0	0	0	0	0	0	0	22	0	0	0	0	0	0	0	0	0	0	0	0	0	66	0	0	0	0	0	0	0	0	0	0	0	2446	0
FFQ	65	0	0	0	0	0	0	0	0	0	0	0	22	0	0	0	0	0	0	0	0	0	0	0	0	0	67	0	0	0	0	0	0	0	0	0	0	0	2445	0
FFQ	66	0	0	0	0	0	0	0	0	0	0	0	24	0	0	0	0	0	0	0	0	0	0	0	0	0	76	0	0	0	0	0	0	0	0	0	0	0	2434	0
FFQ	67	0	0	0	0	0	0	0	0	0	0	0	25	0	0	0	0	0	0	0	0	0	0	0	0	0	77	0	0	0	0	0	0	0	0	0	0	0	2432	0
FFQ	68	0	0	0	0	0	0	0	0	0	0	0	30	0	0	0	0	0	0	0	0	0	0	0	0	0	69	0	0	0	0	0	0	0	0	0	0	0	2435	0
FFQ	69	0	0	0	0	0	0	0	0	0	0	0	34	0	0	0	0	0	0	0	0	0	0	0	0	0	61	0	0	0	0	0	0	0	0	0	0	0	2439	0
FFQ	70	0	0	0	0	0	0	0	0	0	0	0	20	0	0	0	0	0	0	0	0	0	0	0	0	0	60	0	0	0	0	0	0	0	0	0	0	0	2454	0
FFQ	71	0	0	0	0	0	0	0	0	0	0	0	22	0	0	0	0	0	0	0	0	0	0	0	0	0	54	0	0	0	0	0	0	0	0	0	0	0	2458	0
FFQ	72	0	0	0	0	0	0	0	0	0	0	0	27	0	0	0	0	0	0	0	0	0	0	0	0	0	62	0	0	0	0	0	0	0	0	0	0	0	2445	0
FFQ	73	0	0	0	0	0	0	0	0	0	0	0	30	0	0	0	0	0	0	0	0	0	0	0	0	0	77	0	0	0	0	0	0	0	0	0	0	0	2427	0
FFQ	74	0	0	0	0	0	0	0	0	0	0	0	12	0	0	0	0	0	0	0	0	0	0	0	0	0	61	0	0	0	0	0	0	0	0	0	0	0	2461	0
FFQ	75	0	0	0	0	0	0	0	0	0	0	0	21	0	0	0	0	0	0	0	0	0	0	0	0	0	72	0	0	0	0	0	0	0	0	0	0	0	2441	0
FFQ	76	0	0	0	0	0	0	0	0	0	0	0	21	0	0	0	0	0	0	0	0	0	0	0	0	0	90	0	0	0	0	0	0	0	0	0	0	0	2423	0
FFQ	77	0	0	0	0	0	0	0	0	0	0	0	20	0	0	0	0	0	0	0	0	0	0	0	0	0	73	0	0	0	0	0	0	0	0	0	0	0	2441	0
FFQ	78	0	0	0	0	0	0	0	0	0	0	0	27	0	0	0	0	0	0	0	0	0	0	0	0	0	83	0	0	0	0	0	0	0	0	0	0	0	2424	0
FFQ	79	0	0	0	0	0	0	0	0	0	0	0	18	0	0	0	0	0	0	0	0	0	0	0	0	0	60	0	0	0	0	0	0	0	0	0	0	0	2456	0
FFQ	80	0	0	0	0	0	0	0	0	0	0	0	24	0	0	0	0	0	0	0	0	0	0	0	0	0	74	0	0	0	0	0	0	0	0	0	0	0	2436	0
FFQ	81	0	0	0	0	0	0	0	0	0	0	0	19	0	0	0	0	0	0	0	0	0	0	0	0	0	59	0	0	0	0	0	0	0	0	0	0	0	2456	0
FFQ	82	0	0	0	0	0	0	0	0	0	0	0	23	0	0	0	0	0	0	0	0	0	0	0	0	0	59	0	0	0	0	0	0	0	0	0	0	0	2452	0
FFQ	83	0	0	0	0	0	0	0	0	0	0	0	24	0	0	0	0	0	0	0	0	0	0	0	0	0	77	0	0	0	0	0	0	0	0	0	0	0	2433	0
FFQ	84	0	0	0	0	0	0	0	0	0	0	0	23	0	0	0	0	0	0	0	0	0	0	0	0	0	77	0	0	0	0	0	0	0	0	0	0	0	2434	0
FFQ	85	0	0	0	0	0	0	0	0	0	0	0	25	0	0	0	0	0	0	0	0	0	0	0	0	0	74	0	0	0	0	0	0	0	0	0	0	0	2435	0
FFQ	86	0	0	0	0	0	0	0	0	0	0	0	31	0	0	0	0	0	0	0	0	0	0	0	0	0	72	0	0	0	0	0	0	0	0	0	0	0	2431	0
FFQ	87	0	0	0	0	0	0	0	0	0	0	0	29	0	0	0	0	0	0	0	0	0	0	0	0	0	69	0	0	0	0	0	0	0	0	0	0	0	2436	0
FFQ	88	0	0	0	0	0	0	0	0	0	0	0	18	0	0	0	0	0	0	0	0	0	0	0	0	0	89	0	0	0	0	0	0	0	0	0	0	0	2427	0
FFQ	89	0	0	0	0	0	0	0	0	0	0	0	36	0	0	0	0	0	0	0	0	0	0	0	0	0	88	0	0	0	0	0	0	0	0	0	0	0	2410	0
FFQ	90	0	0	0	0	0	0	0	0	0	0	0	25	0	0	0	0	0	0	0	0	0	0	0	0	0	83	0	0	0	0	0	0	0	0	0	0	0	2426	0
FFQ	91	0	0	0	0	0	0	0	0	0	0	0	23	0	0	0	0	0	0	0	0	0	0	0	0	0	65	0	0	0	0	0	0	0	0	0	0	0	2446	0
FFQ	92	0	0	0	0	0	0	0	0	0	0	0	31	0	0	0	0	0	0	0	0	0	0	0	0	0	73	0	0	0	0	0	0	0	0	0	0	0	2430	0
FFQ	93	0	0	0	0	0	0	0	0	0	0	0	37	0	0	0	0	0	0	0	0	0	0	0	0	0	84	0	0	0	0	0	0	0	0	0	0	0	2413	0
FFQ	94	0	0	0	0	0	0	0	0	0	0	0	20	0	0	0	0	0	0	0	0	0	0	0	0	0	71	0	0	0	0	0	0	0	0	0	0	0	2443	0
FFQ	95	0	0	0	0	0	0	0	0	0	0	0	21	0	0	0	0	0	0	0	0	0	0	0	0	0	74	0	0	0	0	0	0	0	0	0	0	0	2439	0
FFQ	96	0	0	0	0	0	0	0	0	0	0	0	33	0	0	0	0	0	0	0	0	0	0	0	0	0	83	0	0	0	0	0	0	0	0	0	0	0	2418	0
FFQ	97	0	0	0	0	0	0	0	0	0	0	0	17	0	0	0	0	0	0	0	0	0	0	0	0	0	71	0	0	0	0	0	0	0	0	0	0	0	2446	0
FFQ	98	0	0	0	0	0	0	0	0	0	0	0	25	0	0	0	0	0	0	0	0	0	0	0	0	0	69	0	0	0	0	0	0	0	0	0	0	0	2440	0
FFQ	99	0	0	0	0	0	0	0	0	0	0	0	21	0	0	0	0	0	0	0	0	0	0	0	0	0	72	0	0	0	0	0	0	0	0	0	0	0	2441	0
FFQ	100	0	0	0	0	0	0	0	0	0	0	0	25	0	0	0	0	0	0	0	0	0	0	0	0	0	81	0	0	0	0	0	0	0	0	0	0	0	2428	0
FFQ	101	0	0	0	0	0	0	0	0	0	0	0	32	0	0	0	0	0	0	0	0	0	0	0	0	0	58	0	0	0	0	0	0	0	0	0	0	0	2444	0
FFQ	102	0	0	0	0	0	0	0	0	0	0	0	29	0	0	0	0	0	0	0	0	0	0	0	0	0	67	0	0	0	0	0	0	0	0	0	0	0	2438	0
FFQ	103	0	0	0	0	0	0	0	0	0	0	0	29	0	0	0	0	0	0	0	0	0	0	0	0	0	64	0	0	0	0	0	0	0	0	0	0	0	2441	0
FFQ	104	0	0	0	0	0	0	0	0	0	0	0	27	0	0	0	0	0	0	0	0	0	0	0	0	0	63	0	0	0	0	0	0	0	0	0	0	0	2444	0
FFQ	105	0	0	0	0	0	0	0	0	0	0	0	21	0	0	0	0	0	0	0	0	0	0	0	0	0	69	0	0	0	0	0	0	0	0	0	0	0	2444	0
FFQ	106	0	0	0	0	0	0	0	0	0	0	0	28	0	0	0	0	0	0	0	0	0	0	0	0	0	72	0	0	0	0	0	0	0	0	0	0	0	2434	0
FFQ	107	0	0	0	0	0	0	0	0	0	0	0	22	0	0	0	0	0	0	0	0	0	0	0	0	0	64	0	0	0	0	0	0	0	0	0	0	0	2448	0
FFQ	108	0	0	0	0	0	0	0	0	0	0	0	24	0	0	0	0	0	0	0	0	0	0	0	0	0	80	0	0	0	0	0	0	0	0	0	0	0	2430	0
FFQ	109	0	0	0	0	0	0	0	0	0	0	0	22	0	0	0	0	0	0	0	0	0	0	0	0	0	66	0	0	0	0	0	0	0	0	0	0	0	2446	0
FFQ	110	0	0	0	0	0	0	0	0	0	0	0	24	0	0	0	0	0	0	0	0	0	0	0	0	0	90	0	0	0	0	0	0	0	0	0	0	0	2420	0
FFQ	111	0	0	0	0	0	0	0	0	0	0	0	26	0	0	0	0	0	0	0	0	0	0	0	0	0	62	0	0	0	0	0	0	0	0	0	0	0	2446	0
FFQ	112	0	0	0	0	0	0	0	0	0	0	0	29	0	0	0	0	0	0	0	0	0	0	0	0	0	70	0	0	0	0	0	0	0	0	0	0	0	2435	0
FFQ	113	0	0	0	0	0	0	0	0	0	0	0	30	0	0	0	0	0	0	0	0	0	0	0	0	0	75	0	0	0	0	0	0	0	0	0	0	0	2429	0
FFQ	114	0	0	0	0	0	0	0	0	0	0	0	31	0	0	0	0	0	0	0	0	0	0	0	0	0	77	0	0	0	0	0	0	0	0	0	0	0	2426	0
FFQ	115	0	0	0	0	0	0	0	0	0	0	0	34	0	0	0	0	0	0	0	0	0	0	0	0	0	84	0	0	0	0	0	0	0	0	0	0	0	2416	0
FFQ	116	0	0	0	0	0	0	0	0	0	0	0	37	0	0	0	0	0	0	0	0	0	0	0	0	0	87	0	0	0	0	0	0	0	0	0	0	0	2410	0
FFQ	117	0	0	0	0	0	0	0	0	0	0	0	34	0	0	0	0	0	0	0	0	0	0	0	0	0	71	0	0	0	0	0	0	0	0	0	0	0	2429	0
FFQ	118	0	0	0	0	0	0	0	0	0	0	0	33	0	0	0	0	0	0	0	0	0	0	0	0	0	97	0	0	0	0	0	0	0	0	0	0	0	2404	0
FFQ	119	0	0	0	0	0	0	0	0	0	0	0	32	0	0	0	0	0	0	0	0	0	0	0	0	0	85	0	0	0	0	0	0	0	0	0	0	0	2417	0
FFQ	120	0	0	0	0	0	0	0	0	0	0	0	37	0	0	0	0	0	0	0	0	0	0	0	0	0	75	0	0	0	0	0	0	0	0	0	0	0	2422	0
FFQ	121	0	0	0	0	0	0	0	0	0	0	0	28	0	0	0	0	0	0	0	0	0	0	0	0	0	77	0	0	0	0	0	0	0	0	0	0	0	2429	0
FFQ	122	0	0	0	0	0	0	0	0	0	0	0	25	0	0	0	0	0	0	0	0	0	0	0	0	0	107	0	0	0	0	0	0	0	0	0	0	0	2402	0
FFQ	123	0	0	0	0	0	0	0	0	0	0	0	39	0	0	0	0	0	0	0	0	0	0	0	0	0	120	0	0	0	0	0	0	0	0	0	0	0	2375	0
FFQ	124	0	0	0	0	0	0	0	0	0	0	0	41	0	0	0	0	0	0	0	0	0	0	0	0	0	87	0	0	0	0	0	0	0	0	0	0	0	2406	0
FFQ	125	0	0	0	0	0	0	0	0	0	0	0	41	0	0	0	0	0	0	0	0	0	0	0	0	0	101	0	0	0	0	0	0	0	0	0	0	0	2392	0
FFQ	126	0	0	0	0	0	0	0	0	0	0	0	36	0	0	0	0	0	0	0	0	0	0	0	0	0	93	0	0	0	0	0	0	0	0	0	0	0	2405	0
FFQ	127	0	0	0	0	0	0	0	0	0	0	0	32	0	0	0	0	0	0	0	0	0	0	0	0	0	83	0	0	0	0	0	0	0	0	0	0	0	2419	0
FFQ	128	0	0	0	0	0	0	0	0	0	0	0	35	0	0	0	0	0	0	0	0	0	0	0	0	0	104	0	0	0	0	0	0	0	0	0	0	0	2395	0
FFQ	129	0	0	0	0	0	0	0	0	0	0	0	30	0	0	0	0	0	0	0	0	0	0	0	0	0	91	0	0	0	0	0	0	0	0	0	0	0	2413	0
FFQ	130	0	0	0	0	0	0	0	0	0	0	0	35	0	0	0	0	0	0	0	0	0	0	0	0	0	101	0	0	0	0	0	0	0	0	0	0	0	2398	0
FFQ	131	0	0	0	0	0	0	0	0	0	0	0	32	0	0	0	0	0	0	0	0	0	0	0	0	0	93	0	0	0	0	0	0	0	0	0	0	0	2409	0
FFQ	132	0	0	0	0	0	0	0	0	0	0	0	37	0	0	0	0	0	0	0	0	0	0	0	0	0	84	0	0	0	0	0	0	0	0	0	0	0	2413	0
FFQ	133	0	0	0	0	0	0	0	0	0	0	0	30	0	0	0	0	0	0	0	0	0	0	0	0	0	99	0	0	0	0	0	0	0	0	0	0	0	2405	0
FFQ	134	0	0	0	0	0	0	0	0	0	0	0	42	0	0	0	0	0	0	0	0	0	0	0	0	0	94	0	0	0	0	0	0	0	0	0	0	0	2398	0
FFQ	135	0	0	0	0	0	0	0	0	0	0	0	30	0	0	0	0	0	0	0	0	0	0	0	0	0	65	0	0	0	0	0	0	0	0	0	0	0	2439	0
FFQ	136	0	0	0	0	0	0	0	0	0	0	0	28	0	0	0	0	0	0	0	0	0	0	0	0	0	109	0	0	0	0	0	0	0	0	0	0	0	2397	0
FFQ	137	0	0	0	0	0	0	0	0	0	0	0	39	0	0	0	0	0	0	0	0	0	0	0	0	0	116	0	0	0	0	0	0	0	0	0	0	0	2379	0
FFQ	138	0	0	0	0	0	0	0	0	0	0	0	30	0	0	0	0	0	0	0	0	0	0	0	0	0	104	0	0	0	0	0	0	0	0	0	0	0	2400	0
FFQ	139	0	0	0	0	0	0	0	0	0	0	0	52	0	0	0	0	0	0	0	0	0	0	0	0	0	106	0	0	0	0	0	0	0	0	0	0	0	2376	0
FFQ	140	0	0	0	0	0	0	0	0	0	0	0	35	0	0	0	0	0	0	0	0	0	0	0	0	0	96	0	0	0	0	0	0	0	0	0	0	0	2403	0
FFQ	141	0	0	0	0	0	0	0	0	0	0	0	31	0	0	0	0	0	0	0	0	0	0	0	0	0	92	0	0	0	0	0	0	0	0	0	0	0	2411	0
FFQ	142	0	0	0	0	0	0	0	0	0	0	0	34	0	0	0	0	0	0	0	0	0	0	0	0	0	86	0	0	0	0	0	0	0	0	0	0	0	2414	0
FFQ	143	0	0	0	0	0	0	0	0	0	0	0	51	0	0	0	0	0	0	0	0	0	0	0	0	0	97	0	0	0	0	0	0	0	0	0	0	0	2386	0
FFQ	144	0	0	0	0	0	0	0	0	0	0	0	48	0	0	0	0	0	0	0	0	0	0	0	0	0	122	0	0	0	0	0	0	0	0	0	0	0	2364	0
FFQ	145	0	0	0	0	0	0	0	0	0	0	0	45	0	0	0	0	0	0	0	0	0	0	0	0	0	110	0	0	0	0	0	0	0	0	0	0	0	2379	0
FFQ	146	0	0	0	0	0	0	0	0	0	0	0	54	0	0	0	0	0	0	0	0	0	0	0	0	0	98	0	0	0	0	0	0	0	0	0	0	0	2382	0
FFQ	147	0	0	0	0	0	0	0	0	0	0	0	53	0	0	0	0	0	0	0	0	0	0	0	0	0	120	0	0	0	0	0	0	0	0	0	0	0	2355	0
FFQ	148	0	0	0	0	0	0	0	0	0	0	0	53	0	0	0	0	0	0	0	0	0	0	0	0	0	124	0	0	0	0	0	0	0	0	0	0	0	2315	0
FFQ	149	0	0	0	0	0	0	0	0	0	0	0	46	0	0	0	0	0	0	0	0	0	0	0	0	0	108	0	0	0	0	0	0	0	0	0	0	0	2338	0
FFQ	150	0	0	0	0	0	0	0	0	0	0	0	45	0	0	0	0	0	0	0	0	0	0	0	0	0	116	0	0	0	0	0	0	0	0	0	0	0	2331	0
# Last Fragment Qualities. Use `grep ^LFQ | cut -f 2-` to extract this part.
# Columns correspond to qualities and rows to cycles. First column is the cycle number.
LFQ	1	0	0	0	0	0	0	0	0	0	0	0	20	0	0	0	0	0	0	0	0	0	0	0	0	0	67	0	0	0	0	0	0	0	0	0	0	0	2447	0
LFQ	2	0	0	0	0	0	0	0	0	0	0	0	15	0	0	0	0	0	0	0	0	0	0	0	0	0	67	0	0	0	0	0	0	0	0	0	0	0	2452	0
LFQ	3	0	0	0	0	0	0	0	0	0	0	0	22	0	0	0	0	0	0	0	0	0	0	0	0	0	59	0	0	0	0	0	0	0	0	0	0	0	2453	0
LFQ	4	0	0	0	0	0	0	0	0	0	0	0	22	0	0	0	0	0	0	0	0	0	0	0	0	0	53	0	0	0	0	0	0	0	0	0	0	0	2459	0
LFQ	5	0	0	0	0	0	0	0	0	0	0	0	22	0	0	0	0	0	0	0	0	0	0	0	0	0	60	0	0	0	0	0	0	0	0	0	0	0	2452	0
LFQ	6	0	0	0	0	0	0	0	0	0	0	0	15	0	0	0	0	0	0	0	0	0	0	0	0	0	64	0	0	0	0	0	0	0	0	0	0	0	2455	0
LFQ	7	0	0	0	0	0	0	0	0	0	0	0	16	0	0	0	0	0	0	0	0	0	0	0	0	0	46	0	0	0	0	0	0	0	0	0	0	0	2472	0
LFQ	8	0	0	0	0	0	0	0	0	0	0	0	21	0	0	0	0	0	0	0	0	0	0	0	0	0	61	0	0	0	0	0	0	0	0	0	0	0	2452	0
LFQ	9	0	0	0	0	0	0	0	0	0	0	0	21	0	0	0	0	0	0	0	0	0	0	0	0	0	58	0	0	0	0	0	0	0	0	0	0	0	2455	0
LFQ	10	0	0	0	0	0	0	0	0	0	0	0	32	0	0	0	0	0	0	0	0	0	0	0	0	0	55	0	0	0	0	0	0	0	0	0	0	0	2447	0
LFQ	11	0	0	0	0	0	0	0	0	0	0	0	22	0	0	0	0	0	0	0	0	0	0	0	0	0	54	0	0	0	0	0	0	0	0	0	0	0	2458	0
LFQ	12	0	0	0	0	0	0	0	0	0	0	0	25	0	0	0	0	0	0	0	0	0	0	0	0	0	66	0	0	0	0	0	0	0	0	0	0	0	2443	0
LFQ	13	0	0	0	0	0	0	0	0	0	0	0	16	0	0	0	0	0	0	0	0	0	0	0	0	0	58	0	0	0	0	0	0	0	0	0	0	0	2460	0
LFQ	14	0	0	0	0	0	0	0	0	0	0	0	14	0	0	0	0	0	0	0	0	0	0	0	0	0	61	0	0	0	0	0	0	0	0	0	0	0	2459	0
LFQ	15	0	0	0	0	0	0	0	0	0	0	0	25	0	0	0	0	0	0	0	0	0	0	0	0	0	57	0	0	0	0	0	0	0	0	0	0	0	2452	0
LFQ	16	0	0	0	0	0	0	0	0	0	0	0	22	0	0	0	0	0	0	0	0	0	0	0	0	0	56	0	0	0	0	0	0	0	0	0	0	0	2456	0
LFQ	17	0	0	0	0	0	0	0	0	0	0	0	25	0	0	0	0	0	0	0	0	0	0	0	0	0	61	0	0	0	0	0	0	0	0	0	0	0	2448	0
LFQ	18	0	0	0	0	0	0	0	0	0	0	0	21	0	0	0	0	0	0	0	0	0	0	0	0	0	62	0	0	0	0	0	0	0	0	0	0	0	2451	0
LFQ	19	0	0	0	0	0	0	0	0	0	0	0	14	0	0	0	0	0	0	0	0	0	0	0	0	0	64	0	0	0	0	0	0	0	0	0	0	0	2456	0
LFQ	20	0	0	0	0	0	0	0	0	0	0	0	22	0	0	0	0	0	0	0	0	0	0	0	0	0	66	0	0	0	0	0	0	0	0	0	0	0	2446	0
LFQ	21	0	0	0	0	0	0	0	0	0	0	0	24	0	0	0	0	0	0	0	0	0	0	0	0	0	65	0	0	0	0	0	0	0	0	0	0	0	2445	0
LFQ	22	0	0	0	0	0	0	0	0	0	0	0	20	0	0	0	0	0	0	0	0	0	0	0	0	0	94	0	0	0	0	0	0	0	0	0	0	0	2420	0
LFQ	23	0	0	0	0	0	0	0	0	0	0	0	20	0	0	0	0	0	0	0	0	0	0	0	0	0	75	0	0	0	0	0	0	0	0	0	0	0	2439	0
LFQ	24	0	0	0	0	0	0	0	0	0	0	0	25	0	0	0	0	0	0	0	0	0	0	0	0	0	63	0	0	0	0	0	0	0	0	0	0	0	2446	0
LFQ	25	0	0	0	0	0	0	0	0	0	0	0	24	0	0	0	0	0	0	0	0	0	0	0	0	0	73	0	0	0	0	0	0	0	0	0	0	0	2437	0
LFQ	26	0	0	0	0	0	0	0	0	0	0	0	16	0	0	0	0	0	0	0	0	0	0	0	0	0	52	0	0	0	0	0	0	0	0	0	0	0	2466	0
LFQ	27	0	0	0	0	0	0	0	0	0	0	0	28	0	0	0	0	0	0	0	0	0	0	0	0	0	71	0	0	0	0	0	0	0	0	0	0	0	2435	0
LFQ	28	0	0	0	0	0	0	0	0	0	0	0	33	0	0	0	0	0	0	0	0	0	0	0	0	0	65	0	0	0	0	0	0	0	0	0	0	0	2436	0
LFQ	29	0	0	0	0	0	0	0	0	0	0	0	25	0	0	0	0	0	0	0	0	0	0	0	0	0	81	0	0	0	0	0	0	0	0	0	0	0	2428	0
LFQ	30	0	0	0	0	0	0	0	0	0	0	0	23	0	0	0	0	0	0	0	0	0	0	0	0	0	63	0	0	0	0	0	0	0	0	0	0	0	2448	0
LFQ	31	0	0	0	0	0	0	0	0	0	0	0	26	0	0	0	0	0	0	0	0	0	0	0	0	0	73	0	0	0	0	0	0	0	0	0	0	0	2435	0
LFQ	32	0	0	0	0	0	0	0	0	0	0	0	24	0	0	0	0	0	0	0	0	0	0	0	0	0	72	0	0	0	0	0	0	0	0	0	0	0	2438	0
LFQ	33	0	0	0	0	0	0	0	0	0	0	0	26	0	0	0	0	0	0	0	0	0	0	0	0	0	75	0	0	0	0	0	0	0	0	0	0	0	2433	0
LFQ	34	0	0	0	0	0	0	0	0	0	0	0	25	0	0	0	0	0	0	0	0	0	0	0	0	0	79	0	0	0	0	0	0	0	0	0	0	0	2430	0
LFQ	35	0	0	0	0	0	0	0	0	0	0	0	40	0	0	0	0	0	0	0	0	0	0	0	0	0	77	0	0	0	0	0	0	0	0	0	0	0	2417	0
LFQ	36	0	0	0	0	0	0	0	0	0	0	0	26	0	0	0	0	0	0	0	0	0	0	0	0	0	75	0	0	0	0	0	0	0	0	0	0	0	2433	0
LFQ	37	0	0	0	0	0	0	0	0	0	0	0	19	0	0	0	0	0	0	0	0	0	0	0	0	0	65	0	0	0	0	0	0	0	0	0	0	0	2450	0
LFQ	38	0	0	0	0	0	0	0	0	0	0	0	38	0	0	0	0	0	0	0	0	0	0	0	0	0	73	0	0	0	0	0	0	0	0	0	0	0	2423	0
LFQ	39	0	0	0	0	0	0	0	0	0	0	0	26	0	0	0	0	0	0	0	0	0	0	0	0	0	77	0	0	0	0	0	0	0	0	0	0	0	2431	0
LFQ	40	0	0	0	0	0	0	0	0	0	0	0	31	0	0	0	0	0	0	0	0	0	0	0	0	0	88	0	0	0	0	0	0	0	0	0	0	0	2415	0
LFQ	41	0	0	0	0	0	0	0	0	0	0	0	31	0	0	0	0	0	0	0	0	0	0	0	0	0	75	0	0	0	0	0	0	0	0	0	0	0	2428	0
LFQ	42	0	0	0	0	0	0	0	0	0	0	0	28	0	0	0	0	0	0	0	0	0	0	0	0	0	82	0	0	0	0	0	0	0	0	0	0	0	2424	0
LFQ	43	0	0	0	0	0	0	0	0	0	0	0	41	0	0	0	0	0	0	0	0	0	0	0	0	0	61	0	0	0	0	0	0	0	0	0	0	0	2432	0
LFQ	44	0	0	0	0	0	0	0	0	0	0	0	31	0	0	0	0	0	0	0	0	0	0	0	0	0	85	0	0	0	0	0	0	0	0	0	0	0	2418	0
LFQ	45	0	0	0	0	0	0	0	0	0	0	0	44	0	0	0	0	0	0	0	0	0	0	0	0	0	62	0	0	0	0	0	0	0	0	0	0	0	2428	0
LFQ	46	0	0	0	0	0	0	0	0	0	0	0	27	0	0	0	0	0	0	0	0	0	0	0	0	0	87	0	0	0	0	0	0	0	0	0	0	0	2420	0
LFQ	47	0	0	0	0	0	0	0	0	0	0	0	35	0	0	0	0	0	0	0	0	0	0	0	0	0	71	0	0	0	0	0	0	0	0	0	0	0	2428	0
LFQ	48	0	0	0	0	0	0	0	0	0	0	0	27	0	0	0	0	0	0	0	0	0	0	0	0	0	76	0	0	0	0	0	0	0	0	0	0	0	2431	0
LFQ	49	0	0	0	0	0	0	0	0	0	0	0	34	0	0	0	0	0	0	0	0	0	0	0	0	0	75	0	0	0	0	0	0	0	0	0	0	0	2425	0
LFQ	50	0	0	0	0	0	0	0	0	0	0	0	27	0	0	0	0	0	0	0	0	0	0	0	0	0	100	0	0	0	0	0	0	0	0	0	0	0	2407	0
LFQ	51	0	0	0	0	0	0	0	0	0	0	0	31	0	0	0	0	0	0	0	0	0	0	0	0	0	91	0	0	0	0	0	0	0	0	0	0	0	2412	0
LFQ	52	0	0	0	0	0	0	0	0	0	0	0	29	0	0	0	0	0	0	0	0	0	0	0	0	0	63	0	0	0	0	0	0	0	0	0	0	0	2442	0
LFQ	53	0	0	0	0	0	0	0	0	0	0	0	35	0	0	0	0	0	0	0	0	0	0	0	0	0	75	0	0	0	0	0	0	0	0	0	0	0	2424	0
LFQ	54	0	0	0	0	0	0	0	0	0	0	0	45	0	0	0	0	0	0	0	0	0	0	0	0	0	75	0	0	0	0	0	0	0	0	0	0	0	2414	0
LFQ	55	0	0	0	0	0	0	0	0	0	0	0	42	0	0	0	0	0	0	0	0	0	0	0	0	0	92	0	0	0	0	0	0	0	0	0	0	0	2400	0
LFQ	56	0	0	0	0	0	0	0	0	0	0	0	26	0	0	0	0	0	0	0	0	0	0	0	0	0	85	0	0	0	0	0	0	0	0	0	0	0	2423	0
LFQ	57	0	0	0	0	0	0	0	0	0	0	0	31	0	0	0	0	0	0	0	0	0	0	0	0	0	72	0	0	0	0	0	0	0	0	0	0	0	2431	0
LFQ	58	0	0	0	0	0	0	0	0	0	0	0	36	0	0	0	0	0	0	0	0	0	0	0	0	0	82	0	0	0	0	0	0	0	0	0	0	0	2416	0
LFQ	59	0	0	0	0	0	0	0	0	0	0	0	26	0	0	0	0	0	0	0	0	0	0	0	0	0	100	0	0	0	0	0	0	0	0	0	0	0	2408	0
LFQ	60	0	0	0	0	0	0	0	0	0	0	0	19	0	0	0	0	0	0	0	0	0	0	0	0	0	77	0	0	0	0	0	0	0	0	0	0	0	2438	0
LFQ	61	0	0	0	0	0	0	0	0	0	0	0	23	0	0	0	0	0	0	0	0	0	0	0	0	0	95	0	0	0	0	0	0	0	0	0	0	0	2416	0
LFQ	62	0	0	0	0	0	0	0	0	0	0	0	26	0	0	0	0	0	0	0	0	0	0	0	0	0	83	0	0	0	0	0	0	0	0	0	0	0	2425	0
LFQ	63	0	0	0	0	0	0	0	0	0	0	0	25	0	0	0	0	0	0	0	0	0	0	0	0	0	80	0	0	0	0	0	0	0	0	0	0	0	2429	0
LFQ	64	0	0	0	0	0	0	0	0	0	0	0	37	0	0	0	0	0	0	0	0	0	0	0	0	0	79	0	0	0	0	0	0	0	0	0	0	0	2418	0
LFQ	65	0	0	0	0	0	0	0	0	0	0	0	31	0	0	0	0	0	0	0	0	0	0	0	0	0	81	0	0	0	0	0	0	0	0	0	0	0	2422	0
LFQ	66	0	0	0	0	0	0	0	0	0	0	0	26	0	0	0	0	0	0	0	0	0	0	0	0	0	89	0	0	0	0	0	0	0	0	0	0	0	2419	0
LFQ	67	0	0	0	0	0	0	0	0	0	0	0	35	0	0	0	0	0	0	0	0	0	0	0	0	0	79	0	0	0	0	0	0	0	0	0	0	0	2420	0
LFQ	68	0	0	0	0	0	0	0	0	0	0	0	27	0	0	0	0	0	0	0	0	0	0	0	0	0	62	0	0	0	0	0	0	0	0	0	0	0	2445	0
LFQ	69	0	0	0	0	0	0	0	0	0	0	0	27	0	0	0	0	0	0	0	0	0	0	0	0	0	96	0	0	0	0	0	0	0	0	0	0	0	2411	0
LFQ	70	0	0	0	0	0	0	0	0	0	0	0	30	0	0	0	0	0	0	0	0	0	0	0	0	0	71	0	0	0	0	0	0	0	0	0	0	0	2433	0
LFQ	71	0	0	0	0	0	0	0	0	0	0	0	27	0	0	0	0	0	0	0	0	0	0	0	0	0	103	0	0	0	0	0	0	0	0	0	0	0	2404	0
LFQ	72	0	0	0	0	0	0	0	0	0	0	0	35	0	0	0	0	0	0	0	0	0	0	0	0	0	89	0	0	0	0	0	0	0	0	0	0	0	2410	0
LFQ	73	0	0	0	0	0	0	0	0	0	0	0	33	0	0	0	0	0	0	0	0	0	0	0	0	0	92	0	0	0	0	0	0	0	0	0	0	0	2409	0
LFQ	74	0	0	0	0	0	0	0	0	0	0	0	38	0	0	0	0	0	0	0	0	0	0	0	0	0	82	0	0	0	0	0	0	0	0	0	0	0	2414	0
LFQ	75	0	0	0	0	0	0	0	0	0	0	0	24	0	0	0	0	0	0	0	0	0	0	0	0	0	90	0	0	0	0	0	0	0	0	0	0	0	2420	0
LFQ	76	0	0	0	0	0	0	0	0	0	0	0	31	0	0	0	0	0	0	0	0	0	0	0	0	0	101	0	0	0	0	0	0	0	0	0	0	0	2402	0
LFQ	77	0	0	0	0	0	0	0	0	0	0	0	33	0	0	0	0	0	0	0	0	0	0	0	0	0	83	0	0	0	0	0	0	0	0	0	0	0	2418	0
LFQ	78	0	0	0	0	0	0	0	0	0	0	0	30	0	0	0	0	0	0	0	0	0	0	0	0	0	90	0	0	0	0	0	0	0	0	0	0	0	2414	0
LFQ	79	0	0	0	0	0	0	0	0	0	0	0	36	0	0	0	0	0	0	0	0	0	0	0	0	0	75	0	0	0	0	0	0	0	0	0	0	0	2423	0
LFQ	80	0	0	0	0	0	0	0	0	0	0	0	25	0	0	0	0	0	0	0	0	0	0	0	0	0	100	0	0	0	0	0	0	0	0	0	0	0	2409	0
LFQ	81	0	0	0	0	0	0	0	0	0	0	0	39	0	0	0	0	0	0	0	0	0	0	0	0	0	108	0	0	0	0	0	0	0	0	0	0	0	2387	0
LFQ	82	0	0	0	0	0	0	0	0	0	0	0	36	0	0	0	0	0	0	0	0	0	0	0	0	0	93	0	0	0	0	0	0	0	0	0	0	0	2405	0
LFQ	83	0	0	0	0	0	0	0	0	0	0	0	32	0	0	0	0	0	0	0	0	0	0	0	0	0	84	0	0	0	0	0	0	0	0	0	0	0	2418	0
LFQ	84	0	0	0	0	0	0	0	0	0	0	0	39	0	0	0	0	0	0	0	0	0	0	0	0	0	96	0	0	0	0	0	0	0	0	0	0	0	2399	0
LFQ	85	0	0	0	0	0	0	0	0	0	0	0	42	0	0	0	0	0	0	0	0	0	0	0	0	0	96	0	0	0	0	0	0	0	0	0	0	0	2396	0
LFQ	86	0	0	0	0	0	0	0	0	0	0	0	35	0	0	0	0	0	0	0	0	0	0	0	0	0	101	0	0	0	0	0	0	0	0	0	0	0	2398	0
LFQ	87	0	0	0	0	0	0	0	0	0	0	0	40	0	0	0	0	0	0	0	0	0	0	0	0	0	90	0	0	0	0	0	0	0	0	0	0	0	2404	0
LFQ	88	0	0	0	0	0	0	0	0	0	0	0	35	0	0	0	0	0	0	0	0	0	0	0	0	0	98	0	0	0	0	0	0	0	0	0	0	0	2401	0
LFQ	89	0	0	0	0	0	0	0	0	0	0	0	43	0	0	0	0	0	0	0	0	0	0	0	0	0	107	0	0	0	0	0	0	0	0	0	0	0	2384	0
LFQ	90	0	0	0	0	0	0	0	0	0	0	0	37	0	0	0	0	0	0	0	0	0	0	0	0	0	100	0	0	0	0	0	0	0	0	0	0	0	2397	0
LFQ	91	0	0	0	0	0	0	0	0	0	0	0	40	0	0	0	0	0	0	0	0	0	0	0	0	0	106	0	0	0	0	0	0	0	0	0	0	0	2388	0
LFQ	92	0	0	0	0	0	0	0	0	0	0	0	35	0	0	0	0	0	0	0	0	0	0	0	0	0	95	0	0	0	0	0	0	0	0	0	0	0	2404	0
LFQ	93	0	0	0	0	0	0	0	0	0	0	0	41	0	0	0	0	0	0	0	0	0	0	0	0	0	107	0	0	0	0	0	0	0	0	0	0	0	2386	0
LFQ	94	0	0	0	0	0	0	0	0	0	0	0	38	0	0	0	0	0	0	0	0	0	0	0	0	0	106	0	0	0	0	0	0	0	0	0	0	0	2390	0
LFQ	95	0	0	0	0	0	0	0	0	0	0	0	37	0	0	0	0	0	0	0	0	0	0	0	0	0	117	0	0	0	0	0	0	0	0	0	0	0	2380	0
LFQ	96	0	0	0	0	0	0	0	0	0	0	0	38	0	0	0	0	0	0	0	0	0	0	0	0	0	79	0	0	0	0	0	0	0	0	0	0	0	2417	0
LFQ	97	0	0	0	0	0	0	0	0	0	0	0	43	0	0	0	0	0	0	0	0	0	0	0	0	0	83	0	0	0	0	0	0	0	0	0	0	0	2408	0
LFQ	98	0	0	0	0	0	0	0	0	0	0	0	42	0	0	0	0	0	0	0	0	0	0	0	0	0	98	0	0	0	0	0	0	0	0	0	0	0	2394	0
LFQ	99	0	0	0	0	0	0	0	0	0	0	0	49	0	0	0	0	0	0	0	0	0	0	0	0	0	124	0	0	0	0	0	0	0	0	0	0	0	2361	0
LFQ	100	0	0	0	0	0	0	0	0	0	0	0	44	0	0	0	0	0	0	0	0	0	0	0	0	0	111	0	0	0	0	0	0	0	0	0	0	0	2379	0
LFQ	101	0	0	0	0	0	0	0	0	0	0	0	43	0	0	0	0	0	0	0	0	0	0	0	0	0	110	0	0	0	0	0	0	0	0	0	0	0	2381	0
LFQ	102	0	0	0	0	0	0	0	0	0	0	0	41	0	0	0	0	0	0	0	0	0	0	0	0	0	115	0	0	0	0	0	0	0	0	0	0	0	2378	0
LFQ	103	0	0	0	0	0	0	0	0	0	0	0	42	0	0	0	0	0	0	0	0	0	0	0	0	0	112	0	0	0	0	0	0	0	0	0	0	0	2380	0
LFQ	104	0	0	0	0	0	0	0	0	0	0	0	36	0	0	0	0	0	0	0	0	0	0	0	0	0	107	0	0	0	0	0	0	0	0	0	0	0	2391	0
LFQ	105	0	0	0	0	0	0	0	0	0	0	0	40	0	0	0	0	0	0	0	0	0	0	0	0	0	102	0	0	0	0	0	0	0	0	0	0	0	2392	0
LFQ	106	0	0	0	0	0	0	0	0	0	0	0	50	0	0	0	0	0	0	0	0	0	0	0	0	0	114	0	0	0	0	0	0	0	0	0	0	0	2370	0
LFQ	107	0	0	0	0	0	0	0	0	0	0	0	41	0	0	0	0	0	0	0	0	0	0	0	0	0	111	0	0	0	0	0	0	0	0	0	0	0	2382	0
LFQ	108	0	0	0	0	0	0	0	0	0	0	0	34	0	0	0	0	0	0	0	0	0	0	0	0	0	92	0	0	0	0	0	0	0	0	0	0	0	2408	0
LFQ	109	0	0	0	0	0	0	0	0	0	0	0	43	0	0	0	0	0	0	0	0	0	0	0	0	0	103	0	0	0	0	0	0	0	0	0	0	0	2388	0
LFQ	110	0	0	0	0	0	0	0	0	0	0	0	50	0	0	0	0	0	0	0	0	0	0	0	0	0	109	0	0	0	0	0	0	0	0	0	0	0	2375	0
LFQ	111	0	0	0	0	0	0	0	0	0	0	0	46	0	0	0	0	0	0	0	0	0	0	0	0	0	105	0	0	0	0	0	0	0	0	0	0	0	2383	0
LFQ	112	0	0	0	0	0	0	0	0	0	0	0	43	0	0	0	0	0	0	0	0	0	0	0	0	0	117	0	0	0	0	0	0	0	0	0	0	0	2374	0
LFQ	113	0	0	0	0	0	0	0	0	0	0	0	48	0	0	0	0	0	0	0	0	0	0	0	0	0	94	0	0	0	0	0	0	0	0	0	0	0	2392	0
LFQ	114	0	0	0	0	0	0	0	0	0	0	0	41	0	0	0	0	0	0	0	0	0	0	0	0	0	97	0	0	0	0	0	0	0	0	0	0	0	2396	0
LFQ	115	0	0	0	0	0	0	0	0	0	0	0	46	0	0	0	0	0	0	0	0	0	0	0	0	0	119	0	0	0	0	0	0	0	0	0	0	0	2369	0
LFQ	116	0	0	0	0	0	0	0	0	0	0	0	37	0	0	0	0	0	0	0	0	0	0	0	0	0	107	0	0	0	0	0	0	0	0	0	0	0	2390	0
LFQ	117	0	0	0	0	0	0	0	0	0	0	0	49	0	0	0	0	0	0	0	0	0	0	0	0	0	131	0	0	0	0	0	0	0	0	0	0	0	2354	0
LFQ	118	0	0	0	0	0	0	0	0	0	0	0	60	0	0	0	0	0	0	0	0	0	0	0	0	0	111	0	0	0	0	0	0	0	0	0	0	0	2363	0
LFQ	119	0	0	0	0	0	0	0	0	0	0	0	42	0	0	0	0	0	0	0	0	0	0	0	0	0	102	0	0	0	0	0	0	0	0	0	0	0	2390	0
LFQ	120	0	0	0	0	0	0	0	0	0	0	0	55	0	0	0	0	0	0	0	0	0	0	0	0	0	137	0	0	0	0	0	0	0	0	0	0	0	2342	0
LFQ	121	0	0	0	0	0	0	0	0	0	0	0	46	0	0	0	0	0	0	0	0	0	0	0	0	0	119	0	0	0	0	0	0	0	0	0	0	0	2369	0
LFQ	122	0	0	0	0	0	0	0	0	0	0	0	48	0	0	0	0	0	0	0	0	0	0	0	0	0	136	0	0	0	0	0	0	0	0	0	0	0	2350	0
LFQ	123	0	0	0	0	0	0	0	0	0	0	0	50	0	0	0	0	0	0	0	0	0	0	0	0	0	124	0	0	0	0	0	0	0	0	0	0	0	2360	0
LFQ	124	0	0	0	0	0	0	0	0	0	0	0	65	0	0	0	0	0	0	0	0	0	0	0	0	0	140	0	0	0	0	0	0	0	0	0	0	0	2329	0
LFQ	125	0	0	0	0	0	0	0	0	0	0	0	62	0	0	0	0	0	0	0	0	0	0	0	0	0	110	0	0	0	0	0	0	0	0	0	0	0	2362	0
LFQ	126	0	0	0	0	0	0	0	0	0	0	0	52	0	0	0	0	0	0	0	0	0	0	0	0	0	136	0	0	0	0	0	0	0	0	0	0	0	2346	0
LFQ	127	0	0	0	0	0	0	0	0	0	0	0	59	0	0	0	0	0	0	0	0	0	0	0	0	0	126	0	0	0	0	0	0	0	0	0	0	0	2349	0
LFQ	128	0	0	0	0	0	0	0	0	0	0	0	51	0	0	0	0	0	0	0	0	0	0	0	0	0	120	0	0	0	0	0	0	0	0	0	0	0	2363	0
LFQ	129	0	0	0	0	0	0	0	0	0	0	0	52	0	0	0	0	0	0	0	0	0	0	0	0	0	141	0	0	0	0	0	0	0	0	0	0	0	2341	0
LFQ	130	0	0	0	0	0	0	0	0	0	0	0	49	0	0	0	0	0	0	0	0	0	0	0	0	0	122	0	0	0	0	0	0	0	0	0	0	0	2363	0
LFQ	131	0	0	0	0	0	0	0	0	0	0	0	55	0	0	0	0	0	0	0	0	0	0	0	0	0	127	0	0	0	0	0	0	0	0	0	0	0	2352	0
LFQ	132	0	0	0	0	0	0	0	0	0	0	0	53	0	0	0	0	0	0	0	0	0	0	0	0	0	135	0	0	0	0	0	0	0	0	0	0	0	2346	0
LFQ	133	0	0	0	0	0	0	0	0	0	0	0	53	0	0	0	0	0	0	0	0	0	0	0	0	0	144	0	0	0	0	0	0	0	0	0	0	0	2337	0
LFQ	134	0	0	0	0	0	0	0	0	0	0	0	54	0	0	0	0	0	0	0	0	0	0	0	0	0	119	0	0	0	0	0	0	0	0	0	0	0	2361	0
LFQ	135	0	0	0	0	0	0	0	0	0	0	0	60	0	0	0	0	0	0	0	0	0	0	0	0	0	136	0	0	0	0	0	0	0	0	0	0	0	2338	0
LFQ	136	0	0	0	0	0	0	0	0	0	0	0	67	0	0	0	0	0	0	0	0	0	0	0	0	0	133	0	0	0	0	0	0	0	0	0	0	0	2334	0
LFQ	137	0	0	0	0	0	0	0	0	0	0	0	61	0	0	0	0	0	0	0	0	0	0	0	0	0	144	0	0	0	0	0	0	0	0	0	0	0	2329	0
LFQ	138	0	0	0	0	0	0	0	0	0	0	0	57	0	0	0	0	0	0	0	0	0	0	0	0	0	123	0	0	0	0	0	0	0	0	0	0	0	2352	0
LFQ	139	0	0	0	0	0	0	0	0	0	0	0	69	0	0	0	0	0	0	0	0	0	0	0	0	0	133	0	0	0	0	0	0	0	0	0	0	0	2326	0
LFQ	140	0	0	0	0	0	0	0	0	0	0	0	79	0	0	0	0	0	0	0	0	0	0	0	0	0	147	0	0	0	0	0	0	0	0	0	0	0	2299	0
LFQ	141	0	0	0	0	0	0	0	0	0	0	0	59	0	0	0	0	0	0	0	0	0	0	0	0	0	155	0	0	0	0	0	0	0	0	0	0	0	2310	0
LFQ	142	0	0	0	0	0	0	0	0	0	0	0	56	0	0	0	0	0	0	0	0	0	0	0	0	0	149	0	0	0	0	0	0	0	0	0	0	0	2319	0
LFQ	143	0	0	0	0	0	0	0	0	0	0	0	73	0	0	0	0	0	0	0	0	0	0	0	0	0	132	0	0	0	0	0	0	0	0	0	0	0	2318	0
LFQ	144	0	0	0	0	0	0	0	0	0	0	0	60	0	0	0	0	0	0	0	0	0	0	0	0	0	133	0	0	0	0	0	0	0	0	0	0	0	2323	0
LFQ	145	0	0	0	0	0	0	0	0	0	0	0	75	0	0	0	0	0	0	0	0	0	0	0	0	0	131	0	0	0	0	0	0	0	0	0	0	0	2310	0
LFQ	146	0	0	0	0	0	0	0	0	0	0	0	60	0	0	0	0	0	0	0	0	0	0	0	0	0	154	0	0	0	0	0	0	0	0	0	0	0	2300	0
LFQ	147	0	0	0	0	0	0	0	0	0	0	0	59	0	0	0	0	0	0	0	0	0	0	0	0	0	163	0	0	0	0	0	0	0	0	0	0	0	2284	0
LFQ	148	0	0	0	0	0	0	0	0	0	0	0	54	0	0	0	0	0	0	0	0	0	0	0	0	0	130	0	0	0	0	0	0	0	0	0	0	0	2300	0
LFQ	149	0	0	0	0	0	0	0	0	0	0	0	65	0	0	0	0	0	0	0	0	0	0	0	0	0	162	0	0	0	0	0	0	0	0	0	0	0	2257	0
LFQ	150	0	0	0	0	0	0	0	0	0	0	0	77	0	0	0	0	0	0	0	0	0	0	0	0	0	130	0	0	0	0	0	0	0	0	0	0	0	2277	0
# GC Content of first fragments. Use `grep ^GCF | cut -f 2-` to extract this part.
GCF	15.33	0
GCF	30.90	1
GCF	31.91	0
GCF	32.91	1
GCF	33.67	0
GCF	34.67	4
GCF	35.43	2
GCF	35.93	10
GCF	36.68	1
GCF	37.44	4
GCF	37.94	32
GCF	38.44	149
GCF	38.94	147
GCF	39.45	336
GCF	39.95	281
GCF	40.70	301
GCF	41.46	127
GCF	41.96	46
GCF	42.71	28
GCF	43.47	46
GCF	43.97	99
GCF	44.47	94
GCF	44.97	93
GCF	45.48	181
GCF	45.98	200
GCF	46.48	370
GCF	46.98	385
GCF	47.49	146
GCF	47.99	43
GCF	48.74	15
GCF	49.50	8
# GC Content of last fragments. Use `grep ^GCL | cut -f 2-` to extract this part.
GCL	16.58	0
GCL	33.42	2
GCL	34.42	1
GCL	35.68	2
GCL	36.43	4
GCL	36.93	3
GCL	37.44	9
GCL	37.94	12
GCL	38.44	26
GCL	38.94	27
GCL	39.45	66
GCL	39.95	86
GCL	40.45	112
GCL	40.95	109
GCL	41.46	87
GCL	41.96	112
GCL	42.46	82
GCL	42.96	83
GCL	43.47	140
GCL	43.97	251
GCL	44.47	281
GCL	44.97	284
GCL	45.48	370
GCL	45.98	369
GCL	46.73	297
GCL	47.49	167
GCL	47.99	34
GCL	48.49	16
GCL	48.99	15
GCL	49.50	4
GCL	50.00	3
# ACGT content per cycle. Use `grep ^GCC | cut -f 2-` to extract this part. The columns are: cycle; A,C,G,T base counts as a percentage of all A/C/G/T bases [%]; and N and O counts as a percentage of all A/C/G/T bases [%]
GCC	1	20.54	32.89	31.91	14.66	0.00	0.00
GCC	2	25.02	22.38	25.41	27.19	0.00	0.00
GCC	3	24.37	22.42	23.95	29.26	0.00	0.00
GCC	4	24.47	25.00	25.32	25.22	0.00	0.00
GCC	5	28.10	20.05	27.84	24.01	0.00	0.00
GCC	6	30.74	19.10	21.63	28.53	0.00	0.00
GCC	7	24.21	19.46	17.44	38.89	0.00	0.00
GCC	8	25.14	21.92	18.39	34.55	0.00	0.00
GCC	9	24.15	22.77	16.50	36.58	0.00	0.00
GCC	10	31.83	17.34	18.63	32.20	0.00	0.00
GCC	11	27.96	21.92	22.81	27.31	0.00	0.00
GCC	12	23.86	24.96	23.22	27.96	0.00	0.00
GCC	13	28.63	20.28	19.57	31.51	0.00	0.00
GCC	14	28.49	21.92	20.90	28.69	0.00	0.00
GCC	15	24.11	22.51	25.47	27.90	0.00	0.00
GCC	16	31.08	22.24	20.80	25.89	0.00	0.00
GCC	17	26.95	20.11	19.81	33.13	0.00	0.00
GCC	18	29.42	17.09	16.46	37.04	0.00	0.00
GCC	19	24.88	19.22	21.49	34.41	0.00	0.00
GCC	20	25.71	20.92	22.85	30.52	0.00	0.00
GCC	21	22.42	18.73	26.42	32.44	0.00	0.00
GCC	22	23.88	21.57	26.99	27.57	0.00	0.00
GCC	23	27.51	19.93	20.21	32.36	0.00	0.00
GCC	24	25.45	22.20	21.05	31.29	0.00	0.00
GCC	25	26.78	21.03	21.13	31.06	0.00	0.00
GCC	26	25.59	20.80	22.49	31.12	0.00	0.00
GCC	27	20.66	21.31	26.91	31.12	0.00	0.00
GCC	28	25.85	21.51	20.50	32.14	0.00	0.00
GCC	29	30.49	23.22	17.40	28.89	0.00	0.00
GCC	30	26.99	22.18	21.01	29.81	0.00	0.00
GCC	31	27.74	20.64	27.39	24.23	0.00	0.00
GCC	32	31.49	19.10	22.95	26.46	0.00	0.00
GCC	33	25.81	23.16	21.49	29.54	0.00	0.00
GCC	34	26.44	23.93	19.38	30.25	0.00	0.00
GCC	35	26.09	22.06	22.45	29.40	0.00	0.00
GCC	36	25.55	21.29	23.05	30.11	0.00	0.00
GCC	37	23.74	19.95	26.07	30.25	0.00	0.00
GCC	38	26.60	21.82	21.59	29.99	0.00	0.00
GCC	39	25.79	19.83	21.21	33.17	0.00	0.00
GCC	40	24.37	16.18	23.95	35.50	0.00	0.00
GCC	41	25.18	18.94	22.26	33.62	0.00	0.00
GCC	42	26.60	20.40	22.65	30.35	0.00	0.00
GCC	43	24.31	20.36	22.20	33.13	0.00	0.00
GCC	44	24.47	24.35	22.61	28.57	0.00	0.00
GCC	45	22.59	27.03	20.60	29.78	0.00	0.00
GCC	46	25.18	24.70	21.84	28.28	0.00	0.00
GCC	47	25.28	20.54	20.90	33.29	0.00	0.00
GCC	48	29.01	18.13	20.97	31.89	0.00	0.00
GCC	49	24.47	21.92	22.89	30.72	0.00	0.00
GCC	50	24.01	22.71	21.84	31.43	0.00	0.00
GCC	51	23.90	19.12	21.47	35.52	0.00	0.00
GCC	52	29.74	19.02	21.37	29.87	0.00	0.00
GCC	53	26.52	21.65	23.15	28.69	0.00	0.00
GCC	54	22.89	23.30	20.99	32.81	0.00	0.00
GCC	55	23.95	23.11	22.97	29.97	0.00	0.00
GCC	56	26.38	22.14	21.78	29.70	0.00	0.00
GCC	57	26.42	19.93	23.07	30.58	0.00	0.00
GCC	58	29.62	17.40	18.59	34.39	0.00	0.00
GCC	59	26.09	19.51	24.05	30.35	0.00	0.00
GCC	60	24.57	18.90	24.35	32.18	0.00	0.00
GCC	61	27.27	23.70	18.09	30.94	0.00	0.00
GCC	62	27.98	22.55	18.09	31.37	0.00	0.00
GCC	63	24.05	23.72	21.35	30.88	0.00	0.00
GCC	64	22.85	23.26	19.49	34.39	0.00	0.00
GCC	65	24.35	27.45	16.63	31.57	0.00	0.00
GCC	66	24.29	21.70	18.47	35.54	0.00	0.00
GCC	67	23.62	23.50	21.05	31.83	0.00	0.00
GCC	68	24.47	20.97	23.82	30.74	0.00	0.00
GCC	69	29.36	19.95	18.82	31.87	0.00	0.00
GCC	70	23.68	20.68	21.59	34.06	0.00	0.00
GCC	71	27.76	21.35	23.28	27.60	0.00	0.00
GCC	72	25.34	22.28	23.95	28.43	0.00	0.00
GCC	73	23.62	25.36	21.72	29.30	0.00	0.00
GCC	74	23.93	23.72	19.04	33.31	0.00	0.00
GCC	75	22.61	23.95	21.78	31.65	0.00	0.00
GCC	76	25.77	23.18	18.80	32.24	0.00	0.00
GCC	77	22.53	23.18	17.72	36.56	0.00	0.00
GCC	78	19.10	21.45	24.66	34.79	0.00	0.00
GCC	79	21.61	25.95	18.31	34.14	0.00	0.00
GCC	80	22.20	24.19	17.23	36.39	0.00	0.00
GCC	81	23.20	21.01	19.53	36.25	0.00	0.00
GCC	82	22.63	18.27	26.56	32.54	0.00	0.00
GCC	83	27.37	19.30	24.35	28.99	0.00	0.00
GCC	84	27.66	16.85	22.00	33.48	0.00	0.00
GCC	85	24.61	20.26	23.36	31.77	0.00	0.00
GCC	86	24.92	25.61	18.86	30.60	0.00	0.00
GCC	87	25.04	24.63	23.95	26.38	0.00	0.00
GCC	88	23.64	18.55	24.09	33.72	0.00	0.00
GCC	89	21.51	21.63	23.80	33.07	0.00	0.00
GCC	90	24.21	20.11	21.21	34.47	0.00	0.00
GCC	91	23.13	21.69	22.43	32.75	0.00	0.00
GCC	92	28.35	20.99	21.25	29.40	0.00	0.00
GCC	93	26.50	20.72	23.95	28.83	0.00	0.00
GCC	94	26.07	17.54	23.05	33.35	0.00	0.00
GCC	95	26.54	23.93	19.48	30.05	0.00	0.00
GCC	96	22.95	23.91	21.23	31.91	0.00	0.00
GCC	97	24.70	21.53	21.21	32.56	0.00	0.00
GCC	98	23.15	21.53	20.70	34.63	0.00	0.00
GCC	99	27.17	20.68	21.59	30.56	0.00	0.00
GCC	100	25.63	21.49	20.40	32.48	0.00	0.00
GCC	101	27.76	21.27	22.49	28.47	0.00	0.00
GCC	102	29.18	23.38	21.23	26.20	0.00	0.00
GCC	103	29.32	24.74	20.48	25.45	0.00	0.00
GCC	104	24.57	24.92	24.92	25.59	0.00	0.00
GCC	105	28.85	24.86	22.83	23.46	0.00	0.00
GCC	106	25.39	28.51	19.89	26.20	0.00	0.00
GCC	107	22.99	27.70	24.98	24.33	0.00	0.00
GCC	108	23.52	21.37	29.24	25.87	0.00	0.00
GCC	109	26.82	20.56	27.53	25.10	0.00	0.00
GCC	110	30.29	21.69	23.03	25.00	0.00	0.00
GCC	111	27.05	19.42	24.51	29.03	0.00	0.00
GCC	112	23.20	21.49	27.66	27.64	0.00	0.00
GCC	113	23.46	20.46	28.69	27.39	0.00	0.00
GCC	114	23.03	22.12	22.51	32.34	0.00	0.00
GCC	115	27.96	19.20	19.49	33.35	0.00	0.00
GCC	116	25.59	22.16	18.21	34.04	0.00	0.00
GCC	117	32.14	22.06	17.62	28.18	0.00	0.00
GCC	118	21.37	22.51	20.09	36.03	0.00	0.00
GCC	119	24.13	22.67	19.51	33.68	0.00	0.00
GCC	120	24.31	20.60	23.91	31.18	0.00	0.00
GCC	121	24.01	21.78	22.47	31.73	0.00	0.00
GCC	122	23.68	21.59	20.34	34.39	0.00	0.00
GCC	123	25.69	18.23	22.38	33.70	0.00	0.00
GCC	124	26.99	20.76	22.10	30.15	0.00	0.00
GCC	125	27.05	17.54	20.24	35.16	0.00	0.00
GCC	126	27.11	21.47	19.18	32.24	0.00	0.00
GCC	127	29.12	19.46	20.44	30.98	0.00	0.00
GCC	128	24.05	20.05	23.24	32.66	0.00	0.00
GCC	129	25.85	17.70	21.37	35.08	0.00	0.00
GCC	130	20.19	22.69	19.75	37.37	0.00	0.00
GCC	131	25.34	22.99	20.66	31.02	0.00	0.00
GCC	132	26.07	24.74	19.59	29.60	0.00	0.00
GCC	133	28.22	24.49	19.59	27.70	0.00	0.00
GCC	134	25.47	23.38	20.82	30.33	0.00	0.00
GCC	135	27.53	22.10	22.00	28.37	0.00	0.00
GCC	136	26.54	22.71	20.07	30.68	0.00	0.00
GCC	137	29.03	22.08	23.52	25.37	0.00	0.00
GCC	138	26.17	20.15	27.67	26.00	0.00	0.00
GCC	139	26.69	17.05	26.93	29.34	0.00	0.00
GCC	140	30.76	19.07	21.94	28.23	0.00	0.00
GCC	141	29.02	17.46	27.88	25.64	0.00	0.00
GCC	142	28.63	18.78	25.25	27.34	0.00	0.00
GCC	143	24.86	20.62	24.44	30.08	0.00	0.00
GCC	144	28.89	18.89	23.52	28.69	0.00	0.00
GCC	145	28.40	21.37	21.07	29.17	0.00	0.00
GCC	146	30.76	22.96	19.75	26.53	0.00	0.00
GCC	147	28.76	19.83	18.83	32.58	0.00	0.00
GCC	148	25.12	23.37	19.73	31.77	0.00	0.00
GCC	149	26.73	23.89	21.16	28.22	0.00	0.00
GCC	150	24.64	27.35	20.78	27.23	0.00	0.00
# ACGT content per cycle for first fragments. Use `grep ^FBC | cut -f 2-` to extract this part. The columns are: cycle; A,C,G,T base counts as a percentage of all A/C/G/T bases [%]; and N and O counts as a percentage of all A/C/G/T bases [%]
FBC	1	13.10	37.29	35.83	13.77	0.00	0.00
FBC	2	20.72	29.12	29.95	20.21	0.00	0.00
FBC	3	19.69	24.70	28.10	27.51	0.00	0.00
FBC	4	20.36	26.68	26.01	26.95	0.00	0.00
FBC	5	20.88	23.05	26.20	29.87	0.00	0.00
FBC	6	21.78	20.68	23.95	33.58	0.00	0.00
FBC	7	24.66	21.15	14.44	39.74	0.00	0.00
FBC	8	25.77	22.81	16.65	34.77	0.00	0.00
FBC	9	22.06	22.53	16.57	38.83	0.00	0.00
FBC	10	24.11	17.84	15.71	42.34	0.00	0.00
FBC	11	24.19	25.41	21.74	28.65	0.00	0.00
FBC	12	22.42	25.93	20.28	31.37	0.00	0.00
FBC	13	27.58	17.92	18.90	35.60	0.00	0.00
FBC	14	27.51	22.57	21.15	28.77	0.00	0.00
FBC	15	23.60	22.34	27.07	26.99	0.00	0.00
FBC	16	29.60	27.39	17.09	25.93	0.00	0.00
FBC	17	33.03	18.86	16.10	32.00	0.00	0.00
FBC	18	33.11	15.55	14.92	36.42	0.00	0.00
FBC	19	22.93	15.51	21.07	40.49	0.00	0.00
FBC	20	23.40	20.21	23.36	33.03	0.00	0.00
FBC	21	20.28	17.36	26.12	36.23	0.00	0.00
FBC	22	23.60	20.01	26.56	29.83	0.00	0.00
FBC	23	26.68	19.46	20.52	33.35	0.00	0.00
FBC	24	20.96	20.64	21.39	37.02	0.00	0.00
FBC	25	26.52	18.75	19.06	35.67	0.00	0.00
FBC	26	23.32	20.32	22.57	33.78	0.00	0.00
FBC	27	21.39	16.81	29.64	32.16	0.00	0.00
FBC	28	28.30	18.31	20.56	32.83	0.00	0.00
FBC	29	32.52	21.43	17.13	28.93	0.00	0.00
FBC	30	30.70	18.67	19.89	30.74	0.00	0.00
FBC	31	23.64	18.43	30.31	27.62	0.00	0.00
FBC	32	33.62	20.48	20.56	25.34	0.00	0.00
FBC	33	22.14	26.84	19.93	31.10	0.00	0.00
FBC	34	23.01	26.36	17.44	33.19	0.00	0.00
FBC	35	23.24	21.43	23.99	31.33	0.00	0.00
FBC	36	25.41	22.06	20.80	31.73	0.00	0.00
FBC	37	21.98	17.80	27.11	33.11	0.00	0.00
FBC	38	25.45	20.05	25.45	29.04	0.00	0.00
FBC	39	24.19	16.85	21.23	37.73	0.00	0.00
FBC	40	22.30	14.44	24.82	38.44	0.00	0.00
FBC	41	21.78	17.32	23.20	37.69	0.00	0.00
FBC	42	25.53	17.96	23.28	33.23	0.00	0.00
FBC	43	22.85	18.15	22.97	36.03	0.00	0.00
FBC	44	26.16	23.28	21.43	29.12	0.00	0.00
FBC	45	22.89	27.66	18.51	30.94	0.00	0.00
FBC	46	25.30	27.03	16.89	30.78	0.00	0.00
FBC	47	31.81	17.52	16.65	34.02	0.00	0.00
FBC	48	30.43	16.89	24.15	28.53	0.00	0.00
FBC	49	23.24	21.78	25.10	29.87	0.00	0.00
FBC	50	22.97	23.05	20.32	33.66	0.00	0.00
FBC	51	26.09	19.18	18.94	35.79	0.00	0.00
FBC	52	35.67	14.56	17.48	32.28	0.00	0.00
FBC	53	32.00	21.67	18.55	27.78	0.00	0.00
FBC	54	24.59	22.57	17.96	34.89	0.00	0.00
FBC	55	23.64	24.78	19.85	31.73	0.00	0.00
FBC	56	31.14	21.59	16.89	30.39	0.00	0.00
FBC	57	32.04	15.98	18.11	33.86	0.00	0.00
FBC	58	32.12	11.44	16.46	39.98	0.00	0.00
FBC	59	31.25	17.01	20.99	30.74	0.00	0.00
FBC	60	24.63	15.43	25.30	34.65	0.00	0.00
FBC	61	25.61	25.45	13.22	35.71	0.00	0.00
FBC	62	31.06	19.77	14.25	34.93	0.00	0.00
FBC	63	26.24	24.11	14.84	34.81	0.00	0.00
FBC	64	21.59	22.53	15.31	40.57	0.00	0.00
FBC	65	23.28	29.04	12.15	35.52	0.00	0.00
FBC	66	22.38	21.98	12.79	42.86	0.00	0.00
FBC	67	22.02	22.22	17.05	38.71	0.00	0.00
FBC	68	21.15	24.63	21.51	32.72	0.00	0.00
FBC	69	29.32	18.71	17.92	34.06	0.00	0.00
FBC	70	23.88	21.07	18.82	36.23	0.00	0.00
FBC	71	27.11	22.22	24.07	26.60	0.00	0.00
FBC	72	26.52	22.81	24.19	26.48	0.00	0.00
FBC	73	20.56	29.28	18.03	32.12	0.00	0.00
FBC	74	20.96	27.55	17.76	33.74	0.00	0.00
FBC	75	21.39	25.69	18.75	34.18	0.00	0.00
FBC	76	23.60	23.32	16.81	36.27	0.00	0.00
FBC	77	22.06	23.28	13.73	40.92	0.00	0.00
FBC	78	17.92	25.06	22.38	34.65	0.00	0.00
FBC	79	21.47	24.39	18.43	35.71	0.00	0.00
FBC	80	19.42	25.06	18.23	37.29	0.00	0.00
FBC	81	19.97	18.90	20.72	40.41	0.00	0.00
FBC	82	23.68	18.03	25.34	32.95	0.00	0.00
FBC	83	31.85	17.56	25.30	25.30	0.00	0.00
FBC	84	26.24	14.36	23.16	36.23	0.00	0.00
FBC	85	24.19	20.24	21.51	34.06	0.00	0.00
FBC	86	27.47	26.09	15.43	31.02	0.00	0.00
FBC	87	22.61	27.47	25.10	24.82	0.00	0.00
FBC	88	24.07	17.52	22.26	36.15	0.00	0.00
FBC	89	20.84	21.11	23.40	34.65	0.00	0.00
FBC	90	24.07	20.52	22.81	32.60	0.00	0.00
FBC	91	22.77	23.20	22.69	31.33	0.00	0.00
FBC	92	31.41	22.30	19.22	27.07	0.00	0.00
FBC	93	28.69	20.32	20.76	30.23	0.00	0.00
FBC	94	27.74	16.61	21.19	34.45	0.00	0.00
FBC	95	26.32	25.69	15.47	32.52	0.00	0.00
FBC	96	21.27	22.10	17.44	39.19	0.00	0.00
FBC	97	23.76	20.96	15.31	39.98	0.00	0.00
FBC	98	24.86	23.72	15.19	36.23	0.00	0.00
FBC	99	28.81	22.10	16.42	32.68	0.00	0.00
FBC	100	24.98	22.14	18.07	34.81	0.00	0.00
FBC	101	33.82	20.13	20.52	25.53	0.00	0.00
FBC	102	35.36	23.64	20.01	20.99	0.00	0.00
FBC	103	32.79	27.03	21.70	18.47	0.00	0.00
FBC	104	22.93	29.60	26.64	20.84	0.00	0.00
FBC	105	30.94	29.44	21.55	18.07	0.00	0.00
FBC	106	25.37	32.36	20.99	21.27	0.00	0.00
FBC	107	22.14	31.61	25.57	20.68	0.00	0.00
FBC	108	24.70	21.55	33.43	20.32	0.00	0.00
FBC	109	27.58	21.63	30.23	20.56	0.00	0.00
FBC	110	31.93	22.26	24.15	21.67	0.00	0.00
FBC	111	25.77	19.69	25.30	29.24	0.00	0.00
FBC	112	21.67	19.73	33.19	25.41	0.00	0.00
FBC	113	24.11	20.40	36.35	19.14	0.00	0.00
FBC	114	23.52	22.97	23.64	29.87	0.00	0.00
FBC	115	27.86	16.97	18.94	36.23	0.00	0.00
FBC	116	32.00	18.11	17.52	32.36	0.00	0.00
FBC	117	36.94	19.02	16.69	27.35	0.00	0.00
FBC	118	23.91	20.05	15.94	40.09	0.00	0.00
FBC	119	22.18	23.05	18.27	36.50	0.00	0.00
FBC	120	24.39	23.88	27.03	24.70	0.00	0.00
FBC	121	23.95	20.64	23.84	31.57	0.00	0.00
FBC	122	20.96	20.28	23.95	34.81	0.00	0.00
FBC	123	26.48	15.27	22.02	36.23	0.00	0.00
FBC	124	32.00	17.01	22.38	28.61	0.00	0.00
FBC	125	30.51	15.90	20.76	32.83	0.00	0.00
FBC	126	29.20	21.63	18.94	30.23	0.00	0.00
FBC	127	30.74	16.65	19.97	32.64	0.00	0.00
FBC	128	28.14	17.84	20.56	33.46	0.00	0.00
FBC	129	25.57	13.77	18.47	42.19	0.00	0.00
FBC	130	19.10	21.19	19.14	40.57	0.00	0.00
FBC	131	26.05	21.19	18.78	33.98	0.00	0.00
FBC	132	26.84	27.23	19.85	26.09	0.00	0.00
FBC	133	28.49	26.99	18.82	25.69	0.00	0.00
FBC	134	26.09	24.78	21.70	27.43	0.00	0.00
FBC	135	29.64	20.05	24.11	26.20	0.00	0.00
FBC	136	27.15	23.28	21.78	27.78	0.00	0.00
FBC	137	30.47	19.02	28.26	22.26	0.00	0.00
FBC	138	24.47	17.44	35.04	23.05	0.00	0.00
FBC	139	30.19	13.61	31.97	24.23	0.00	0.00
FBC	140	36.39	13.97	25.06	24.59	0.00	0.00
FBC	141	28.45	17.60	33.23	20.72	0.00	0.00
FBC	142	27.90	17.52	30.15	24.43	0.00	0.00
FBC	143	23.01	21.35	27.86	27.78	0.00	0.00
FBC	144	33.11	14.36	26.09	26.44	0.00	0.00
FBC	145	27.86	20.99	23.56	27.58	0.00	0.00
FBC	146	32.08	21.74	20.48	25.69	0.00	0.00
FBC	147	27.49	18.28	18.28	35.96	0.00	0.00
FBC	148	25.12	21.47	18.38	35.03	0.00	0.00
FBC	149	26.61	24.44	21.91	27.05	0.00	0.00
FBC	150	26.52	32.02	18.14	23.31	0.00	0.00
# ACGT content per cycle for last fragments. Use `grep ^LBC | cut -f 2-` to extract this part. The columns are: cycle; A,C,G,T base counts as a percentage of all A/C/G/T bases [%]; and N and O counts as a percentage of all A/C/G/T bases [%]
LBC	1	27.98	28.49	27.98	15.55	0.00	0.00
LBC	2	29.32	15.63	20.88	34.18	0.00	0.00
LBC	3	29.04	20.13	19.81	31.02	0.00	0.00
LBC	4	28.57	23.32	24.63	23.48	0.00	0.00
LBC	5	35.32	17.05	29.48	18.15	0.00	0.00
LBC	6	39.70	17.52	19.30	23.48	0.00	0.00
LBC	7	23.76	17.76	20.44	38.04	0.00	0.00
LBC	8	24.51	21.03	20.13	34.33	0.00	0.00
LBC	9	26.24	23.01	16.42	34.33	0.00	0.00
LBC	10	39.54	16.85	21.55	22.06	0.00	0.00
LBC	11	31.73	18.43	23.88	25.97	0.00	0.00
LBC	12	25.30	23.99	26.16	24.55	0.00	0.00
LBC	13	29.68	22.65	20.24	27.43	0.00	0.00
LBC	14	29.48	21.27	20.64	28.61	0.00	0.00
LBC	15	24.63	22.69	23.88	28.81	0.00	0.00
LBC	16	32.56	17.09	24.51	25.85	0.00	0.00
LBC	17	20.88	21.35	23.52	34.25	0.00	0.00
LBC	18	25.73	18.63	18.00	37.65	0.00	0.00
LBC	19	26.84	22.93	21.90	28.33	0.00	0.00
LBC	20	28.02	21.63	22.34	28.02	0.00	0.00
LBC	21	24.55	20.09	26.72	28.65	0.00	0.00
LBC	22	24.15	23.13	27.43	25.30	0.00	0.00
LBC	23	28.33	20.40	19.89	31.37	0.00	0.00
LBC	24	29.95	23.76	20.72	25.57	0.00	0.00
LBC	25	27.03	23.32	23.20	26.44	0.00	0.00
LBC	26	27.86	21.27	22.42	28.45	0.00	0.00
LBC	27	19.93	25.81	24.19	30.07	0.00	0.00
LBC	28	23.40	24.70	20.44	31.45	0.00	0.00
LBC	29	28.45	25.02	17.68	28.85	0.00	0.00
LBC	30	23.28	25.69	22.14	28.89	0.00	0.00
LBC	31	31.85	22.85	24.47	20.84	0.00	0.00
LBC	32	29.36	17.72	25.34	27.58	0.00	0.00
LBC	33	29.48	19.49	23.05	27.98	0.00	0.00
LBC	34	29.87	21.51	21.31	27.31	0.00	0.00
LBC	35	28.93	22.69	20.92	27.47	0.00	0.00
LBC	36	25.69	20.52	25.30	28.49	0.00	0.00
LBC	37	25.49	22.10	25.02	27.39	0.00	0.00
LBC	38	27.74	23.60	17.72	30.94	0.00	0.00
LBC	39	27.39	22.81	21.19	28.61	0.00	0.00
LBC	40	26.44	17.92	23.09	32.56	0.00	0.00
LBC	41	28.57	20.56	21.31	29.56	0.00	0.00
LBC	42	27.66	22.85	22.02	27.47	0.00	0.00
LBC	43	25.77	22.57	21.43	30.23	0.00	0.00
LBC	44	22.77	25.41	23.80	28.02	0.00	0.00
LBC	45	22.30	26.40	22.69	28.61	0.00	0.00
LBC	46	25.06	22.38	26.80	25.77	0.00	0.00
LBC	47	18.75	23.56	25.14	32.56	0.00	0.00
LBC	48	27.58	19.38	17.80	35.24	0.00	0.00
LBC	49	25.69	22.06	20.68	31.57	0.00	0.00
LBC	50	25.06	22.38	23.36	29.20	0.00	0.00
LBC	51	21.70	19.06	23.99	35.24	0.00	0.00
LBC	52	23.80	23.48	25.26	27.47	0.00	0.00
LBC	53	21.03	21.63	27.74	29.60	0.00	0.00
LBC	54	21.19	24.03	24.03	30.74	0.00	0.00
LBC	55	24.27	21.43	26.09	28.22	0.00	0.00
LBC	56	21.63	22.69	26.68	29.01	0.00	0.00
LBC	57	20.80	23.88	28.02	27.31	0.00	0.00
LBC	58	27.11	23.36	20.72	28.81	0.00	0.00
LBC	59	20.92	22.02	27.11	29.95	0.00	0.00
LBC	60	24.51	22.38	23.40	29.72	0.00	0.00
LBC	61	28.93	21.94	22.97	26.16	0.00	0.00
LBC	62	24.90	25.34	21.94	27.82	0.00	0.00
LBC	63	21.86	23.32	27.86	26.95	0.00	0.00
LBC	64	24.11	23.99	23.68	28.22	0.00	0.00
LBC	65	25.41	25.85	21.11	27.62	0.00	0.00
LBC	66	26.20	21.43	24.15	28.22	0.00	0.00
LBC	67	25.22	24.78	25.06	24.94	0.00	0.00
LBC	68	27.78	17.32	26.12	28.77	0.00	0.00
LBC	69	29.40	21.19	19.73	29.68	0.00	0.00
LBC	70	23.48	20.28	24.35	31.89	0.00	0.00
LBC	71	28.41	20.48	22.49	28.61	0.00	0.00
LBC	72	24.15	21.74	23.72	30.39	0.00	0.00
LBC	73	26.68	21.43	25.41	26.48	0.00	0.00
LBC	74	26.91	19.89	20.32	32.87	0.00	0.00
LBC	75	23.84	22.22	24.82	29.12	0.00	0.00
LBC	76	27.94	23.05	20.80	28.22	0.00	0.00
LBC	77	23.01	23.09	21.70	32.20	0.00	0.00
LBC	78	20.28	17.84	26.95	34.93	0.00	0.00
LBC	79	21.74	27.51	18.19	32.56	0.00	0.00
LBC	80	24.98	23.32	16.22	35.48	0.00	0.00
LBC	81	26.44	23.13	18.35	32.08	0.00	0.00
LBC	82	21.59	18.51	27.78	32.12	0.00	0.00
LBC	83	22.89	21.03	23.40	32.68	0.00	0.00
LBC	84	29.08	19.34	20.84	30.74	0.00	0.00
LBC	85	25.02	20.28	25.22	29.48	0.00	0.00
LBC	86	22.38	25.14	22.30	30.19	0.00	0.00
LBC	87	27.47	21.78	22.81	27.94	0.00	0.00
LBC	88	23.20	19.57	25.93	31.29	0.00	0.00
LBC	89	22.18	22.14	24.19	31.49	0.00	0.00
LBC	90	24.35	19.69	19.61	36.35	0.00	0.00
LBC	91	23.48	20.17	22.18	34.18	0.00	0.00
LBC	92	25.30	19.69	23.28	31.73	0.00	0.00
LBC	93	24.31	21.11	27.15	27.43	0.00	0.00
LBC	94	24.39	18.47	24.90	32.24	0.00	0.00
LBC	95	26.76	22.18	23.48	27.58	0.00	0.00
LBC	96	24.63	25.73	25.02	24.63	0.00	0.00
LBC	97	25.65	22.10	27.11	25.14	0.00	0.00
LBC	98	21.43	19.34	26.20	33.03	0.00	0.00
LBC	99	25.53	19.26	26.76	28.45	0.00	0.00
LBC	100	26.28	20.84	22.73	30.15	0.00	0.00
LBC	101	21.70	22.42	24.47	31.41	0.00	0.00
LBC	102	23.01	23.13	22.45	31.41	0.00	0.00
LBC	103	25.85	22.45	19.26	32.44	0.00	0.00
LBC	104	26.20	20.24	23.20	30.35	0.00	0.00
LBC	105	26.76	20.28	24.11	28.85	0.00	0.00
LBC	106	25.41	24.66	18.78	31.14	0.00	0.00
LBC	107	23.84	23.80	24.39	27.98	0.00	0.00
LBC	108	22.34	21.19	25.06	31.41	0.00	0.00
LBC	109	26.05	19.49	24.82	29.64	0.00	0.00
LBC	110	28.65	21.11	21.90	28.33	0.00	0.00
LBC	111	28.33	19.14	23.72	28.81	0.00	0.00
LBC	112	24.74	23.24	22.14	29.87	0.00	0.00
LBC	113	22.81	20.52	21.03	35.64	0.00	0.00
LBC	114	22.53	21.27	21.39	34.81	0.00	0.00
LBC	115	28.06	21.43	20.05	30.47	0.00	0.00
LBC	116	19.18	26.20	18.90	35.71	0.00	0.00
LBC	117	27.35	25.10	18.55	29.01	0.00	0.00
LBC	118	18.82	24.98	24.23	31.97	0.00	0.00
LBC	119	26.09	22.30	20.76	30.86	0.00	0.00
LBC	120	24.23	17.32	20.80	37.65	0.00	0.00
LBC	121	24.07	22.93	21.11	31.89	0.00	0.00
LBC	122	26.40	22.89	16.73	33.98	0.00	0.00
LBC	123	24.90	21.19	22.73	31.18	0.00	0.00
LBC	124	21.98	24.51	21.82	31.69	0.00	0.00
LBC	125	23.60	19.18	19.73	37.49	0.00	0.00
LBC	126	25.02	21.31	19.42	34.25	0.00	0.00
LBC	127	27.51	22.26	20.92	29.32	0.00	0.00
LBC	128	19.97	22.26	25.93	31.85	0.00	0.00
LBC	129	26.12	21.63	24.27	27.98	0.00	0.00
LBC	130	21.27	24.19	20.36	34.18	0.00	0.00
LBC	131	24.63	24.78	22.53	28.06	0.00	0.00
LBC	132	25.30	22.26	19.34	33.11	0.00	0.00
LBC	133	27.94	21.98	20.36	29.72	0.00	0.00
LBC	134	24.86	21.98	19.93	33.23	0.00	0.00
LBC	135	25.41	24.15	19.89	30.54	0.00	0.00
LBC	136	25.93	22.14	18.35	33.58	0.00	0.00
LBC	137	27.58	25.14	18.78	28.49	0.00	0.00
LBC	138	27.88	22.87	20.30	28.95	0.00	0.00
LBC	139	23.18	20.49	21.88	34.45	0.00	0.00
LBC	140	25.11	24.20	18.81	31.88	0.00	0.00
LBC	141	29.60	17.31	22.50	30.59	0.00	0.00
LBC	142	29.36	20.05	20.32	30.27	0.00	0.00
LBC	143	26.71	19.90	21.01	32.38	0.00	0.00
LBC	144	24.64	23.45	20.95	30.96	0.00	0.00
LBC	145	28.93	21.74	18.56	30.76	0.00	0.00
LBC	146	29.44	24.18	19.01	27.37	0.00	0.00
LBC	147	30.05	21.39	19.39	29.17	0.00	0.00
LBC	148	25.12	25.28	21.10	28.50	0.00	0.00
LBC	149	26.85	23.35	20.41	29.39	0.00	0.00
LBC	150	22.75	22.67	23.43	31.16	0.00	0.00
# Insert sizes. Use `grep ^IS | cut -f 2-` to extract this part. The columns are: insert size, pairs total, inward oriented pairs, outward oriented pairs, other pairs
IS	0	1	0	1	0
IS	1	0	0	0	0
IS	2	0	0	0	0
IS	3	0	0	0	0
IS	4	0	0	0	0
IS	5	0	0	0	0
IS	6	0	0	0	0
IS	7	0	0	0	0
IS	8	0	0	0	0
IS	9	0	0	0	0
IS	10	0	0	0	0
IS	11	0	0	0	0
IS	12	0	0	0	0
IS	13	0	0	0	0
IS	14	0	0	0	0
IS	15	0	0	0	0
IS	16	0	0	0	0
IS	17	0	0	0	0
IS	18	0	0	0	0
IS	19	0	0	0	0
IS	20	0	0	0	0
IS	21	0	0	0	0
IS	22	0	0	0	0
IS	23	0	0	0	0
IS	24	0	0	0	0
IS	25	0	0	0	0
IS	26	0	0	0	0
IS	27	0	0	0	0
IS	28	0	0	0	0
IS	29	0	0	0	0
IS	30	0	0	0	0
IS	31	0	0	0	0
IS	32	0	0	0	0
IS	33	0	0	0	0
IS	34	0	0	0	0
IS	35	0	0	0	0
IS	36	0	0	0	0
IS	37	0	0	0	0
IS	38	0	0	0	0
IS	39	0	0	0	0
IS	40	0	0	0	0
IS	41	0	0	0	0
IS	42	0	0	0	0
IS	43	0	0	0	0
IS	44	0	0	0	0
IS	45	0	0	0	0
IS	46	0	0	0	0
IS	47	0	0	0	0
IS	48	0	0	0	0
IS	49	0	0	0	0
IS	50	0	0	0	0
IS	51	0	0	0	0
IS	52	0	0	0	0
IS	53	0	0	0	0
IS	54	0	0	0	0
IS	55	0	0	0	0
IS	56	0	0	0	0
IS	57	0	0	0	0
IS	58	0	0	0	0
IS	59	0	0	0	0
IS	60	0	0	0	0
IS	61	0	0	0	0
IS	62	0	0	0	0
IS	63	0	0	0	0
IS	64	0	0	0	0
IS	65	0	0	0	0
IS	66	0	0	0	0
IS	67	0	0	0	0
IS	68	0	0	0	0
IS	69	0	0	0	0
IS	70	0	0	0	0
IS	71	0	0	0	0
IS	72	0	0	0	0
IS	73	0	0	0	0
IS	74	0	0	0	0
IS	75	0	0	0	0
IS	76	0	0	0	0
IS	77	0	0	0	0
IS	78	0	0	0	0
IS	79	0	0	0	0
IS	80	0	0	0	0
IS	81	0	0	0	0
IS	82	0	0	0	0
IS	83	0	0	0	0
IS	84	0	0	0	0
IS	85	0	0	0	0
IS	86	0	0	0	0
IS	87	0	0	0	0
IS	88	0	0	0	0
IS	89	0	0	0	0
IS	90	0	0	0	0
IS	91	0	0	0	0
IS	92	0	0	0	0
IS	93	0	0	0	0
IS	94	0	0	0	0
IS	95	0	0	0	0
IS	96	0	0	0	0
IS	97	0	0	0	0
IS	98	0	0	0	0
IS	99	0	0	0	0
IS	100	0	0	0	0
IS	101	0	0	0	0
IS	102	0	0	0	0
IS	103	0	0	0	0
IS	104	0	0	0	0
IS	105	0	0	0	0
IS	106	0	0	0	0
IS	107	0	0	0	0
IS	108	0	0	0	0
IS	109	0	0	0	0
IS	110	0	0	0	0
IS	111	0	0	0	0
IS	112	0	0	0	0
IS	113	0	0	0	0
IS	114	0	0	0	0
IS	115	0	0	0	0
IS	116	0	0	0	0
IS	117	0	0	0	0
IS	118	0	0	0	0
IS	119	0	0	0	0
IS	120	0	0	0	0
IS	121	0	0	0	0
IS	122	0	0	0	0
IS	123	0	0	0	0
IS	124	0	0	0	0
IS	125	0	0	0	0
IS	126	0	0	0	0
IS	127	0	0	0	0
IS	128	0	0	0	0
IS	129	0	0	0	0
IS	130	0	0	0	0
IS	131	0	0	0	0
IS	132	0	0	0	0
IS	133	0	0	0	0
IS	134	0	0	0	0
IS	135	0	0	0	0
IS	136	0	0	0	0
IS	137	0	0	0	0
IS	138	0	0	0	0
IS	139	0	0	0	0
IS	140	0	0	0	0
IS	141	0	0	0	0
IS	142	0	0	0	0
IS	143	0	0	0	0
IS	144	0	0	0	0
IS	145	0	0	0	0
IS	146	0	0	0	0
IS	147	0	0	0	0
IS	148	0	0	0	0
IS	149	0	0	0	0
IS	150	0	0	0	0
IS	151	6	1	5	0
IS	152	26	1	25	0
IS	153	4	1	3	0
IS	154	4	2	2	0
IS	155	4	4	0	0
IS	156	1	1	0	0
IS	157	1	1	0	0
IS	158	3	3	0	0
IS	159	0	0	0	0
IS	160	8	8	0	0
IS	161	3	3	0	0
IS	162	1	1	0	0
IS	163	2	2	0	0
IS	164	1	1	0	0
IS	165	1	1	0	0
IS	166	6	5	1	0
IS	167	6	6	0	0
IS	168	5	5	0	0
IS	169	5	5	0	0
IS	170	5	4	1	0
IS	171	9	9	0	0
IS	172	3	3	0	0
IS	173	6	6	0	0
IS	174	4	4	0	0
IS	175	3	3	0	0
IS	176	4	4	0	0
IS	177	7	7	0	0
IS	178	7	7	0	0
IS	179	5	5	0	0
IS	180	14	14	0	0
IS	181	9	9	0	0
IS	182	11	11	0	0
IS	183	4	4	0	0
IS	184	6	6	0	0
IS	185	11	11	0	0
IS	186	7	7	0	0
IS	187	5	5	0	0
IS	188	16	16	0	0
IS	189	4	4	0	0
IS	190	6	6	0	0
IS	191	3	3	0	0
IS	192	1	1	0	0
IS	193	9	9	0	0
IS	194	2	2	0	0
IS	195	4	4	0	0
IS	196	8	8	0	0
IS	197	12	12	0	0
IS	198	11	11	0	0
IS	199	13	13	0	0
IS	200	13	13	0	0
IS	201	7	7	0	0
IS	202	1	1	0	0
IS	203	12	12	0	0
IS	204	1	1	0	0
IS	205	6	6	0	0
IS	206	9	9	0	0
IS	207	11	11	0	0
IS	208	4	4	0	0
IS	209	12	12	0	0
IS	210	10	10	0	0
IS	211	13	13	0	0
IS	212	18	18	0	0
IS	213	23	23	0	0
IS	214	9	9	0	0
IS	215	11	11	0	0
IS	216	8	8	0	0
IS	217	6	6	0	0
IS	218	3	3	0	0
IS	219	7	7	0	0
IS	220	9	9	0	0
IS	221	5	5	0	0
IS	222	7	7	0	0
IS	223	5	5	0	0
IS	224	12	12	0	0
IS	225	3	3	0	0
IS	226	4	4	0	0
IS	227	7	7	0	0
IS	228	5	5	0	0
IS	229	11	11	0	0
IS	230	4	4	0	0
IS	231	9	9	0	0
IS	232	4	4	0	0
IS	233	14	14	0	0
IS	234	6	6	0	0
IS	235	12	12	0	0
IS	236	1	1	0	0
IS	237	4	4	0	0
IS	238	9	9	0	0
IS	239	8	8	0	0
IS	240	9	9	0	0
IS	241	4	4	0	0
IS	242	5	5	0	0
IS	243	5	5	0	0
IS	244	5	5	0	0
IS	245	8	8	0	0
IS	246	3	3	0	0
IS	247	3	3	0	0
IS	248	4	4	0	0
IS	249	9	9	0	0
IS	250	15	15	0	0
IS	251	2	2	0	0
IS	252	8	8	0	0
IS	253	9	9	0	0
IS	254	1	1	0	0
IS	255	1	1	0	0
IS	256	1	1	0	0
IS	257	3	3	0	0
IS	258	7	7	0	0
IS	259	3	3	0	0
IS	260	8	8	0	0
IS	261	5	5	0	0
IS	262	4	4	0	0
IS	263	0	0	0	0
IS	264	3	3	0	0
IS	265	2	2	0	0
IS	266	4	4	0	0
IS	267	3	3	0	0
IS	268	2	2	0	0
IS	269	2	2	0	0
IS	270	4	4	0	0
IS	271	3	3	0	0
IS	272	1	1	0	0
IS	273	1	1	0	0
IS	274	6	6	0	0
IS	275	0	0	0	0
IS	276	4	4	0	0
IS	277	3	3	0	0
IS	278	1	1	0	0
IS	279	1	1	0	0
IS	280	1	1	0	0
IS	281	2	2	0	0
IS	282	1	1	0	0
IS	283	2	2	0	0
IS	284	3	3	0	0
IS	285	1	1	0	0
IS	286	2	2	0	0
IS	287	0	0	0	0
IS	288	5	5	0	0
IS	289	0	0	0	0
IS	290	2	2	0	0
IS	291	2	2	0	0
IS	292	1	1	0	0
IS	293	0	0	0	0
IS	294	2	2	0	0
IS	295	2	2	0	0
IS	296	1	1	0	0
IS	297	0	0	0	0
IS	298	4	4	0	0
IS	299	0	0	0	0
IS	300	0	0	0	0
IS	301	0	0	0	0
IS	302	0	0	0	0
IS	303	1	1	0	0
IS	304	0	0	0	0
IS	305	0	0	0	0
IS	306	0	0	0	0
IS	307	0	0	0	0
IS	308	1	1	0	0
IS	309	0	0	0	0
IS	310	1	1	0	0
IS	311	0	0	0	0
IS	312	0	0	0	0
IS	313	0	0	0	0
IS	314	0	0	0	0
IS	315	0	0	0	0
IS	316	0	0	0	0
IS	317	0	0	0	0
IS	318	0	0	0	0
IS	319	2	2	0	0
IS	320	0	0	0	0
IS	321	0	0	0	0
IS	322	0	0	0	0
IS	323	0	0	0	0
IS	324	1	1	0	0
IS	325	0	0	0	0
IS	326	0	0	0	0
IS	327	0	0	0	0
IS	328	1	1	0	0
IS	329	0	0	0	0
IS	330	0	0	0	0
IS	331	3	3	0	0
IS	332	0	0	0	0
IS	333	0	0	0	0
IS	334	0	0	0	0
IS	335	0	0	0	0
IS	336	0	0	0	0
IS	337	0	0	0	0
IS	338	0	0	0	0
IS	339	0	0	0	0
IS	340	0	0	0	0
IS	341	0	0	0	0
IS	342	0	0	0	0
IS	343	1	1	0	0
IS	344	0	0	0	0
IS	345	1	1	0	0
IS	346	0	0	0	0
IS	347	2	2	0	0
IS	348	0	0	0	0
IS	349	1	1	0	0
IS	350	0	0	0	0
IS	351	0	0	0	0
IS	352	2	2	0	0
IS	353	0	0	0	0
IS	354	2	2	0	0
IS	355	1	1	0	0
IS	356	2	2	0	0
IS	357	0	0	0	0
IS	358	0	0	0	0
IS	359	0	0	0	0
IS	360	0	0	0	0
IS	361	0	0	0	0
IS	362	0	0	0	0
IS	363	0	0	0	0
IS	364	2	2	0	0
IS	365	0	0	0	0
IS	366	0	0	0	0
IS	367	0	0	0	0
IS	368	0	0	0	0
IS	369	0	0	0	0
IS	370	0	0	0	0
IS	371	0	0	0	0
IS	372	0	0	0	0
IS	373	0	0	0	0
IS	374	2	2	0	0
IS	375	0	0	0	0
IS	376	1	1	0	0
IS	377	0	0	0	0
IS	378	0	0	0	0
IS	379	0	0	0	0
IS	380	0	0	0	0
IS	381	0	0	0	0
IS	382	0	0	0	0
IS	383	0	0	0	0
IS	384	1	1	0	0
IS	385	0	0	0	0
IS	386	0	0	0	0
IS	387	0	0	0	0
IS	388	0	0	0	0
IS	389	0	0	0	0
IS	390	0	0	0	0
IS	391	0	0	0	0
IS	392	4	4	0	0
IS	393	0	0	0	0
IS	394	0	0	0	0
IS	395	0	0	0	0
IS	396	0	0	0	0
IS	397	0	0	0	0
IS	398	0	0	0	0
IS	399	2	2	0	0
# Read lengths. Use `grep ^RL | cut -f 2-` to extract this part. The columns are: read length, count
RL	137	2
RL	138	4
RL	139	3
RL	140	1
RL	142	1
RL	143	7
RL	145	2
RL	146	14
RL	147	58
RL	150	4976
# Read lengths - first fragments. Use `grep ^FRL | cut -f 2-` to extract this part. The columns are: read length, count
FRL	146	6
FRL	147	36
FRL	150	2492
# Read lengths - last fragments. Use `grep ^LRL | cut -f 2-` to extract this part. The columns are: read length, count
LRL	137	2
LRL	138	4
LRL	139	3
LRL	140	1
LRL	142	1
LRL	143	7
LRL	145	2
LRL	146	8
LRL	147	22
LRL	150	2484
# Indel distribution. Use `grep ^ID | cut -f 2-` to extract this part. The columns are: length, number of insertions, number of deletions
ID	1	3	1308
ID	2	0	3
ID	3	0	1
# Indels per cycle. Use `grep ^IC | cut -f 2-` to extract this part. The columns are: cycle, number of insertions (fwd), .. (rev) , number of deletions (fwd), .. (rev)
IC	21	0	0	0	2
IC	22	0	0	0	2
IC	24	0	0	1	0
IC	26	0	0	4	2
IC	27	0	0	4	2
IC	28	0	1	2	0
IC	29	0	0	5	4
IC	31	0	0	6	1
IC	32	0	0	1	1
IC	33	0	1	0	0
IC	34	0	0	6	0
IC	36	0	0	0	1
IC	38	0	0	0	1
IC	39	0	0	0	1
IC	40	0	0	1	0
IC	41	0	0	1	0
IC	42	0	0	0	1
IC	44	0	0	16	0
IC	45	0	0	12	0
IC	46	0	0	4	0
IC	48	0	0	2	0
IC	50	0	0	0	1
IC	52	0	0	0	3
IC	53	0	0	0	3
IC	54	0	0	2	3
IC	55	0	0	0	5
IC	59	0	0	0	2
IC	60	0	0	0	1
IC	61	0	0	1	5
IC	62	0	0	1	3
IC	63	0	0	0	10
IC	64	0	0	0	3
IC	65	0	0	2	4
IC	67	0	0	5	0
IC	68	0	0	2	3
IC	69	0	0	1	2
IC	70	0	0	27	1
IC	71	0	0	6	2
IC	72	0	0	22	3
IC	73	0	0	1	0
IC	74	0	0	39	0
IC	75	0	0	20	0
IC	76	0	0	21	2
IC	77	0	0	7	0
IC	78	0	0	3	1
IC	79	0	0	14	5
IC	80	0	0	17	0
IC	81	0	0	84	3
IC	82	0	0	42	1
IC	83	0	0	22	13
IC	84	0	0	22	11
IC	85	0	0	26	2
IC	86	0	0	24	3
IC	87	0	0	3	3
IC	88	0	0	14	5
IC	89	0	0	1	5
IC	91	0	0	0	2
IC	92	0	0	3	0
IC	93	0	0	3	1
IC	94	0	0	11	10
IC	95	0	0	17	10
IC	96	0	0	10	16
IC	97	0	0	7	38
IC	98	0	0	3	8
IC	99	0	0	0	14
IC	100	0	0	2	0
IC	101	0	0	0	1
IC	102	0	0	2	2
IC	103	0	0	2	0
IC	104	0	0	3	20
IC	105	0	0	0	5
IC	106	0	0	0	2
IC	107	0	0	2	0
IC	108	0	0	5	2
IC	109	0	0	1	2
IC	110	0	0	2	9
IC	111	0	0	39	3
IC	112	0	0	9	0
IC	113	0	0	36	1
IC	114	1	0	84	4
IC	115	0	0	171	4
IC	116	0	0	68	1
IC	117	0	0	2	1
IC	118	0	0	7	1
IC	119	0	0	9	0
IC	120	0	0	0	14
IC	121	0	0	0	2
IC	122	0	0	0	2
IC	123	0	0	0	9
IC	126	0	0	1	1
IC	127	0	0	0	2
IC	128	0	0	0	2
IC	129	0	0	0	1
IC	132	0	0	0	2
IC	133	0	0	0	1
# Coverage distribution. Use `grep ^COV | cut -f 2-` to extract this part.
COV	[1-1]	1	29
COV	[2-2]	2	149
COV	[3-3]	3	49
COV	[4-4]	4	26
COV	[5-5]	5	140
COV	[6-6]	6	49
COV	[7-7]	7	33
COV	[8-8]	8	29
COV	[9-9]	9	45
COV	[10-10]	10	14
COV	[11-11]	11	9
COV	[12-12]	12	55
COV	[13-13]	13	171
COV	[18-18]	18	1
COV	[20-20]	20	2
COV	[21-21]	21	1
COV	[22-22]	22	1
COV	[24-24]	24	3
COV	[32-32]	32	1
COV	[34-34]	34	2
COV	[45-45]	45	1
COV	[46-46]	46	3
COV	[47-47]	47	1
COV	[49-49]	49	1
COV	[50-50]	50	4
COV	[51-51]	51	1
COV	[52-52]	52	1
COV	[55-55]	55	2
COV	[57-57]	57	11
COV	[60-60]	60	15
COV	[61-61]	61	4
COV	[62-62]	62	2
COV	[63-63]	63	4
COV	[64-64]	64	3
COV	[65-65]	65	3
COV	[66-66]	66	2
COV	[67-67]	67	1
COV	[68-68]	68	1
COV	[70-70]	70	7
COV	[71-71]	71	3
COV	[74-74]	74	3
COV	[75-75]	75	1
COV	[76-76]	76	4
COV	[77-77]	77	12
COV	[78-78]	78	3
COV	[79-79]	79	1
COV	[81-81]	81	8
COV	[82-82]	82	21
COV	[85-85]	85	2
COV	[87-87]	87	2
COV	[90-90]	90	1
COV	[92-92]	92	4
COV	[93-93]	93	1
COV	[95-95]	95	2
COV	[96-96]	96	4
COV	[100-100]	100	2
COV	[101-101]	101	3
COV	[104-104]	104	4
COV	[106-106]	106	4
COV	[107-107]	107	1
COV	[108-108]	108	2
COV	[109-109]	109	2
COV	[111-111]	111	1
COV	[114-114]	114	1
COV	[116-116]	116	6
COV	[117-117]	117	2
COV	[118-118]	118	1
COV	[119-119]	119	2
COV	[124-124]	124	1
COV	[127-127]	127	1
COV	[128-128]	128	1
COV	[130-130]	130	4
COV	[131-131]	131	5
COV	[141-141]	141	1
COV	[148-148]	148	5
COV	[262-262]	262	1
COV	[266-266]	266	1
COV	[283-283]	283	1
COV	[321-321]	321	1
COV	[338-338]	338	1
COV	[342-342]	342	1
COV	[344-344]	344	1
COV	[345-345]	345	1
COV	[346-346]	346	1
COV	[359-359]	359	1
COV	[368-368]	368	1
COV	[375-375]	375	1
COV	[376-376]	376	1
COV	[380-380]	380	1
COV	[382-382]	382	1
COV	[391-391]	391	1
COV	[392-392]	392	1
COV	[394-394]	394	2
COV	[397-397]	397	1
COV	[398-398]	398	1
COV	[399-399]	399	1
COV	[410-410]	410	3
COV	[412-412]	412	1
COV	[415-415]	415	1
COV	[418-418]	418	1
COV	[419-419]	419	1
COV	[423-423]	423	1
COV	[427-427]	427	2
COV	[429-429]	429	1
COV	[430-430]	430	1
COV	[431-431]	431	7
COV	[432-432]	432	1
COV	[433-433]	433	2
COV	[434-434]	434	1
COV	[435-435]	435	1
COV	[436-436]	436	1
COV	[437-437]	437	1
COV	[439-439]	439	2
COV	[440-440]	440	2
COV	[441-441]	441	1
COV	[442-442]	442	1
COV	[443-443]	443	1
COV	[444-444]	444	3
COV	[445-445]	445	3
COV	[446-446]	446	1
COV	[447-447]	447	1
COV	[448-448]	448	3
COV	[449-449]	449	1
COV	[453-453]	453	1
COV	[455-455]	455	3
COV	[456-456]	456	1
COV	[457-457]	457	1
COV	[458-458]	458	2
COV	[459-459]	459	2
COV	[460-460]	460	2
COV	[461-461]	461	3
COV	[464-464]	464	3
COV	[466-466]	466	1
COV	[468-468]	468	1
COV	[469-469]	469	1
COV	[470-470]	470	1
COV	[474-474]	474	1
COV	[476-476]	476	1
COV	[479-479]	479	1
COV	[480-480]	480	2
COV	[483-483]	483	2
COV	[484-484]	484	1
COV	[485-485]	485	1
COV	[486-486]	486	1
COV	[487-487]	487	1
COV	[498-498]	498	2
COV	[505-505]	505	1
COV	[508-508]	508	4
COV	[509-509]	509	1
COV	[512-512]	512	1
COV	[515-515]	515	1
COV	[518-518]	518	1
COV	[520-520]	520	1
COV	[525-525]	525	1
COV	[526-526]	526	1
COV	[528-528]	528	1
COV	[530-530]	530	2
COV	[534-534]	534	1
COV	[535-535]	535	1
COV	[538-538]	538	1
COV	[547-547]	547	1
COV	[548-548]	548	1
COV	[549-549]	549	1
COV	[550-550]	550	1
COV	[558-558]	558	1
COV	[561-561]	561	1
COV	[565-565]	565	2
COV	[568-568]	568	2
COV	[570-570]	570	2
COV	[571-571]	571	1
COV	[575-575]	575	1
COV	[580-580]	580	1
COV	[585-585]	585	1
COV	[587-587]	587	1
COV	[589-589]	589	1
COV	[591-591]	591	1
COV	[593-593]	593	1
COV	[595-595]	595	1
COV	[596-596]	596	1
COV	[601-601]	601	1
COV	[602-602]	602	3
COV	[603-603]	603	2
COV	[605-605]	605	2
COV	[609-609]	609	3
COV	[610-610]	610	1
COV	[613-613]	613	2
COV	[615-615]	615	1
COV	[617-617]	617	1
COV	[628-628]	628	1
COV	[630-630]	630	2
COV	[642-642]	642	1
COV	[649-649]	649	1
COV	[650-650]	650	2
COV	[651-651]	651	4
COV	[652-652]	652	2
COV	[653-653]	653	1
COV	[654-654]	654	1
COV	[657-657]	657	1
COV	[664-664]	664	4
COV	[665-665]	665	2
COV	[671-671]	671	3
COV	[672-672]	672	3
COV	[673-673]	673	1
COV	[674-674]	674	1
COV	[675-675]	675	2
COV	[677-677]	677	1
COV	[683-683]	683	1
COV	[688-688]	688	1
COV	[695-695]	695	1
COV	[700-700]	700	1
COV	[701-701]	701	1
COV	[709-709]	709	1
COV	[710-710]	710	1
COV	[712-712]	712	1
COV	[716-716]	716	2
COV	[719-719]	719	1
COV	[726-726]	726	2
COV	[735-735]	735	1
COV	[736-736]	736	1
COV	[737-737]	737	1
COV	[743-743]	743	1
COV	[747-747]	747	2
COV	[751-751]	751	1
COV	[753-753]	753	1
COV	[760-760]	760	1
COV	[762-762]	762	2
COV	[773-773]	773	2
COV	[778-778]	778	1
COV	[781-781]	781	1
COV	[784-784]	784	1
COV	[787-787]	787	1
COV	[788-788]	788	1
COV	[792-792]	792	2
COV	[797-797]	797	1
COV	[800-800]	800	1
COV	[801-801]	801	1
COV	[809-809]	809	1
COV	[811-811]	811	1
COV	[817-817]	817	1
COV	[819-819]	819	1
COV	[823-823]	823	1
COV	[828-828]	828	1
COV	[833-833]	833	1
COV	[835-835]	835	1
COV	[839-839]	839	2
COV	[842-842]	842	2
COV	[845-845]	845	1
COV	[850-850]	850	1
COV	[857-857]	857	1
COV	[867-867]	867	1
COV	[871-871]	871	1
COV	[873-873]	873	1
COV	[876-876]	876	2
COV	[877-877]	877	1
COV	[878-878]	878	2
COV	[879-879]	879	1
COV	[882-882]	882	1
COV	[884-884]	884	3
COV	[885-885]	885	1
COV	[886-886]	886	5
COV	[895-895]	895	1
COV	[906-906]	906	1
COV	[928-928]	928	2
COV	[934-934]	934	1
COV	[935-935]	935	1
COV	[936-936]	936	3
COV	[938-938]	938	1
COV	[939-939]	939	1
COV	[943-943]	943	1
COV	[946-946]	946	1
COV	[947-947]	947	1
COV	[948-948]	948	1
COV	[949-949]	949	1
COV	[950-950]	950	1
COV	[952-952]	952	1
COV	[953-953]	953	1
COV	[954-954]	954	1
COV	[955-955]	955	2
COV	[956-956]	956	1
COV	[959-959]	959	1
COV	[960-960]	960	1
COV	[962-962]	962	3
COV	[963-963]	963	1
COV	[964-964]	964	1
COV	[969-969]	969	1
COV	[970-970]	970	1
COV	[971-971]	971	1
COV	[973-973]	973	1
COV	[974-974]	974	1
COV	[975-975]	975	2
COV	[979-979]	979	1
COV	[980-980]	980	1
COV	[981-981]	981	1
COV	[985-985]	985	1
COV	[990-990]	990	1
COV	[993-993]	993	1
COV	[996-996]	996	1
COV	[998-998]	998	1
COV	[1000<]	1000	235
# GC-depth. Use `grep ^GCD | cut -f 2-` to extract this part. The columns are: GC%, unique sequence percentiles, 10th, 25th, 50th, 75th and 90th depth percentile
GCD	0.0	100.000	0.000	0.000	0.000	0.000	0.000
