# This file was produced by samtools stats (1.9+htslib-1.9) and can be plotted using plot-bamstats
# This file contains statistics for all reads.
# The command line was:  stats -@ 20 amelRNA_3/amelRNA_3_vdv1.bam
# CHK, Checksum	[2]Read Names	[3]Sequences	[4]Qualities
# CHK, CRC32 of reads which passed filtering followed by addition (32bit overflow)
CHK	ab110875	7ba57186	2bf5968f
# Summary Numbers. Use `grep ^SN | cut -f 2-` to extract this part.
SN	raw total sequences:	56246
SN	filtered sequences:	0
SN	sequences:	56246
SN	is sorted:	1
SN	1st fragments:	28414
SN	last fragments:	27832
SN	reads mapped:	52174
SN	reads mapped and paired:	48102	# paired-end technology bit set + both mates mapped
SN	reads unmapped:	4072
SN	reads properly paired:	46584	# proper-pair bit set
SN	reads paired:	56246	# paired-end technology bit set
SN	reads duplicated:	0	# PCR or optical duplicate bit set
SN	reads MQ0:	28	# mapped and MQ=0
SN	reads QC failed:	0
SN	non-primary alignments:	32
SN	total length:	8428756	# ignores clipping
SN	total first fragment length:	4258342	# ignores clipping
SN	total last fragment length:	4170414	# ignores clipping
SN	bases mapped:	7818347	# ignores clipping
SN	bases mapped (cigar):	7758358	# more accurate
SN	bases trimmed:	0
SN	bases duplicated:	0
SN	mismatches:	95959	# from NM fields
SN	error rate:	1.236847e-02	# mismatches / bases mapped (cigar)
SN	average length:	149
SN	average first fragment length:	150
SN	average last fragment length:	150
SN	maximum length:	150
SN	maximum first fragment length:	150
SN	maximum last fragment length:	150
SN	average quality:	36.3
SN	insert size average:	236.5
SN	insert size standard deviation:	43.0
SN	inward oriented pairs:	22992
SN	outward oriented pairs:	501
SN	pairs with other orientation:	0
SN	pairs on different chromosomes:	558
SN	percentage of properly paired reads (%):	82.8
# First Fragment Qualities. Use `grep ^FFQ | cut -f 2-` to extract this part.
# Columns correspond to qualities and rows to cycles. First column is the cycle number.
FFQ	1	0	0	0	0	0	0	0	0	0	0	0	249	0	0	0	0	0	0	0	0	0	0	0	0	0	452	0	0	0	0	0	0	0	0	0	0	0	27713	0
FFQ	2	0	0	1	0	0	0	0	0	0	0	0	220	0	0	0	0	0	0	0	0	0	0	0	0	0	456	0	0	0	0	0	0	0	0	0	0	0	27737	0
FFQ	3	0	0	1	0	0	0	0	0	0	0	0	190	0	0	0	0	0	0	0	0	0	0	0	0	0	397	0	0	0	0	0	0	0	0	0	0	0	27826	0
FFQ	4	0	0	0	0	0	0	0	0	0	0	0	163	0	0	0	0	0	0	0	0	0	0	0	0	0	372	0	0	0	0	0	0	0	0	0	0	0	27879	0
FFQ	5	0	0	0	0	0	0	0	0	0	0	0	141	0	0	0	0	0	0	0	0	0	0	0	0	0	328	0	0	0	0	0	0	0	0	0	0	0	27945	0
FFQ	6	0	0	9	0	0	0	0	0	0	0	0	159	0	0	0	0	0	0	0	0	0	0	0	0	0	393	0	0	0	0	0	0	0	0	0	0	0	27853	0
FFQ	7	0	0	2	0	0	0	0	0	0	0	0	173	0	0	0	0	0	0	0	0	0	0	0	0	0	521	0	0	0	0	0	0	0	0	0	0	0	27718	0
FFQ	8	0	0	4	0	0	0	0	0	0	0	0	178	0	0	0	0	0	0	0	0	0	0	0	0	0	501	0	0	0	0	0	0	0	0	0	0	0	27731	0
FFQ	9	0	0	0	0	0	0	0	0	0	0	0	183	0	0	0	0	0	0	0	0	0	0	0	0	0	422	0	0	0	0	0	0	0	0	0	0	0	27809	0
FFQ	10	0	0	1	0	0	0	0	0	0	0	0	195	0	0	0	0	0	0	0	0	0	0	0	0	0	480	0	0	0	0	0	0	0	0	0	0	0	27738	0
FFQ	11	0	0	1	0	0	0	0	0	0	0	0	202	0	0	0	0	0	0	0	0	0	0	0	0	0	442	0	0	0	0	0	0	0	0	0	0	0	27769	0
FFQ	12	0	0	0	0	0	0	0	0	0	0	0	193	0	0	0	0	0	0	0	0	0	0	0	0	0	455	0	0	0	0	0	0	0	0	0	0	0	27766	0
FFQ	13	0	0	0	0	0	0	0	0	0	0	0	147	0	0	0	0	0	0	0	0	0	0	0	0	0	465	0	0	0	0	0	0	0	0	0	0	0	27802	0
FFQ	14	0	0	0	0	0	0	0	0	0	0	0	164	0	0	0	0	0	0	0	0	0	0	0	0	0	467	0	0	0	0	0	0	0	0	0	0	0	27783	0
FFQ	15	0	0	0	0	0	0	0	0	0	0	0	160	0	0	0	0	0	0	0	0	0	0	0	0	0	460	0	0	0	0	0	0	0	0	0	0	0	27794	0
FFQ	16	0	0	0	0	0	0	0	0	0	0	0	165	0	0	0	0	0	0	0	0	0	0	0	0	0	457	0	0	0	0	0	0	0	0	0	0	0	27792	0
FFQ	17	0	0	0	0	0	0	0	0	0	0	0	148	0	0	0	0	0	0	0	0	0	0	0	0	0	461	0	0	0	0	0	0	0	0	0	0	0	27805	0
FFQ	18	0	0	0	0	0	0	0	0	0	0	0	158	0	0	0	0	0	0	0	0	0	0	0	0	0	489	0	0	0	0	0	0	0	0	0	0	0	27767	0
FFQ	19	0	0	0	0	0	0	0	0	0	0	0	158	0	0	0	0	0	0	0	0	0	0	0	0	0	500	0	0	0	0	0	0	0	0	0	0	0	27756	0
FFQ	20	0	0	0	0	0	0	0	0	0	0	0	173	0	0	0	0	0	0	0	0	0	0	0	0	0	485	0	0	0	0	0	0	0	0	0	0	0	27756	0
FFQ	21	0	0	0	0	0	0	0	0	0	0	0	165	0	0	0	0	0	0	0	0	0	0	0	0	0	445	0	0	0	0	0	0	0	0	0	0	0	27804	0
FFQ	22	0	0	0	0	0	0	0	0	0	0	0	158	0	0	0	0	0	0	0	0	0	0	0	0	0	472	0	0	0	0	0	0	0	0	0	0	0	27784	0
FFQ	23	0	0	0	0	0	0	0	0	0	0	0	157	0	0	0	0	0	0	0	0	0	0	0	0	0	475	0	0	0	0	0	0	0	0	0	0	0	27782	0
FFQ	24	0	0	0	0	0	0	0	0	0	0	0	135	0	0	0	0	0	0	0	0	0	0	0	0	0	484	0	0	0	0	0	0	0	0	0	0	0	27795	0
FFQ	25	0	0	0	0	0	0	0	0	0	0	0	162	0	0	0	0	0	0	0	0	0	0	0	0	0	480	0	0	0	0	0	0	0	0	0	0	0	27772	0
FFQ	26	0	0	0	0	0	0	0	0	0	0	0	195	0	0	0	0	0	0	0	0	0	0	0	0	0	490	0	0	0	0	0	0	0	0	0	0	0	27729	0
FFQ	27	0	0	0	0	0	0	0	0	0	0	0	181	0	0	0	0	0	0	0	0	0	0	0	0	0	498	0	0	0	0	0	0	0	0	0	0	0	27735	0
FFQ	28	0	0	0	0	0	0	0	0	0	0	0	210	0	0	0	0	0	0	0	0	0	0	0	0	0	476	0	0	0	0	0	0	0	0	0	0	0	27728	0
FFQ	29	0	0	0	0	0	0	0	0	0	0	0	205	0	0	0	0	0	0	0	0	0	0	0	0	0	490	0	0	0	0	0	0	0	0	0	0	0	27719	0
FFQ	30	0	0	0	0	0	0	0	0	0	0	0	159	0	0	0	0	0	0	0	0	0	0	0	0	0	499	0	0	0	0	0	0	0	0	0	0	0	27756	0
FFQ	31	0	0	0	0	0	0	0	0	0	0	0	189	0	0	0	0	0	0	0	0	0	0	0	0	0	501	0	0	0	0	0	0	0	0	0	0	0	27724	0
FFQ	32	0	0	0	0	0	0	0	0	0	0	0	190	0	0	0	0	0	0	0	0	0	0	0	0	0	489	0	0	0	0	0	0	0	0	0	0	0	27735	0
FFQ	33	0	0	0	0	0	0	0	0	0	0	0	231	0	0	0	0	0	0	0	0	0	0	0	0	0	498	0	0	0	0	0	0	0	0	0	0	0	27685	0
FFQ	34	0	0	0	0	0	0	0	0	0	0	0	175	0	0	0	0	0	0	0	0	0	0	0	0	0	521	0	0	0	0	0	0	0	0	0	0	0	27718	0
FFQ	35	0	0	0	0	0	0	0	0	0	0	0	215	0	0	0	0	0	0	0	0	0	0	0	0	0	509	0	0	0	0	0	0	0	0	0	0	0	27690	0
FFQ	36	0	0	0	0	0	0	0	0	0	0	0	216	0	0	0	0	0	0	0	0	0	0	0	0	0	562	0	0	0	0	0	0	0	0	0	0	0	27636	0
FFQ	37	0	0	0	0	0	0	0	0	0	0	0	216	0	0	0	0	0	0	0	0	0	0	0	0	0	508	0	0	0	0	0	0	0	0	0	0	0	27690	0
FFQ	38	0	0	0	0	0	0	0	0	0	0	0	209	0	0	0	0	0	0	0	0	0	0	0	0	0	585	0	0	0	0	0	0	0	0	0	0	0	27620	0
FFQ	39	0	0	0	0	0	0	0	0	0	0	0	340	0	0	0	0	0	0	0	0	0	0	0	0	0	622	0	0	0	0	0	0	0	0	0	0	0	27452	0
FFQ	40	0	0	0	0	0	0	0	0	0	0	0	425	0	0	0	0	0	0	0	0	0	0	0	0	0	555	0	0	0	0	0	0	0	0	0	0	0	27434	0
FFQ	41	0	0	0	0	0	0	0	0	0	0	0	435	0	0	0	0	0	0	0	0	0	0	0	0	0	613	0	0	0	0	0	0	0	0	0	0	0	27366	0
FFQ	42	0	0	0	0	0	0	0	0	0	0	0	501	0	0	0	0	0	0	0	0	0	0	0	0	0	676	0	0	0	0	0	0	0	0	0	0	0	27237	0
FFQ	43	0	0	0	0	0	0	0	0	0	0	0	563	0	0	0	0	0	0	0	0	0	0	0	0	0	681	0	0	0	0	0	0	0	0	0	0	0	27170	0
FFQ	44	0	0	0	0	0	0	0	0	0	0	0	436	0	0	0	0	0	0	0	0	0	0	0	0	0	704	0	0	0	0	0	0	0	0	0	0	0	27274	0
FFQ	45	0	0	0	0	0	0	0	0	0	0	0	347	0	0	0	0	0	0	0	0	0	0	0	0	0	651	0	0	0	0	0	0	0	0	0	0	0	27416	0
FFQ	46	0	0	0	0	0	0	0	0	0	0	0	286	0	0	0	0	0	0	0	0	0	0	0	0	0	628	0	0	0	0	0	0	0	0	0	0	0	27500	0
FFQ	47	0	0	0	0	0	0	0	0	0	0	0	268	0	0	0	0	0	0	0	0	0	0	0	0	0	657	0	0	0	0	0	0	0	0	0	0	0	27489	0
FFQ	48	0	0	0	0	0	0	0	0	0	0	0	260	0	0	0	0	0	0	0	0	0	0	0	0	0	608	0	0	0	0	0	0	0	0	0	0	0	27546	0
FFQ	49	0	0	0	0	0	0	0	0	0	0	0	214	0	0	0	0	0	0	0	0	0	0	0	0	0	585	0	0	0	0	0	0	0	0	0	0	0	27615	0
FFQ	50	0	0	0	0	0	0	0	0	0	0	0	212	0	0	0	0	0	0	0	0	0	0	0	0	0	548	0	0	0	0	0	0	0	0	0	0	0	27654	0
FFQ	51	0	0	0	0	0	0	0	0	0	0	0	229	0	0	0	0	0	0	0	0	0	0	0	0	0	533	0	0	0	0	0	0	0	0	0	0	0	27652	0
FFQ	52	0	0	0	0	0	0	0	0	0	0	0	229	0	0	0	0	0	0	0	0	0	0	0	0	0	517	0	0	0	0	0	0	0	0	0	0	0	27668	0
FFQ	53	0	0	0	0	0	0	0	0	0	0	0	233	0	0	0	0	0	0	0	0	0	0	0	0	0	542	0	0	0	0	0	0	0	0	0	0	0	27639	0
FFQ	54	0	0	0	0	0	0	0	0	0	0	0	203	0	0	0	0	0	0	0	0	0	0	0	0	0	559	0	0	0	0	0	0	0	0	0	0	0	27652	0
FFQ	55	0	0	0	0	0	0	0	0	0	0	0	224	0	0	0	0	0	0	0	0	0	0	0	0	0	547	0	0	0	0	0	0	0	0	0	0	0	27643	0
FFQ	56	0	0	0	0	0	0	0	0	0	0	0	222	0	0	0	0	0	0	0	0	0	0	0	0	0	582	0	0	0	0	0	0	0	0	0	0	0	27610	0
FFQ	57	0	0	0	0	0	0	0	0	0	0	0	252	0	0	0	0	0	0	0	0	0	0	0	0	0	591	0	0	0	0	0	0	0	0	0	0	0	27571	0
FFQ	58	0	0	0	0	0	0	0	0	0	0	0	237	0	0	0	0	0	0	0	0	0	0	0	0	0	581	0	0	0	0	0	0	0	0	0	0	0	27596	0
FFQ	59	0	0	0	0	0	0	0	0	0	0	0	210	0	0	0	0	0	0	0	0	0	0	0	0	0	586	0	0	0	0	0	0	0	0	0	0	0	27618	0
FFQ	60	0	0	0	0	0	0	0	0	0	0	0	285	0	0	0	0	0	0	0	0	0	0	0	0	0	567	0	0	0	0	0	0	0	0	0	0	0	27562	0
FFQ	61	0	0	0	0	0	0	0	0	0	0	0	308	0	0	0	0	0	0	0	0	0	0	0	0	0	610	0	0	0	0	0	0	0	0	0	0	0	27496	0
FFQ	62	0	0	0	0	0	0	0	0	0	0	0	302	0	0	0	0	0	0	0	0	0	0	0	0	0	584	0	0	0	0	0	0	0	0	0	0	0	27528	0
FFQ	63	0	0	0	0	0	0	0	0	0	0	0	290	0	0	0	0	0	0	0	0	0	0	0	0	0	642	0	0	0	0	0	0	0	0	0	0	0	27482	0
FFQ	64	0	0	0	0	0	0	0	0	0	0	0	297	0	0	0	0	0	0	0	0	0	0	0	0	0	618	0	0	0	0	0	0	0	0	0	0	0	27499	0
FFQ	65	0	0	0	0	0	0	0	0	0	0	0	243	0	0	0	0	0	0	0	0	0	0	0	0	0	637	0	0	0	0	0	0	0	0	0	0	0	27534	0
FFQ	66	0	0	0	0	0	0	0	0	0	0	0	264	0	0	0	0	0	0	0	0	0	0	0	0	0	628	0	0	0	0	0	0	0	0	0	0	0	27522	0
FFQ	67	0	0	0	0	0	0	0	0	0	0	0	261	0	0	0	0	0	0	0	0	0	0	0	0	0	687	0	0	0	0	0	0	0	0	0	0	0	27466	0
FFQ	68	0	0	0	0	0	0	0	0	0	0	0	240	0	0	0	0	0	0	0	0	0	0	0	0	0	738	0	0	0	0	0	0	0	0	0	0	0	27436	0
FFQ	69	0	0	0	0	0	0	0	0	0	0	0	234	0	0	0	0	0	0	0	0	0	0	0	0	0	643	0	0	0	0	0	0	0	0	0	0	0	27537	0
FFQ	70	0	0	0	0	0	0	0	0	0	0	0	281	0	0	0	0	0	0	0	0	0	0	0	0	0	646	0	0	0	0	0	0	0	0	0	0	0	27487	0
FFQ	71	0	0	0	0	0	0	0	0	0	0	0	265	0	0	0	0	0	0	0	0	0	0	0	0	0	669	0	0	0	0	0	0	0	0	0	0	0	27480	0
FFQ	72	0	0	0	0	0	0	0	0	0	0	0	338	0	0	0	0	0	0	0	0	0	0	0	0	0	685	0	0	0	0	0	0	0	0	0	0	0	27391	0
FFQ	73	0	0	0	0	0	0	0	0	0	0	0	327	0	0	0	0	0	0	0	0	0	0	0	0	0	701	0	0	0	0	0	0	0	0	0	0	0	27386	0
FFQ	74	0	0	0	0	0	0	0	0	0	0	0	349	0	0	0	0	0	0	0	0	0	0	0	0	0	709	0	0	0	0	0	0	0	0	0	0	0	27356	0
FFQ	75	0	0	0	0	0	0	0	0	0	0	0	290	0	0	0	0	0	0	0	0	0	0	0	0	0	705	0	0	0	0	0	0	0	0	0	0	0	27419	0
FFQ	76	0	0	0	0	0	0	0	0	0	0	0	310	0	0	0	0	0	0	0	0	0	0	0	0	0	704	0	0	0	0	0	0	0	0	0	0	0	27400	0
FFQ	77	0	0	0	0	0	0	0	0	0	0	0	298	0	0	0	0	0	0	0	0	0	0	0	0	0	722	0	0	0	0	0	0	0	0	0	0	0	27394	0
FFQ	78	0	0	0	0	0	0	0	0	0	0	0	304	0	0	0	0	0	0	0	0	0	0	0	0	0	689	0	0	0	0	0	0	0	0	0	0	0	27421	0
FFQ	79	0	0	0	0	0	0	0	0	0	0	0	251	0	0	0	0	0	0	0	0	0	0	0	0	0	699	0	0	0	0	0	0	0	0	0	0	0	27464	0
FFQ	80	0	0	0	0	0	0	0	0	0	0	0	278	0	0	0	0	0	0	0	0	0	0	0	0	0	735	0	0	0	0	0	0	0	0	0	0	0	27401	0
FFQ	81	0	0	0	0	0	0	0	0	0	0	0	275	0	0	0	0	0	0	0	0	0	0	0	0	0	703	0	0	0	0	0	0	0	0	0	0	0	27436	0
FFQ	82	0	0	0	0	0	0	0	0	0	0	0	239	0	0	0	0	0	0	0	0	0	0	0	0	0	672	0	0	0	0	0	0	0	0	0	0	0	27503	0
FFQ	83	0	0	0	0	0	0	0	0	0	0	0	279	0	0	0	0	0	0	0	0	0	0	0	0	0	701	0	0	0	0	0	0	0	0	0	0	0	27434	0
FFQ	84	0	0	0	0	0	0	0	0	0	0	0	252	0	0	0	0	0	0	0	0	0	0	0	0	0	674	0	0	0	0	0	0	0	0	0	0	0	27488	0
FFQ	85	0	0	0	0	0	0	0	0	0	0	0	266	0	0	0	0	0	0	0	0	0	0	0	0	0	705	0	0	0	0	0	0	0	0	0	0	0	27443	0
FFQ	86	0	0	0	0	0	0	0	0	0	0	0	276	0	0	0	0	0	0	0	0	0	0	0	0	0	761	0	0	0	0	0	0	0	0	0	0	0	27377	0
FFQ	87	0	0	0	0	0	0	0	0	0	0	0	275	0	0	0	0	0	0	0	0	0	0	0	0	0	744	0	0	0	0	0	0	0	0	0	0	0	27395	0
FFQ	88	0	0	0	0	0	0	0	0	0	0	0	326	0	0	0	0	0	0	0	0	0	0	0	0	0	729	0	0	0	0	0	0	0	0	0	0	0	27359	0
FFQ	89	0	0	0	0	0	0	0	0	0	0	0	298	0	0	0	0	0	0	0	0	0	0	0	0	0	735	0	0	0	0	0	0	0	0	0	0	0	27381	0
FFQ	90	0	0	0	0	0	0	0	0	0	0	0	274	0	0	0	0	0	0	0	0	0	0	0	0	0	695	0	0	0	0	0	0	0	0	0	0	0	27445	0
FFQ	91	0	0	0	0	0	0	0	0	0	0	0	257	0	0	0	0	0	0	0	0	0	0	0	0	0	697	0	0	0	0	0	0	0	0	0	0	0	27460	0
FFQ	92	0	0	0	0	0	0	0	0	0	0	0	276	0	0	0	0	0	0	0	0	0	0	0	0	0	712	0	0	0	0	0	0	0	0	0	0	0	27426	0
FFQ	93	0	0	0	0	0	0	0	0	0	0	0	271	0	0	0	0	0	0	0	0	0	0	0	0	0	806	0	0	0	0	0	0	0	0	0	0	0	27337	0
FFQ	94	0	0	0	0	0	0	0	0	0	0	0	270	0	0	0	0	0	0	0	0	0	0	0	0	0	739	0	0	0	0	0	0	0	0	0	0	0	27405	0
FFQ	95	0	0	0	0	0	0	0	0	0	0	0	266	0	0	0	0	0	0	0	0	0	0	0	0	0	737	0	0	0	0	0	0	0	0	0	0	0	27411	0
FFQ	96	0	0	0	0	0	0	0	0	0	0	0	304	0	0	0	0	0	0	0	0	0	0	0	0	0	763	0	0	0	0	0	0	0	0	0	0	0	27347	0
FFQ	97	0	0	0	0	0	0	0	0	0	0	0	281	0	0	0	0	0	0	0	0	0	0	0	0	0	707	0	0	0	0	0	0	0	0	0	0	0	27426	0
FFQ	98	0	0	0	0	0	0	0	0	0	0	0	276	0	0	0	0	0	0	0	0	0	0	0	0	0	740	0	0	0	0	0	0	0	0	0	0	0	27398	0
FFQ	99	0	0	0	0	0	0	0	0	0	0	0	255	0	0	0	0	0	0	0	0	0	0	0	0	0	742	0	0	0	0	0	0	0	0	0	0	0	27417	0
FFQ	100	0	0	0	0	0	0	0	0	0	0	0	303	0	0	0	0	0	0	0	0	0	0	0	0	0	763	0	0	0	0	0	0	0	0	0	0	0	27348	0
FFQ	101	0	0	0	0	0	0	0	0	0	0	0	276	0	0	0	0	0	0	0	0	0	0	0	0	0	769	0	0	0	0	0	0	0	0	0	0	0	27369	0
FFQ	102	0	0	0	0	0	0	0	0	0	0	0	296	0	0	0	0	0	0	0	0	0	0	0	0	0	772	0	0	0	0	0	0	0	0	0	0	0	27346	0
FFQ	103	0	0	0	0	0	0	0	0	0	0	0	312	0	0	0	0	0	0	0	0	0	0	0	0	0	839	0	0	0	0	0	0	0	0	0	0	0	27263	0
FFQ	104	0	0	0	0	0	0	0	0	0	0	0	291	0	0	0	0	0	0	0	0	0	0	0	0	0	804	0	0	0	0	0	0	0	0	0	0	0	27319	0
FFQ	105	0	0	0	0	0	0	0	0	0	0	0	291	0	0	0	0	0	0	0	0	0	0	0	0	0	801	0	0	0	0	0	0	0	0	0	0	0	27322	0
FFQ	106	0	0	0	0	0	0	0	0	0	0	0	305	0	0	0	0	0	0	0	0	0	0	0	0	0	827	0	0	0	0	0	0	0	0	0	0	0	27282	0
FFQ	107	0	0	0	0	0	0	0	0	0	0	0	335	0	0	0	0	0	0	0	0	0	0	0	0	0	815	0	0	0	0	0	0	0	0	0	0	0	27264	0
FFQ	108	0	0	0	0	0	0	0	0	0	0	0	342	0	0	0	0	0	0	0	0	0	0	0	0	0	881	0	0	0	0	0	0	0	0	0	0	0	27191	0
FFQ	109	0	0	0	0	0	0	0	0	0	0	0	330	0	0	0	0	0	0	0	0	0	0	0	0	0	860	0	0	0	0	0	0	0	0	0	0	0	27224	0
FFQ	110	0	0	0	0	0	0	0	0	0	0	0	358	0	0	0	0	0	0	0	0	0	0	0	0	0	874	0	0	0	0	0	0	0	0	0	0	0	27182	0
FFQ	111	0	0	0	0	0	0	0	0	0	0	0	342	0	0	0	0	0	0	0	0	0	0	0	0	0	877	0	0	0	0	0	0	0	0	0	0	0	27195	0
FFQ	112	0	0	0	0	0	0	0	0	0	0	0	331	0	0	0	0	0	0	0	0	0	0	0	0	0	775	0	0	0	0	0	0	0	0	0	0	0	27308	0
FFQ	113	0	0	0	0	0	0	0	0	0	0	0	336	0	0	0	0	0	0	0	0	0	0	0	0	0	841	0	0	0	0	0	0	0	0	0	0	0	27237	0
FFQ	114	0	0	0	0	0	0	0	0	0	0	0	391	0	0	0	0	0	0	0	0	0	0	0	0	0	848	0	0	0	0	0	0	0	0	0	0	0	27175	0
FFQ	115	0	0	0	0	0	0	0	0	0	0	0	308	0	0	0	0	0	0	0	0	0	0	0	0	0	858	0	0	0	0	0	0	0	0	0	0	0	27248	0
FFQ	116	0	0	0	0	0	0	0	0	0	0	0	327	0	0	0	0	0	0	0	0	0	0	0	0	0	870	0	0	0	0	0	0	0	0	0	0	0	27217	0
FFQ	117	0	0	0	0	0	0	0	0	0	0	0	385	0	0	0	0	0	0	0	0	0	0	0	0	0	944	0	0	0	0	0	0	0	0	0	0	0	27085	0
FFQ	118	0	0	0	0	0	0	0	0	0	0	0	397	0	0	0	0	0	0	0	0	0	0	0	0	0	960	0	0	0	0	0	0	0	0	0	0	0	27057	0
FFQ	119	0	0	0	0	0	0	0	0	0	0	0	362	0	0	0	0	0	0	0	0	0	0	0	0	0	935	0	0	0	0	0	0	0	0	0	0	0	27117	0
FFQ	120	0	0	0	0	0	0	0	0	0	0	0	362	0	0	0	0	0	0	0	0	0	0	0	0	0	934	0	0	0	0	0	0	0	0	0	0	0	27118	0
FFQ	121	0	0	0	0	0	0	0	0	0	0	0	358	0	0	0	0	0	0	0	0	0	0	0	0	0	969	0	0	0	0	0	0	0	0	0	0	0	27087	0
FFQ	122	0	0	0	0	0	0	0	0	0	0	0	382	0	0	0	0	0	0	0	0	0	0	0	0	0	1022	0	0	0	0	0	0	0	0	0	0	0	27010	0
FFQ	123	0	0	0	0	0	0	0	0	0	0	0	420	0	0	0	0	0	0	0	0	0	0	0	0	0	990	0	0	0	0	0	0	0	0	0	0	0	27004	0
FFQ	124	0	0	0	0	0	0	0	0	0	0	0	370	0	0	0	0	0	0	0	0	0	0	0	0	0	965	0	0	0	0	0	0	0	0	0	0	0	27079	0
FFQ	125	0	0	0	0	0	0	0	0	0	0	0	431	0	0	0	0	0	0	0	0	0	0	0	0	0	1017	0	0	0	0	0	0	0	0	0	0	0	26966	0
FFQ	126	0	0	0	0	0	0	0	0	0	0	0	416	0	0	0	0	0	0	0	0	0	0	0	0	0	1022	0	0	0	0	0	0	0	0	0	0	0	26976	0
FFQ	127	0	0	0	0	0	0	0	0	0	0	0	375	0	0	0	0	0	0	0	0	0	0	0	0	0	979	0	0	0	0	0	0	0	0	0	0	0	27060	0
FFQ	128	0	0	0	0	0	0	0	0	0	0	0	396	0	0	0	0	0	0	0	0	0	0	0	0	0	1036	0	0	0	0	0	0	0	0	0	0	0	26982	0
FFQ	129	0	0	0	0	0	0	0	0	0	0	0	424	0	0	0	0	0	0	0	0	0	0	0	0	0	1048	0	0	0	0	0	0	0	0	0	0	0	26942	0
FFQ	130	0	0	0	0	0	0	0	0	0	0	0	424	0	0	0	0	0	0	0	0	0	0	0	0	0	1011	0	0	0	0	0	0	0	0	0	0	0	26979	0
FFQ	131	0	0	0	0	0	0	0	0	0	0	0	407	0	0	0	0	0	0	0	0	0	0	0	0	0	1033	0	0	0	0	0	0	0	0	0	0	0	26974	0
FFQ	132	0	0	0	0	0	0	0	0	0	0	0	388	0	0	0	0	0	0	0	0	0	0	0	0	0	1028	0	0	0	0	0	0	0	0	0	0	0	26998	0
FFQ	133	0	0	0	0	0	0	0	0	0	0	0	393	0	0	0	0	0	0	0	0	0	0	0	0	0	1008	0	0	0	0	0	0	0	0	0	0	0	27013	0
FFQ	134	0	0	0	0	0	0	0	0	0	0	0	383	0	0	0	0	0	0	0	0	0	0	0	0	0	1040	0	0	0	0	0	0	0	0	0	0	0	26991	0
FFQ	135	0	0	0	0	0	0	0	0	0	0	0	416	0	0	0	0	0	0	0	0	0	0	0	0	0	1046	0	0	0	0	0	0	0	0	0	0	0	26952	0
FFQ	136	0	0	0	0	0	0	0	0	0	0	0	442	0	0	0	0	0	0	0	0	0	0	0	0	0	1088	0	0	0	0	0	0	0	0	0	0	0	26884	0
FFQ	137	0	0	0	0	0	0	0	0	0	0	0	466	0	0	0	0	0	0	0	0	0	0	0	0	0	1163	0	0	0	0	0	0	0	0	0	0	0	26785	0
FFQ	138	0	0	0	0	0	0	0	0	0	0	0	494	0	0	0	0	0	0	0	0	0	0	0	0	0	1247	0	0	0	0	0	0	0	0	0	0	0	26673	0
FFQ	139	0	0	0	0	0	0	0	0	0	0	0	529	0	0	0	0	0	0	0	0	0	0	0	0	0	1264	0	0	0	0	0	0	0	0	0	0	0	26621	0
FFQ	140	0	0	0	0	0	0	0	0	0	0	0	563	0	0	0	0	0	0	0	0	0	0	0	0	0	1335	0	0	0	0	0	0	0	0	0	0	0	26516	0
FFQ	141	0	0	0	0	0	0	0	0	0	0	0	511	0	0	0	0	0	0	0	0	0	0	0	0	0	1291	0	0	0	0	0	0	0	0	0	0	0	26612	0
FFQ	142	0	0	0	0	0	0	0	0	0	0	0	524	0	0	0	0	0	0	0	0	0	0	0	0	0	1234	0	0	0	0	0	0	0	0	0	0	0	26656	0
FFQ	143	0	0	0	0	0	0	0	0	0	0	0	475	0	0	0	0	0	0	0	0	0	0	0	0	0	1219	0	0	0	0	0	0	0	0	0	0	0	26720	0
FFQ	144	0	0	0	0	0	0	0	0	0	0	0	544	0	0	0	0	0	0	0	0	0	0	0	0	0	1258	0	0	0	0	0	0	0	0	0	0	0	26609	0
FFQ	145	0	0	0	0	0	0	0	0	0	0	0	625	0	0	0	0	0	0	0	0	0	0	0	0	0	1371	0	0	0	0	0	0	0	0	0	0	0	26409	0
FFQ	146	0	0	0	0	0	0	0	0	0	0	0	551	0	0	0	0	0	0	0	0	0	0	0	0	0	1299	0	0	0	0	0	0	0	0	0	0	0	26537	0
FFQ	147	0	0	0	0	0	0	0	0	0	0	0	555	0	0	0	0	0	0	0	0	0	0	0	0	0	1260	0	0	0	0	0	0	0	0	0	0	0	26339	0
FFQ	148	0	0	0	0	0	0	0	0	0	0	0	502	0	0	0	0	0	0	0	0	0	0	0	0	0	1213	0	0	0	0	0	0	0	0	0	0	0	25547	0
FFQ	149	0	0	0	0	0	0	0	0	0	0	0	493	0	0	0	0	0	0	0	0	0	0	0	0	0	1244	0	0	0	0	0	0	0	0	0	0	0	25525	0
FFQ	150	0	0	0	0	0	0	0	0	0	0	0	535	0	0	0	0	0	0	0	0	0	0	0	0	0	1230	0	0	0	0	0	0	0	0	0	0	0	25494	0
# Last Fragment Qualities. Use `grep ^LFQ | cut -f 2-` to extract this part.
# Columns correspond to qualities and rows to cycles. First column is the cycle number.
LFQ	1	0	0	0	0	0	0	0	0	0	0	0	306	0	0	0	0	0	0	0	0	0	0	0	0	0	738	0	0	0	0	0	0	0	0	0	0	0	26788	0
LFQ	2	0	0	0	0	0	0	0	0	0	0	0	266	0	0	0	0	0	0	0	0	0	0	0	0	0	834	0	0	0	0	0	0	0	0	0	0	0	26732	0
LFQ	3	0	0	0	0	0	0	0	0	0	0	0	264	0	0	0	0	0	0	0	0	0	0	0	0	0	703	0	0	0	0	0	0	0	0	0	0	0	26865	0
LFQ	4	0	0	0	0	0	0	0	0	0	0	0	215	0	0	0	0	0	0	0	0	0	0	0	0	0	642	0	0	0	0	0	0	0	0	0	0	0	26975	0
LFQ	5	0	0	0	0	0	0	0	0	0	0	0	213	0	0	0	0	0	0	0	0	0	0	0	0	0	576	0	0	0	0	0	0	0	0	0	0	0	27043	0
LFQ	6	0	0	0	0	0	0	0	0	0	0	0	199	0	0	0	0	0	0	0	0	0	0	0	0	0	666	0	0	0	0	0	0	0	0	0	0	0	26967	0
LFQ	7	0	0	0	0	0	0	0	0	0	0	0	205	0	0	0	0	0	0	0	0	0	0	0	0	0	612	0	0	0	0	0	0	0	0	0	0	0	27015	0
LFQ	8	0	0	0	0	0	0	0	0	0	0	0	193	0	0	0	0	0	0	0	0	0	0	0	0	0	570	0	0	0	0	0	0	0	0	0	0	0	27069	0
LFQ	9	0	0	0	0	0	0	0	0	0	0	0	225	0	0	0	0	0	0	0	0	0	0	0	0	0	549	0	0	0	0	0	0	0	0	0	0	0	27058	0
LFQ	10	0	0	1	0	0	0	0	0	0	0	0	221	0	0	0	0	0	0	0	0	0	0	0	0	0	608	0	0	0	0	0	0	0	0	0	0	0	27002	0
LFQ	11	0	0	0	0	0	0	0	0	0	0	0	206	0	0	0	0	0	0	0	0	0	0	0	0	0	608	0	0	0	0	0	0	0	0	0	0	0	27018	0
LFQ	12	0	0	0	0	0	0	0	0	0	0	0	216	0	0	0	0	0	0	0	0	0	0	0	0	0	603	0	0	0	0	0	0	0	0	0	0	0	27013	0
LFQ	13	0	0	0	0	0	0	0	0	0	0	0	180	0	0	0	0	0	0	0	0	0	0	0	0	0	562	0	0	0	0	0	0	0	0	0	0	0	27090	0
LFQ	14	0	0	0	0	0	0	0	0	0	0	0	214	0	0	0	0	0	0	0	0	0	0	0	0	0	627	0	0	0	0	0	0	0	0	0	0	0	26991	0
LFQ	15	0	0	0	0	0	0	0	0	0	0	0	205	0	0	0	0	0	0	0	0	0	0	0	0	0	610	0	0	0	0	0	0	0	0	0	0	0	27017	0
LFQ	16	0	0	0	0	0	0	0	0	0	0	0	199	0	0	0	0	0	0	0	0	0	0	0	0	0	621	0	0	0	0	0	0	0	0	0	0	0	27012	0
LFQ	17	0	0	0	0	0	0	0	0	0	0	0	206	0	0	0	0	0	0	0	0	0	0	0	0	0	613	0	0	0	0	0	0	0	0	0	0	0	27013	0
LFQ	18	0	0	0	0	0	0	0	0	0	0	0	211	0	0	0	0	0	0	0	0	0	0	0	0	0	548	0	0	0	0	0	0	0	0	0	0	0	27073	0
LFQ	19	0	0	0	0	0	0	0	0	0	0	0	194	0	0	0	0	0	0	0	0	0	0	0	0	0	654	0	0	0	0	0	0	0	0	0	0	0	26984	0
LFQ	20	0	0	0	0	0	0	0	0	0	0	0	202	0	0	0	0	0	0	0	0	0	0	0	0	0	655	0	0	0	0	0	0	0	0	0	0	0	26975	0
LFQ	21	0	0	0	0	0	0	0	0	0	0	0	222	0	0	0	0	0	0	0	0	0	0	0	0	0	620	0	0	0	0	0	0	0	0	0	0	0	26990	0
LFQ	22	0	0	0	0	0	0	0	0	0	0	0	214	0	0	0	0	0	0	0	0	0	0	0	0	0	608	0	0	0	0	0	0	0	0	0	0	0	27010	0
LFQ	23	0	0	0	0	0	0	0	0	0	0	0	218	0	0	0	0	0	0	0	0	0	0	0	0	0	666	0	0	0	0	0	0	0	0	0	0	0	26948	0
LFQ	24	0	0	0	0	0	0	0	0	0	0	0	211	0	0	0	0	0	0	0	0	0	0	0	0	0	645	0	0	0	0	0	0	0	0	0	0	0	26976	0
LFQ	25	0	0	0	0	0	0	0	0	0	0	0	249	0	0	0	0	0	0	0	0	0	0	0	0	0	713	0	0	0	0	0	0	0	0	0	0	0	26870	0
LFQ	26	0	0	0	0	0	0	0	0	0	0	0	236	0	0	0	0	0	0	0	0	0	0	0	0	0	658	0	0	0	0	0	0	0	0	0	0	0	26938	0
LFQ	27	0	0	0	0	0	0	0	0	0	0	0	233	0	0	0	0	0	0	0	0	0	0	0	0	0	673	0	0	0	0	0	0	0	0	0	0	0	26926	0
LFQ	28	0	0	0	0	0	0	0	0	0	0	0	241	0	0	0	0	0	0	0	0	0	0	0	0	0	741	0	0	0	0	0	0	0	0	0	0	0	26850	0
LFQ	29	0	0	0	0	0	0	0	0	0	0	0	235	0	0	0	0	0	0	0	0	0	0	0	0	0	727	0	0	0	0	0	0	0	0	0	0	0	26870	0
LFQ	30	0	0	0	0	0	0	0	0	0	0	0	264	0	0	0	0	0	0	0	0	0	0	0	0	0	719	0	0	0	0	0	0	0	0	0	0	0	26849	0
LFQ	31	0	0	0	0	0	0	0	0	0	0	0	230	0	0	0	0	0	0	0	0	0	0	0	0	0	739	0	0	0	0	0	0	0	0	0	0	0	26863	0
LFQ	32	0	0	0	0	0	0	0	0	0	0	0	290	0	0	0	0	0	0	0	0	0	0	0	0	0	797	0	0	0	0	0	0	0	0	0	0	0	26745	0
LFQ	33	0	0	0	0	0	0	0	0	0	0	0	253	0	0	0	0	0	0	0	0	0	0	0	0	0	747	0	0	0	0	0	0	0	0	0	0	0	26832	0
LFQ	34	0	0	0	0	0	0	0	0	0	0	0	246	0	0	0	0	0	0	0	0	0	0	0	0	0	737	0	0	0	0	0	0	0	0	0	0	0	26849	0
LFQ	35	0	0	0	0	0	0	0	0	0	0	0	254	0	0	0	0	0	0	0	0	0	0	0	0	0	758	0	0	0	0	0	0	0	0	0	0	0	26820	0
LFQ	36	0	0	0	0	0	0	0	0	0	0	0	244	0	0	0	0	0	0	0	0	0	0	0	0	0	747	0	0	0	0	0	0	0	0	0	0	0	26841	0
LFQ	37	0	0	0	0	0	0	0	0	0	0	0	249	0	0	0	0	0	0	0	0	0	0	0	0	0	801	0	0	0	0	0	0	0	0	0	0	0	26782	0
LFQ	38	0	0	0	0	0	0	0	0	0	0	0	247	0	0	0	0	0	0	0	0	0	0	0	0	0	755	0	0	0	0	0	0	0	0	0	0	0	26830	0
LFQ	39	0	0	0	0	0	0	0	0	0	0	0	265	0	0	0	0	0	0	0	0	0	0	0	0	0	800	0	0	0	0	0	0	0	0	0	0	0	26767	0
LFQ	40	0	0	0	0	0	0	0	0	0	0	0	258	0	0	0	0	0	0	0	0	0	0	0	0	0	818	0	0	0	0	0	0	0	0	0	0	0	26756	0
LFQ	41	0	0	0	0	0	0	0	0	0	0	0	307	0	0	0	0	0	0	0	0	0	0	0	0	0	840	0	0	0	0	0	0	0	0	0	0	0	26685	0
LFQ	42	0	0	0	0	0	0	0	0	0	0	0	309	0	0	0	0	0	0	0	0	0	0	0	0	0	882	0	0	0	0	0	0	0	0	0	0	0	26641	0
LFQ	43	0	0	0	0	0	0	0	0	0	0	0	304	0	0	0	0	0	0	0	0	0	0	0	0	0	796	0	0	0	0	0	0	0	0	0	0	0	26732	0
LFQ	44	0	0	0	0	0	0	0	0	0	0	0	284	0	0	0	0	0	0	0	0	0	0	0	0	0	881	0	0	0	0	0	0	0	0	0	0	0	26667	0
LFQ	45	0	0	0	0	0	0	0	0	0	0	0	305	0	0	0	0	0	0	0	0	0	0	0	0	0	879	0	0	0	0	0	0	0	0	0	0	0	26648	0
LFQ	46	0	0	0	0	0	0	0	0	0	0	0	280	0	0	0	0	0	0	0	0	0	0	0	0	0	753	0	0	0	0	0	0	0	0	0	0	0	26799	0
LFQ	47	0	0	0	0	0	0	0	0	0	0	0	281	0	0	0	0	0	0	0	0	0	0	0	0	0	807	0	0	0	0	0	0	0	0	0	0	0	26744	0
LFQ	48	0	0	0	0	0	0	0	0	0	0	0	303	0	0	0	0	0	0	0	0	0	0	0	0	0	766	0	0	0	0	0	0	0	0	0	0	0	26763	0
LFQ	49	0	0	0	0	0	0	0	0	0	0	0	292	0	0	0	0	0	0	0	0	0	0	0	0	0	798	0	0	0	0	0	0	0	0	0	0	0	26742	0
LFQ	50	0	0	0	0	0	0	0	0	0	0	0	314	0	0	0	0	0	0	0	0	0	0	0	0	0	874	0	0	0	0	0	0	0	0	0	0	0	26644	0
LFQ	51	0	0	0	0	0	0	0	0	0	0	0	340	0	0	0	0	0	0	0	0	0	0	0	0	0	871	0	0	0	0	0	0	0	0	0	0	0	26621	0
LFQ	52	0	0	0	0	0	0	0	0	0	0	0	325	0	0	0	0	0	0	0	0	0	0	0	0	0	842	0	0	0	0	0	0	0	0	0	0	0	26665	0
LFQ	53	0	0	0	0	0	0	0	0	0	0	0	298	0	0	0	0	0	0	0	0	0	0	0	0	0	847	0	0	0	0	0	0	0	0	0	0	0	26687	0
LFQ	54	0	0	0	0	0	0	0	0	0	0	0	323	0	0	0	0	0	0	0	0	0	0	0	0	0	808	0	0	0	0	0	0	0	0	0	0	0	26701	0
LFQ	55	0	0	0	0	0	0	0	0	0	0	0	274	0	0	0	0	0	0	0	0	0	0	0	0	0	820	0	0	0	0	0	0	0	0	0	0	0	26738	0
LFQ	56	0	0	0	0	0	0	0	0	0	0	0	297	0	0	0	0	0	0	0	0	0	0	0	0	0	859	0	0	0	0	0	0	0	0	0	0	0	26676	0
LFQ	57	0	0	0	0	0	0	0	0	0	0	0	297	0	0	0	0	0	0	0	0	0	0	0	0	0	853	0	0	0	0	0	0	0	0	0	0	0	26682	0
LFQ	58	0	0	0	0	0	0	0	0	0	0	0	304	0	0	0	0	0	0	0	0	0	0	0	0	0	863	0	0	0	0	0	0	0	0	0	0	0	26665	0
LFQ	59	0	0	0	0	0	0	0	0	0	0	0	326	0	0	0	0	0	0	0	0	0	0	0	0	0	916	0	0	0	0	0	0	0	0	0	0	0	26590	0
LFQ	60	0	0	0	0	0	0	0	0	0	0	0	289	0	0	0	0	0	0	0	0	0	0	0	0	0	838	0	0	0	0	0	0	0	0	0	0	0	26705	0
LFQ	61	0	0	0	0	0	0	0	0	0	0	0	322	0	0	0	0	0	0	0	0	0	0	0	0	0	892	0	0	0	0	0	0	0	0	0	0	0	26618	0
LFQ	62	0	0	0	0	0	0	0	0	0	0	0	314	0	0	0	0	0	0	0	0	0	0	0	0	0	922	0	0	0	0	0	0	0	0	0	0	0	26596	0
LFQ	63	0	0	0	0	0	0	0	0	0	0	0	354	0	0	0	0	0	0	0	0	0	0	0	0	0	970	0	0	0	0	0	0	0	0	0	0	0	26508	0
LFQ	64	0	0	0	0	0	0	0	0	0	0	0	360	0	0	0	0	0	0	0	0	0	0	0	0	0	971	0	0	0	0	0	0	0	0	0	0	0	26501	0
LFQ	65	0	0	0	0	0	0	0	0	0	0	0	324	0	0	0	0	0	0	0	0	0	0	0	0	0	975	0	0	0	0	0	0	0	0	0	0	0	26533	0
LFQ	66	0	0	0	0	0	0	0	0	0	0	0	334	0	0	0	0	0	0	0	0	0	0	0	0	0	930	0	0	0	0	0	0	0	0	0	0	0	26568	0
LFQ	67	0	0	0	0	0	0	0	0	0	0	0	347	0	0	0	0	0	0	0	0	0	0	0	0	0	955	0	0	0	0	0	0	0	0	0	0	0	26530	0
LFQ	68	0	0	0	0	0	0	0	0	0	0	0	330	0	0	0	0	0	0	0	0	0	0	0	0	0	942	0	0	0	0	0	0	0	0	0	0	0	26560	0
LFQ	69	0	0	0	0	0	0	0	0	0	0	0	356	0	0	0	0	0	0	0	0	0	0	0	0	0	1002	0	0	0	0	0	0	0	0	0	0	0	26474	0
LFQ	70	0	0	0	0	0	0	0	0	0	0	0	311	0	0	0	0	0	0	0	0	0	0	0	0	0	918	0	0	0	0	0	0	0	0	0	0	0	26603	0
LFQ	71	0	0	0	0	0	0	0	0	0	0	0	286	0	0	0	0	0	0	0	0	0	0	0	0	0	901	0	0	0	0	0	0	0	0	0	0	0	26645	0
LFQ	72	0	0	0	0	0	0	0	0	0	0	0	354	0	0	0	0	0	0	0	0	0	0	0	0	0	945	0	0	0	0	0	0	0	0	0	0	0	26533	0
LFQ	73	0	0	0	0	0	0	0	0	0	0	0	360	0	0	0	0	0	0	0	0	0	0	0	0	0	1009	0	0	0	0	0	0	0	0	0	0	0	26463	0
LFQ	74	0	0	0	0	0	0	0	0	0	0	0	308	0	0	0	0	0	0	0	0	0	0	0	0	0	973	0	0	0	0	0	0	0	0	0	0	0	26551	0
LFQ	75	0	0	0	0	0	0	0	0	0	0	0	329	0	0	0	0	0	0	0	0	0	0	0	0	0	988	0	0	0	0	0	0	0	0	0	0	0	26515	0
LFQ	76	0	0	0	0	0	0	0	0	0	0	0	417	0	0	0	0	0	0	0	0	0	0	0	0	0	955	0	0	0	0	0	0	0	0	0	0	0	26460	0
LFQ	77	0	0	0	0	0	0	0	0	0	0	0	387	0	0	0	0	0	0	0	0	0	0	0	0	0	970	0	0	0	0	0	0	0	0	0	0	0	26475	0
LFQ	78	0	0	0	0	0	0	0	0	0	0	0	356	0	0	0	0	0	0	0	0	0	0	0	0	0	958	0	0	0	0	0	0	0	0	0	0	0	26518	0
LFQ	79	0	0	0	0	0	0	0	0	0	0	0	404	0	0	0	0	0	0	0	0	0	0	0	0	0	1030	0	0	0	0	0	0	0	0	0	0	0	26398	0
LFQ	80	0	0	0	0	0	0	0	0	0	0	0	417	0	0	0	0	0	0	0	0	0	0	0	0	0	1056	0	0	0	0	0	0	0	0	0	0	0	26359	0
LFQ	81	0	0	0	0	0	0	0	0	0	0	0	371	0	0	0	0	0	0	0	0	0	0	0	0	0	1008	0	0	0	0	0	0	0	0	0	0	0	26453	0
LFQ	82	0	0	0	0	0	0	0	0	0	0	0	385	0	0	0	0	0	0	0	0	0	0	0	0	0	1034	0	0	0	0	0	0	0	0	0	0	0	26413	0
LFQ	83	0	0	0	0	0	0	0	0	0	0	0	379	0	0	0	0	0	0	0	0	0	0	0	0	0	1075	0	0	0	0	0	0	0	0	0	0	0	26378	0
LFQ	84	0	0	0	0	0	0	0	0	0	0	0	365	0	0	0	0	0	0	0	0	0	0	0	0	0	1039	0	0	0	0	0	0	0	0	0	0	0	26428	0
LFQ	85	0	0	0	0	0	0	0	0	0	0	0	404	0	0	0	0	0	0	0	0	0	0	0	0	0	1080	0	0	0	0	0	0	0	0	0	0	0	26348	0
LFQ	86	0	0	0	0	0	0	0	0	0	0	0	392	0	0	0	0	0	0	0	0	0	0	0	0	0	1085	0	0	0	0	0	0	0	0	0	0	0	26355	0
LFQ	87	0	0	0	0	0	0	0	0	0	0	0	402	0	0	0	0	0	0	0	0	0	0	0	0	0	1061	0	0	0	0	0	0	0	0	0	0	0	26369	0
LFQ	88	0	0	0	0	0	0	0	0	0	0	0	443	0	0	0	0	0	0	0	0	0	0	0	0	0	1088	0	0	0	0	0	0	0	0	0	0	0	26301	0
LFQ	89	0	0	0	0	0	0	0	0	0	0	0	447	0	0	0	0	0	0	0	0	0	0	0	0	0	1201	0	0	0	0	0	0	0	0	0	0	0	26184	0
LFQ	90	0	0	0	0	0	0	0	0	0	0	0	438	0	0	0	0	0	0	0	0	0	0	0	0	0	1103	0	0	0	0	0	0	0	0	0	0	0	26291	0
LFQ	91	0	0	0	0	0	0	0	0	0	0	0	466	0	0	0	0	0	0	0	0	0	0	0	0	0	1220	0	0	0	0	0	0	0	0	0	0	0	26146	0
LFQ	92	0	0	0	0	0	0	0	0	0	0	0	458	0	0	0	0	0	0	0	0	0	0	0	0	0	1137	0	0	0	0	0	0	0	0	0	0	0	26237	0
LFQ	93	0	0	0	0	0	0	0	0	0	0	0	454	0	0	0	0	0	0	0	0	0	0	0	0	0	1211	0	0	0	0	0	0	0	0	0	0	0	26167	0
LFQ	94	0	0	0	0	0	0	0	0	0	0	0	481	0	0	0	0	0	0	0	0	0	0	0	0	0	1195	0	0	0	0	0	0	0	0	0	0	0	26156	0
LFQ	95	0	0	0	0	0	0	0	0	0	0	0	482	0	0	0	0	0	0	0	0	0	0	0	0	0	1245	0	0	0	0	0	0	0	0	0	0	0	26105	0
LFQ	96	0	0	0	0	0	0	0	0	0	0	0	524	0	0	0	0	0	0	0	0	0	0	0	0	0	1236	0	0	0	0	0	0	0	0	0	0	0	26072	0
LFQ	97	0	0	0	0	0	0	0	0	0	0	0	486	0	0	0	0	0	0	0	0	0	0	0	0	0	1272	0	0	0	0	0	0	0	0	0	0	0	26074	0
LFQ	98	0	0	0	0	0	0	0	0	0	0	0	498	0	0	0	0	0	0	0	0	0	0	0	0	0	1215	0	0	0	0	0	0	0	0	0	0	0	26119	0
LFQ	99	0	0	0	0	0	0	0	0	0	0	0	530	0	0	0	0	0	0	0	0	0	0	0	0	0	1254	0	0	0	0	0	0	0	0	0	0	0	26048	0
LFQ	100	0	0	0	0	0	0	0	0	0	0	0	498	0	0	0	0	0	0	0	0	0	0	0	0	0	1230	0	0	0	0	0	0	0	0	0	0	0	26104	0
LFQ	101	0	0	0	0	0	0	0	0	0	0	0	499	0	0	0	0	0	0	0	0	0	0	0	0	0	1188	0	0	0	0	0	0	0	0	0	0	0	26145	0
LFQ	102	0	0	0	0	0	0	0	0	0	0	0	511	0	0	0	0	0	0	0	0	0	0	0	0	0	1299	0	0	0	0	0	0	0	0	0	0	0	26022	0
LFQ	103	0	0	0	0	0	0	0	0	0	0	0	519	0	0	0	0	0	0	0	0	0	0	0	0	0	1313	0	0	0	0	0	0	0	0	0	0	0	26000	0
LFQ	104	0	0	0	0	0	0	0	0	0	0	0	523	0	0	0	0	0	0	0	0	0	0	0	0	0	1223	0	0	0	0	0	0	0	0	0	0	0	26086	0
LFQ	105	0	0	0	0	0	0	0	0	0	0	0	498	0	0	0	0	0	0	0	0	0	0	0	0	0	1218	0	0	0	0	0	0	0	0	0	0	0	26116	0
LFQ	106	0	0	0	0	0	0	0	0	0	0	0	588	0	0	0	0	0	0	0	0	0	0	0	0	0	1340	0	0	0	0	0	0	0	0	0	0	0	25904	0
LFQ	107	0	0	0	0	0	0	0	0	0	0	0	573	0	0	0	0	0	0	0	0	0	0	0	0	0	1299	0	0	0	0	0	0	0	0	0	0	0	25960	0
LFQ	108	0	0	0	0	0	0	0	0	0	0	0	485	0	0	0	0	0	0	0	0	0	0	0	0	0	1266	0	0	0	0	0	0	0	0	0	0	0	26081	0
LFQ	109	0	0	0	0	0	0	0	0	0	0	0	489	0	0	0	0	0	0	0	0	0	0	0	0	0	1316	0	0	0	0	0	0	0	0	0	0	0	26027	0
LFQ	110	0	0	0	0	0	0	0	0	0	0	0	531	0	0	0	0	0	0	0	0	0	0	0	0	0	1371	0	0	0	0	0	0	0	0	0	0	0	25930	0
LFQ	111	0	0	0	0	0	0	0	0	0	0	0	561	0	0	0	0	0	0	0	0	0	0	0	0	0	1375	0	0	0	0	0	0	0	0	0	0	0	25896	0
LFQ	112	0	0	0	0	0	0	0	0	0	0	0	552	0	0	0	0	0	0	0	0	0	0	0	0	0	1362	0	0	0	0	0	0	0	0	0	0	0	25918	0
LFQ	113	0	0	0	0	0	0	0	0	0	0	0	508	0	0	0	0	0	0	0	0	0	0	0	0	0	1342	0	0	0	0	0	0	0	0	0	0	0	25982	0
LFQ	114	0	0	0	0	0	0	0	0	0	0	0	511	0	0	0	0	0	0	0	0	0	0	0	0	0	1324	0	0	0	0	0	0	0	0	0	0	0	25997	0
LFQ	115	0	0	0	0	0	0	0	0	0	0	0	549	0	0	0	0	0	0	0	0	0	0	0	0	0	1383	0	0	0	0	0	0	0	0	0	0	0	25900	0
LFQ	116	0	0	0	0	0	0	0	0	0	0	0	522	0	0	0	0	0	0	0	0	0	0	0	0	0	1245	0	0	0	0	0	0	0	0	0	0	0	26065	0
LFQ	117	0	0	0	0	0	0	0	0	0	0	0	568	0	0	0	0	0	0	0	0	0	0	0	0	0	1332	0	0	0	0	0	0	0	0	0	0	0	25932	0
LFQ	118	0	0	0	0	0	0	0	0	0	0	0	561	0	0	0	0	0	0	0	0	0	0	0	0	0	1469	0	0	0	0	0	0	0	0	0	0	0	25802	0
LFQ	119	0	0	0	0	0	0	0	0	0	0	0	550	0	0	0	0	0	0	0	0	0	0	0	0	0	1411	0	0	0	0	0	0	0	0	0	0	0	25871	0
LFQ	120	0	0	0	0	0	0	0	0	0	0	0	575	0	0	0	0	0	0	0	0	0	0	0	0	0	1400	0	0	0	0	0	0	0	0	0	0	0	25857	0
LFQ	121	0	0	0	0	0	0	0	0	0	0	0	573	0	0	0	0	0	0	0	0	0	0	0	0	0	1427	0	0	0	0	0	0	0	0	0	0	0	25832	0
LFQ	122	0	0	0	0	0	0	0	0	0	0	0	656	0	0	0	0	0	0	0	0	0	0	0	0	0	1379	0	0	0	0	0	0	0	0	0	0	0	25797	0
LFQ	123	0	0	0	0	0	0	0	0	0	0	0	612	0	0	0	0	0	0	0	0	0	0	0	0	0	1430	0	0	0	0	0	0	0	0	0	0	0	25790	0
LFQ	124	0	0	0	0	0	0	0	0	0	0	0	685	0	0	0	0	0	0	0	0	0	0	0	0	0	1524	0	0	0	0	0	0	0	0	0	0	0	25623	0
LFQ	125	0	0	0	0	0	0	0	0	0	0	0	682	0	0	0	0	0	0	0	0	0	0	0	0	0	1540	0	0	0	0	0	0	0	0	0	0	0	25610	0
LFQ	126	0	0	0	0	0	0	0	0	0	0	0	624	0	0	0	0	0	0	0	0	0	0	0	0	0	1475	0	0	0	0	0	0	0	0	0	0	0	25733	0
LFQ	127	0	0	0	0	0	0	0	0	0	0	0	626	0	0	0	0	0	0	0	0	0	0	0	0	0	1508	0	0	0	0	0	0	0	0	0	0	0	25698	0
LFQ	128	0	0	0	0	0	0	0	0	0	0	0	654	0	0	0	0	0	0	0	0	0	0	0	0	0	1527	0	0	0	0	0	0	0	0	0	0	0	25651	0
LFQ	129	0	0	0	0	0	0	0	0	0	0	0	679	0	0	0	0	0	0	0	0	0	0	0	0	0	1530	0	0	0	0	0	0	0	0	0	0	0	25623	0
LFQ	130	0	0	0	0	0	0	0	0	0	0	0	675	0	0	0	0	0	0	0	0	0	0	0	0	0	1596	0	0	0	0	0	0	0	0	0	0	0	25561	0
LFQ	131	0	0	0	0	0	0	0	0	0	0	0	707	0	0	0	0	0	0	0	0	0	0	0	0	0	1633	0	0	0	0	0	0	0	0	0	0	0	25492	0
LFQ	132	0	0	0	0	0	0	0	0	0	0	0	710	0	0	0	0	0	0	0	0	0	0	0	0	0	1635	0	0	0	0	0	0	0	0	0	0	0	25487	0
LFQ	133	0	0	0	0	0	0	0	0	0	0	0	698	0	0	0	0	0	0	0	0	0	0	0	0	0	1610	0	0	0	0	0	0	0	0	0	0	0	25524	0
LFQ	134	0	0	0	0	0	0	0	0	0	0	0	690	0	0	0	0	0	0	0	0	0	0	0	0	0	1550	0	0	0	0	0	0	0	0	0	0	0	25592	0
LFQ	135	0	0	0	0	0	0	0	0	0	0	0	682	0	0	0	0	0	0	0	0	0	0	0	0	0	1564	0	0	0	0	0	0	0	0	0	0	0	25586	0
LFQ	136	0	0	0	0	0	0	0	0	0	0	0	745	0	0	0	0	0	0	0	0	0	0	0	0	0	1662	0	0	0	0	0	0	0	0	0	0	0	25425	0
LFQ	137	0	0	0	0	0	0	0	0	0	0	0	729	0	0	0	0	0	0	0	0	0	0	0	0	0	1653	0	0	0	0	0	0	0	0	0	0	0	25450	0
LFQ	138	0	0	0	0	0	0	0	0	0	0	0	761	0	0	0	0	0	0	0	0	0	0	0	0	0	1643	0	0	0	0	0	0	0	0	0	0	0	25416	0
LFQ	139	0	0	0	0	0	0	0	0	0	0	0	719	0	0	0	0	0	0	0	0	0	0	0	0	0	1668	0	0	0	0	0	0	0	0	0	0	0	25407	0
LFQ	140	0	0	0	0	0	0	0	0	0	0	0	784	0	0	0	0	0	0	0	0	0	0	0	0	0	1714	0	0	0	0	0	0	0	0	0	0	0	25270	0
LFQ	141	0	0	0	0	0	0	0	0	0	0	0	858	0	0	0	0	0	0	0	0	0	0	0	0	0	1768	0	0	0	0	0	0	0	0	0	0	0	25118	0
LFQ	142	0	0	0	0	0	0	0	0	0	0	0	819	0	0	0	0	0	0	0	0	0	0	0	0	0	1862	0	0	0	0	0	0	0	0	0	0	0	25048	0
LFQ	143	0	0	0	0	0	0	0	0	0	0	0	849	0	0	0	0	0	0	0	0	0	0	0	0	0	1803	0	0	0	0	0	0	0	0	0	0	0	25057	0
LFQ	144	0	0	0	0	0	0	0	0	0	0	0	758	0	0	0	0	0	0	0	0	0	0	0	0	0	1736	0	0	0	0	0	0	0	0	0	0	0	25195	0
LFQ	145	0	0	0	0	0	0	0	0	0	0	0	780	0	0	0	0	0	0	0	0	0	0	0	0	0	1766	0	0	0	0	0	0	0	0	0	0	0	25117	0
LFQ	146	0	0	0	0	0	0	0	0	0	0	0	832	0	0	0	0	0	0	0	0	0	0	0	0	0	1824	0	0	0	0	0	0	0	0	0	0	0	24964	0
LFQ	147	0	0	0	0	0	0	0	0	0	0	0	861	0	0	0	0	0	0	0	0	0	0	0	0	0	1712	0	0	0	0	0	0	0	0	0	0	0	24944	0
LFQ	148	0	0	0	0	0	0	0	0	0	0	0	755	0	0	0	0	0	0	0	0	0	0	0	0	0	1702	0	0	0	0	0	0	0	0	0	0	0	24340	0
LFQ	149	0	0	0	0	0	0	0	0	0	0	0	797	0	0	0	0	0	0	0	0	0	0	0	0	0	1683	0	0	0	0	0	0	0	0	0	0	0	24317	0
LFQ	150	0	0	0	0	0	0	0	0	0	0	0	889	0	0	0	0	0	0	0	0	0	0	0	0	0	1793	0	0	0	0	0	0	0	0	0	0	0	24101	0
# GC Content of first fragments. Use `grep ^GCF | cut -f 2-` to extract this part.
GCF	3.52	0
GCF	7.29	1
GCF	9.55	0
GCF	12.06	1
GCF	13.82	0
GCF	15.33	2
GCF	16.08	0
GCF	16.83	1
GCF	17.34	0
GCF	17.84	1
GCF	18.34	2
GCF	18.84	3
GCF	19.35	2
GCF	20.10	0
GCF	20.85	1
GCF	23.12	0
GCF	25.38	2
GCF	26.13	8
GCF	26.88	7
GCF	27.39	6
GCF	27.89	47
GCF	28.39	48
GCF	28.89	137
GCF	29.40	148
GCF	29.90	95
GCF	30.40	96
GCF	30.90	153
GCF	31.41	244
GCF	31.91	673
GCF	32.41	675
GCF	32.91	1173
GCF	33.42	700
GCF	33.92	487
GCF	34.42	572
GCF	34.92	582
GCF	35.43	945
GCF	35.93	1074
GCF	36.43	1344
GCF	36.93	1368
GCF	37.44	1716
GCF	37.94	1626
GCF	38.44	1913
GCF	38.94	1960
GCF	39.45	2511
GCF	39.95	2205
GCF	40.45	1600
GCF	40.95	1601
GCF	41.46	1393
GCF	41.96	1808
GCF	42.46	1292
GCF	42.96	1489
GCF	43.47	954
GCF	43.97	1305
GCF	44.47	413
GCF	44.97	442
GCF	45.48	572
GCF	45.98	421
GCF	46.48	179
GCF	46.98	181
GCF	47.49	145
GCF	47.99	141
GCF	48.49	120
GCF	48.99	123
GCF	49.50	45
GCF	50.00	11
GCF	50.75	9
GCF	51.51	3
# GC Content of last fragments. Use `grep ^GCL | cut -f 2-` to extract this part.
GCL	0.25	0
GCL	0.75	1
GCL	1.26	0
GCL	2.01	1
GCL	4.02	0
GCL	6.03	1
GCL	7.04	0
GCL	8.04	2
GCL	10.80	0
GCL	13.82	1
GCL	15.08	0
GCL	16.08	1
GCL	16.83	0
GCL	17.84	1
GCL	18.84	2
GCL	19.35	1
GCL	20.35	0
GCL	21.86	2
GCL	22.86	0
GCL	23.37	3
GCL	24.12	0
GCL	25.13	3
GCL	25.88	6
GCL	26.38	7
GCL	26.88	9
GCL	27.39	4
GCL	27.89	49
GCL	28.39	50
GCL	28.89	263
GCL	29.40	250
GCL	29.90	132
GCL	30.40	133
GCL	30.90	261
GCL	31.41	454
GCL	31.91	557
GCL	32.41	554
GCL	32.91	642
GCL	33.42	451
GCL	33.92	461
GCL	34.42	765
GCL	34.92	776
GCL	35.43	1005
GCL	35.93	1329
GCL	36.43	1376
GCL	36.93	1433
GCL	37.44	1667
GCL	37.94	1431
GCL	38.44	1675
GCL	38.94	1623
GCL	39.45	1928
GCL	39.95	1890
GCL	40.45	1928
GCL	40.95	2022
GCL	41.46	1362
GCL	41.96	1468
GCL	42.46	1441
GCL	42.96	1442
GCL	43.47	1057
GCL	43.97	1077
GCL	44.47	491
GCL	44.97	467
GCL	45.48	415
GCL	45.98	376
GCL	46.48	320
GCL	46.98	299
GCL	47.49	263
GCL	47.99	234
GCL	48.49	186
GCL	48.99	184
GCL	49.50	333
GCL	50.00	69
GCL	50.50	50
GCL	51.01	51
GCL	51.51	69
GCL	52.01	3
GCL	52.76	1
GCL	56.28	0
GCL	59.55	1
GCL	64.32	0
GCL	69.35	1
GCL	70.10	0
GCL	70.60	1
GCL	72.36	0
GCL	74.12	1
GCL	74.62	0
GCL	75.38	1
GCL	81.16	0
GCL	86.68	1
# ACGT content per cycle. Use `grep ^GCC | cut -f 2-` to extract this part. The columns are: cycle; A,C,G,T base counts as a percentage of all A/C/G/T bases [%]; and N and O counts as a percentage of all A/C/G/T bases [%]
GCC	1	21.50	25.66	36.91	15.92	0.00	0.00
GCC	2	30.14	15.84	30.49	23.53	0.00	0.00
GCC	3	29.13	16.41	30.80	23.66	0.00	0.00
GCC	4	27.55	18.40	31.30	22.76	0.00	0.00
GCC	5	31.43	16.01	26.41	26.15	0.00	0.00
GCC	6	33.26	16.35	21.88	28.52	0.02	0.00
GCC	7	29.81	14.56	18.13	37.50	0.00	0.00
GCC	8	30.98	15.15	21.38	32.49	0.01	0.00
GCC	9	28.86	15.22	24.22	31.69	0.00	0.00
GCC	10	34.94	13.58	19.91	31.57	0.00	0.00
GCC	11	29.99	17.02	24.52	28.46	0.00	0.00
GCC	12	26.79	17.84	24.46	30.91	0.00	0.00
GCC	13	30.68	17.94	21.60	29.79	0.00	0.00
GCC	14	29.30	18.21	21.94	30.55	0.00	0.00
GCC	15	32.33	17.95	21.00	28.72	0.00	0.00
GCC	16	31.74	15.86	22.85	29.55	0.00	0.00
GCC	17	29.45	16.26	24.20	30.10	0.00	0.00
GCC	18	30.88	16.49	22.29	30.34	0.00	0.00
GCC	19	28.86	14.62	23.64	32.88	0.00	0.00
GCC	20	28.38	16.46	24.33	30.83	0.00	0.00
GCC	21	30.07	16.28	23.25	30.40	0.00	0.00
GCC	22	30.32	15.30	23.29	31.10	0.00	0.00
GCC	23	30.67	16.21	21.88	31.24	0.00	0.00
GCC	24	30.89	15.29	22.54	31.28	0.00	0.00
GCC	25	30.82	16.05	20.65	32.48	0.00	0.00
GCC	26	30.73	16.28	21.82	31.17	0.00	0.00
GCC	27	30.09	17.81	22.57	29.53	0.00	0.00
GCC	28	31.69	16.56	22.75	28.99	0.00	0.00
GCC	29	30.89	16.74	21.64	30.73	0.00	0.00
GCC	30	30.67	16.51	22.09	30.73	0.00	0.00
GCC	31	30.79	17.28	20.94	30.99	0.00	0.00
GCC	32	30.21	16.50	23.27	30.02	0.00	0.00
GCC	33	30.55	17.18	22.71	29.55	0.00	0.00
GCC	34	30.21	17.88	22.43	29.48	0.00	0.00
GCC	35	30.37	17.05	23.56	29.02	0.00	0.00
GCC	36	31.67	17.22	21.77	29.35	0.00	0.00
GCC	37	31.05	17.85	22.06	29.04	0.00	0.00
GCC	38	30.95	17.61	22.92	28.52	0.00	0.00
GCC	39	30.73	17.71	22.53	29.03	0.00	0.00
GCC	40	30.46	15.84	23.02	30.67	0.00	0.00
GCC	41	30.36	17.18	21.53	30.93	0.00	0.00
GCC	42	31.38	16.14	21.89	30.58	0.00	0.00
GCC	43	30.72	15.42	23.67	30.19	0.00	0.00
GCC	44	30.29	15.41	23.37	30.93	0.00	0.00
GCC	45	31.19	15.28	22.34	31.19	0.00	0.00
GCC	46	30.51	16.43	22.05	31.00	0.00	0.00
GCC	47	31.96	15.49	22.90	29.64	0.00	0.00
GCC	48	30.76	16.48	23.21	29.55	0.00	0.00
GCC	49	31.53	16.15	23.16	29.16	0.00	0.00
GCC	50	31.33	16.72	22.61	29.33	0.00	0.00
GCC	51	30.63	16.62	21.05	31.70	0.00	0.00
GCC	52	31.68	16.73	22.10	29.49	0.00	0.00
GCC	53	30.32	16.82	23.70	29.16	0.00	0.00
GCC	54	28.76	17.06	22.88	31.31	0.00	0.00
GCC	55	29.69	15.82	22.92	31.57	0.00	0.00
GCC	56	29.30	17.62	21.90	31.18	0.00	0.00
GCC	57	28.35	18.15	22.85	30.64	0.00	0.00
GCC	58	30.45	15.97	22.93	30.65	0.00	0.00
GCC	59	28.86	15.56	24.26	31.32	0.00	0.00
GCC	60	31.85	14.11	24.59	29.45	0.00	0.00
GCC	61	30.18	14.67	22.72	32.43	0.00	0.00
GCC	62	30.04	15.07	23.47	31.42	0.00	0.00
GCC	63	30.09	16.07	22.94	30.89	0.00	0.00
GCC	64	30.44	15.67	23.16	30.72	0.00	0.00
GCC	65	30.28	15.72	22.15	31.85	0.00	0.00
GCC	66	28.86	16.41	23.94	30.78	0.00	0.00
GCC	67	30.80	15.75	21.70	31.75	0.00	0.00
GCC	68	31.36	16.20	21.34	31.10	0.00	0.00
GCC	69	29.46	15.17	22.77	32.59	0.00	0.00
GCC	70	30.87	16.15	22.42	30.55	0.00	0.00
GCC	71	31.75	14.56	22.43	31.26	0.00	0.00
GCC	72	30.57	14.90	24.16	30.37	0.00	0.00
GCC	73	32.14	15.62	20.91	31.33	0.00	0.00
GCC	74	30.22	14.95	22.69	32.14	0.00	0.00
GCC	75	30.68	15.72	21.92	31.68	0.00	0.00
GCC	76	30.56	14.23	23.48	31.73	0.00	0.00
GCC	77	32.16	14.23	23.09	30.52	0.00	0.00
GCC	78	32.51	15.30	21.64	30.56	0.00	0.00
GCC	79	31.27	14.43	22.54	31.76	0.00	0.00
GCC	80	31.05	14.91	22.43	31.61	0.00	0.00
GCC	81	31.02	16.47	21.76	30.75	0.00	0.00
GCC	82	30.19	16.56	21.92	31.33	0.00	0.00
GCC	83	28.11	17.21	22.80	31.88	0.00	0.00
GCC	84	28.86	16.55	23.28	31.31	0.00	0.00
GCC	85	29.64	17.80	22.89	29.67	0.00	0.00
GCC	86	29.89	15.47	23.58	31.05	0.00	0.00
GCC	87	30.63	15.17	23.40	30.80	0.00	0.00
GCC	88	31.43	16.80	22.66	29.11	0.00	0.00
GCC	89	31.49	16.01	23.10	29.40	0.00	0.00
GCC	90	32.38	16.65	21.42	29.55	0.00	0.00
GCC	91	28.56	16.87	22.06	32.50	0.00	0.00
GCC	92	30.61	16.01	22.71	30.68	0.00	0.00
GCC	93	29.31	15.86	22.49	32.34	0.00	0.00
GCC	94	29.62	15.98	21.89	32.51	0.00	0.00
GCC	95	29.85	16.42	22.47	31.26	0.00	0.00
GCC	96	30.65	16.39	20.60	32.36	0.00	0.00
GCC	97	30.60	15.77	21.56	32.08	0.00	0.00
GCC	98	28.81	15.92	22.38	32.89	0.00	0.00
GCC	99	30.77	15.81	22.48	30.94	0.00	0.00
GCC	100	30.32	16.11	21.12	32.45	0.00	0.00
GCC	101	30.97	15.24	22.86	30.93	0.00	0.00
GCC	102	31.32	15.21	22.63	30.84	0.00	0.00
GCC	103	31.46	15.70	21.02	31.82	0.00	0.00
GCC	104	30.97	16.39	21.96	30.68	0.00	0.00
GCC	105	30.40	17.93	21.87	29.81	0.00	0.00
GCC	106	30.68	17.25	22.38	29.69	0.00	0.00
GCC	107	30.67	17.08	23.06	29.19	0.00	0.00
GCC	108	28.81	15.74	24.76	30.69	0.00	0.00
GCC	109	29.73	17.11	24.80	28.36	0.00	0.00
GCC	110	30.43	16.35	23.86	29.35	0.00	0.00
GCC	111	30.67	17.25	22.50	29.57	0.00	0.00
GCC	112	29.87	17.31	22.17	30.65	0.00	0.00
GCC	113	30.54	16.00	22.45	31.00	0.00	0.00
GCC	114	29.88	16.42	22.88	30.82	0.00	0.00
GCC	115	30.47	16.49	22.00	31.05	0.00	0.00
GCC	116	29.68	15.30	23.90	31.12	0.00	0.00
GCC	117	30.17	16.80	22.02	31.01	0.00	0.00
GCC	118	30.60	15.23	24.03	30.14	0.00	0.00
GCC	119	29.43	14.25	21.83	34.50	0.00	0.00
GCC	120	29.68	16.07	22.15	32.10	0.00	0.00
GCC	121	30.02	14.25	23.21	32.52	0.00	0.00
GCC	122	31.14	14.48	21.83	32.55	0.00	0.00
GCC	123	30.01	15.95	21.89	32.16	0.00	0.00
GCC	124	30.84	16.38	22.38	30.40	0.00	0.00
GCC	125	30.11	15.14	22.44	32.31	0.00	0.00
GCC	126	30.48	16.86	21.03	31.64	0.00	0.00
GCC	127	28.65	15.49	21.95	33.91	0.00	0.00
GCC	128	28.05	16.84	22.70	32.41	0.00	0.00
GCC	129	29.20	18.05	21.92	30.83	0.00	0.00
GCC	130	30.75	15.42	23.12	30.71	0.00	0.00
GCC	131	30.77	15.81	22.69	30.72	0.00	0.00
GCC	132	30.19	17.34	21.83	30.64	0.00	0.00
GCC	133	31.44	14.87	23.56	30.13	0.00	0.00
GCC	134	30.32	14.91	23.62	31.15	0.00	0.00
GCC	135	30.99	16.74	23.62	28.65	0.00	0.00
GCC	136	30.80	15.10	24.77	29.34	0.00	0.00
GCC	137	30.81	15.09	24.64	29.46	0.00	0.00
GCC	138	31.90	14.48	23.04	30.57	0.00	0.00
GCC	139	30.92	15.13	23.86	30.09	0.00	0.00
GCC	140	30.33	14.26	23.79	31.62	0.00	0.00
GCC	141	29.52	15.40	24.10	30.97	0.00	0.00
GCC	142	31.78	16.02	23.94	28.26	0.00	0.00
GCC	143	31.14	15.28	23.51	30.08	0.00	0.00
GCC	144	30.91	16.29	23.11	29.70	0.00	0.00
GCC	145	29.94	16.74	22.09	31.23	0.00	0.00
GCC	146	29.81	16.31	22.44	31.45	0.00	0.00
GCC	147	29.59	16.74	23.02	30.65	0.00	0.00
GCC	148	28.51	17.75	22.22	31.53	0.00	0.00
GCC	149	29.13	16.36	23.33	31.18	0.00	0.00
GCC	150	28.86	17.23	23.63	30.28	0.00	0.00
# ACGT content per cycle for first fragments. Use `grep ^FBC | cut -f 2-` to extract this part. The columns are: cycle; A,C,G,T base counts as a percentage of all A/C/G/T bases [%]; and N and O counts as a percentage of all A/C/G/T bases [%]
FBC	1	14.35	25.14	45.81	14.70	0.00	0.00
FBC	2	29.28	20.74	33.57	16.42	0.00	0.00
FBC	3	26.59	16.72	40.33	16.35	0.00	0.00
FBC	4	22.72	22.18	34.74	20.37	0.00	0.00
FBC	5	26.99	19.42	27.97	25.62	0.00	0.00
FBC	6	26.48	18.51	23.52	31.49	0.03	0.00
FBC	7	36.44	12.93	16.62	34.01	0.01	0.00
FBC	8	35.71	11.20	22.83	30.26	0.01	0.00
FBC	9	33.98	13.45	22.85	29.72	0.00	0.00
FBC	10	32.74	13.43	17.44	36.39	0.00	0.00
FBC	11	27.09	16.48	22.55	33.89	0.00	0.00
FBC	12	25.77	17.23	23.34	33.66	0.00	0.00
FBC	13	33.14	16.95	20.41	29.51	0.00	0.00
FBC	14	29.54	18.73	21.93	29.80	0.00	0.00
FBC	15	32.77	17.64	20.03	29.56	0.00	0.00
FBC	16	33.45	14.57	22.61	29.37	0.00	0.00
FBC	17	30.94	15.08	23.36	30.62	0.00	0.00
FBC	18	33.16	15.13	21.04	30.67	0.00	0.00
FBC	19	30.08	13.39	23.77	32.77	0.00	0.00
FBC	20	28.67	15.15	24.60	31.59	0.00	0.00
FBC	21	29.66	15.18	24.07	31.09	0.00	0.00
FBC	22	30.31	13.55	22.80	33.33	0.00	0.00
FBC	23	30.79	15.31	20.56	33.33	0.00	0.00
FBC	24	30.24	14.35	23.13	32.29	0.00	0.00
FBC	25	30.58	15.47	19.31	34.64	0.00	0.00
FBC	26	30.66	16.60	20.71	32.03	0.00	0.00
FBC	27	29.84	17.98	22.40	29.78	0.00	0.00
FBC	28	34.11	15.72	21.49	28.68	0.00	0.00
FBC	29	33.04	16.43	20.07	30.46	0.00	0.00
FBC	30	31.40	16.26	22.13	30.22	0.00	0.00
FBC	31	33.30	15.81	21.00	29.89	0.00	0.00
FBC	32	31.25	17.28	22.14	29.32	0.00	0.00
FBC	33	31.73	17.81	21.75	28.70	0.00	0.00
FBC	34	29.84	20.34	21.34	28.48	0.00	0.00
FBC	35	30.03	17.84	23.94	28.19	0.00	0.00
FBC	36	33.28	17.89	20.22	28.61	0.00	0.00
FBC	37	31.39	18.10	21.63	28.88	0.00	0.00
FBC	38	32.33	18.47	21.30	27.91	0.00	0.00
FBC	39	31.36	19.18	21.86	27.60	0.00	0.00
FBC	40	30.54	15.92	23.73	29.81	0.00	0.00
FBC	41	30.81	18.39	20.66	30.15	0.00	0.00
FBC	42	31.48	15.78	20.74	31.99	0.00	0.00
FBC	43	30.21	14.94	22.61	32.24	0.00	0.00
FBC	44	30.47	14.75	22.45	32.33	0.00	0.00
FBC	45	30.90	14.72	21.72	32.66	0.00	0.00
FBC	46	31.39	14.93	21.83	31.85	0.00	0.00
FBC	47	33.84	14.50	21.98	29.68	0.00	0.00
FBC	48	31.27	17.21	22.22	29.30	0.00	0.00
FBC	49	33.33	15.93	21.76	28.98	0.00	0.00
FBC	50	33.05	17.03	22.42	27.50	0.00	0.00
FBC	51	31.70	16.93	20.13	31.24	0.00	0.00
FBC	52	33.23	17.00	21.44	28.33	0.00	0.00
FBC	53	28.85	17.63	23.62	29.90	0.00	0.00
FBC	54	26.75	18.74	22.46	32.05	0.00	0.00
FBC	55	29.89	15.54	22.89	31.68	0.00	0.00
FBC	56	28.77	18.80	22.02	30.41	0.00	0.00
FBC	57	27.76	19.02	23.18	30.03	0.00	0.00
FBC	58	29.75	15.11	24.02	31.13	0.00	0.00
FBC	59	29.05	14.02	24.80	32.13	0.00	0.00
FBC	60	32.45	13.06	25.33	29.16	0.00	0.00
FBC	61	30.80	13.28	23.15	32.77	0.00	0.00
FBC	62	29.85	13.86	24.12	32.18	0.00	0.00
FBC	63	29.60	15.53	23.92	30.94	0.00	0.00
FBC	64	29.65	16.25	23.45	30.66	0.00	0.00
FBC	65	29.99	16.56	20.10	33.36	0.00	0.00
FBC	66	28.60	17.11	23.58	30.71	0.00	0.00
FBC	67	30.18	16.32	21.35	32.15	0.00	0.00
FBC	68	31.67	15.80	20.79	31.74	0.00	0.00
FBC	69	28.86	14.38	23.11	33.65	0.00	0.00
FBC	70	33.39	15.48	20.61	30.52	0.00	0.00
FBC	71	32.93	13.22	22.49	31.36	0.00	0.00
FBC	72	30.70	13.99	24.54	30.77	0.00	0.00
FBC	73	32.56	15.11	19.94	32.39	0.00	0.00
FBC	74	29.28	14.54	22.61	33.57	0.00	0.00
FBC	75	31.23	14.32	21.35	33.10	0.00	0.00
FBC	76	32.10	12.80	22.15	32.94	0.00	0.00
FBC	77	32.91	13.28	24.56	29.25	0.00	0.00
FBC	78	35.39	13.37	20.97	30.26	0.00	0.00
FBC	79	33.01	12.59	22.00	32.40	0.00	0.00
FBC	80	33.30	14.15	20.94	31.61	0.00	0.00
FBC	81	32.20	15.71	20.88	31.21	0.00	0.00
FBC	82	29.93	16.65	22.19	31.23	0.00	0.00
FBC	83	26.84	17.54	21.76	33.86	0.00	0.00
FBC	84	27.59	17.52	22.32	32.57	0.00	0.00
FBC	85	28.01	19.00	22.46	30.52	0.00	0.00
FBC	86	29.18	14.97	23.09	32.75	0.00	0.00
FBC	87	29.49	15.30	24.44	30.77	0.00	0.00
FBC	88	31.86	17.05	22.86	28.23	0.00	0.00
FBC	89	33.15	14.75	22.68	29.43	0.00	0.00
FBC	90	33.43	17.00	20.11	29.46	0.00	0.00
FBC	91	28.50	16.89	21.45	33.15	0.00	0.00
FBC	92	30.38	16.25	21.64	31.73	0.00	0.00
FBC	93	28.17	15.96	22.09	33.79	0.00	0.00
FBC	94	27.91	16.59	22.28	33.23	0.00	0.00
FBC	95	29.01	17.04	22.43	31.52	0.00	0.00
FBC	96	29.60	17.29	18.89	34.22	0.00	0.00
FBC	97	30.20	16.47	21.42	31.91	0.00	0.00
FBC	98	29.37	16.42	22.62	31.59	0.00	0.00
FBC	99	32.21	14.96	21.63	31.20	0.00	0.00
FBC	100	30.30	15.56	20.05	34.09	0.00	0.00
FBC	101	31.41	14.31	22.33	31.95	0.00	0.00
FBC	102	31.27	15.18	22.27	31.28	0.00	0.00
FBC	103	31.80	15.95	19.87	32.37	0.00	0.00
FBC	104	32.61	16.05	19.81	31.53	0.00	0.00
FBC	105	30.23	18.94	21.59	29.24	0.00	0.00
FBC	106	31.09	18.35	23.01	27.55	0.00	0.00
FBC	107	29.17	19.25	23.23	28.36	0.00	0.00
FBC	108	27.70	15.87	25.85	30.58	0.00	0.00
FBC	109	29.84	17.94	23.90	28.32	0.00	0.00
FBC	110	30.07	17.40	23.06	29.47	0.00	0.00
FBC	111	31.23	17.79	22.11	28.87	0.00	0.00
FBC	112	28.64	19.13	22.56	29.66	0.00	0.00
FBC	113	30.60	16.19	22.61	30.59	0.00	0.00
FBC	114	28.90	18.36	22.02	30.72	0.00	0.00
FBC	115	29.94	17.87	21.78	30.41	0.00	0.00
FBC	116	27.81	16.02	23.75	32.42	0.00	0.00
FBC	117	28.88	18.50	21.30	31.33	0.00	0.00
FBC	118	30.86	15.84	24.41	28.89	0.00	0.00
FBC	119	28.63	14.30	19.80	37.27	0.00	0.00
FBC	120	28.67	16.34	21.92	33.08	0.00	0.00
FBC	121	28.81	12.98	22.96	35.25	0.00	0.00
FBC	122	32.73	12.79	21.11	33.37	0.00	0.00
FBC	123	29.61	16.07	20.73	33.60	0.00	0.00
FBC	124	32.42	15.92	22.40	29.26	0.00	0.00
FBC	125	30.10	14.48	22.32	33.09	0.00	0.00
FBC	126	29.40	17.92	19.25	33.43	0.00	0.00
FBC	127	28.89	15.07	21.96	34.07	0.00	0.00
FBC	128	26.65	17.04	20.81	35.49	0.00	0.00
FBC	129	28.62	19.03	21.76	30.59	0.00	0.00
FBC	130	31.00	15.26	22.76	30.98	0.00	0.00
FBC	131	30.31	15.69	22.59	31.41	0.00	0.00
FBC	132	30.02	18.81	21.11	30.06	0.00	0.00
FBC	133	31.75	14.67	23.42	30.16	0.00	0.00
FBC	134	31.78	13.35	23.73	31.14	0.00	0.00
FBC	135	30.08	18.33	23.53	28.07	0.00	0.00
FBC	136	30.51	14.30	27.09	28.10	0.00	0.00
FBC	137	30.80	14.66	27.34	27.20	0.00	0.00
FBC	138	31.77	13.99	24.03	30.22	0.00	0.00
FBC	139	31.42	14.52	25.66	28.39	0.00	0.00
FBC	140	28.95	14.61	25.03	31.42	0.00	0.00
FBC	141	28.84	15.84	25.52	29.80	0.00	0.00
FBC	142	30.76	17.57	23.49	28.18	0.00	0.00
FBC	143	31.63	15.87	22.95	29.56	0.00	0.00
FBC	144	31.44	17.77	22.12	28.67	0.00	0.00
FBC	145	28.53	18.96	22.60	29.91	0.00	0.00
FBC	146	30.47	17.50	22.25	29.77	0.00	0.00
FBC	147	29.27	16.27	22.92	31.54	0.00	0.00
FBC	148	27.51	19.85	22.53	30.11	0.00	0.00
FBC	149	28.96	18.78	22.90	29.36	0.00	0.00
FBC	150	26.28	19.89	23.44	30.39	0.00	0.00
# ACGT content per cycle for last fragments. Use `grep ^LBC | cut -f 2-` to extract this part. The columns are: cycle; A,C,G,T base counts as a percentage of all A/C/G/T bases [%]; and N and O counts as a percentage of all A/C/G/T bases [%]
LBC	1	28.79	26.20	27.83	17.18	0.00	0.00
LBC	2	31.02	10.84	27.34	30.80	0.00	0.00
LBC	3	31.72	16.09	21.07	31.12	0.00	0.00
LBC	4	32.47	14.54	27.78	25.20	0.00	0.00
LBC	5	35.97	12.53	24.82	26.68	0.00	0.00
LBC	6	40.18	14.14	20.20	25.49	0.00	0.00
LBC	7	23.05	16.23	19.66	41.06	0.00	0.00
LBC	8	26.16	19.19	19.89	34.75	0.00	0.00
LBC	9	23.64	17.04	25.62	33.70	0.00	0.00
LBC	10	37.19	13.73	22.43	26.65	0.00	0.00
LBC	11	32.96	17.57	26.54	22.92	0.00	0.00
LBC	12	27.82	18.48	25.59	28.11	0.00	0.00
LBC	13	28.18	18.94	22.81	30.07	0.00	0.00
LBC	14	29.06	17.68	21.95	31.32	0.00	0.00
LBC	15	31.88	18.27	21.99	27.86	0.00	0.00
LBC	16	29.99	17.17	23.10	29.74	0.00	0.00
LBC	17	27.93	17.45	25.05	29.57	0.00	0.00
LBC	18	28.54	17.89	23.57	30.01	0.00	0.00
LBC	19	27.62	15.88	23.50	32.99	0.00	0.00
LBC	20	28.09	17.81	24.05	30.06	0.00	0.00
LBC	21	30.49	17.40	22.42	29.68	0.00	0.00
LBC	22	30.33	17.08	23.78	28.81	0.00	0.00
LBC	23	30.53	17.12	23.23	29.11	0.00	0.00
LBC	24	31.55	16.25	21.94	30.25	0.00	0.00
LBC	25	31.06	16.65	22.01	30.28	0.00	0.00
LBC	26	30.80	15.96	22.95	30.29	0.00	0.00
LBC	27	30.34	17.64	22.75	29.27	0.00	0.00
LBC	28	29.23	17.42	24.04	29.31	0.00	0.00
LBC	29	28.69	17.06	23.24	31.01	0.00	0.00
LBC	30	29.93	16.77	22.05	31.25	0.00	0.00
LBC	31	28.23	18.78	20.88	32.11	0.00	0.00
LBC	32	29.15	15.70	24.41	30.74	0.00	0.00
LBC	33	29.34	16.54	23.70	30.42	0.00	0.00
LBC	34	30.59	15.37	23.53	30.51	0.00	0.00
LBC	35	30.71	16.25	23.17	29.86	0.00	0.00
LBC	36	30.02	16.53	23.35	30.10	0.00	0.00
LBC	37	30.71	17.59	22.50	29.20	0.00	0.00
LBC	38	29.55	16.73	24.58	29.14	0.00	0.00
LBC	39	30.08	16.21	23.22	30.49	0.00	0.00
LBC	40	30.38	15.77	22.30	31.55	0.00	0.00
LBC	41	29.90	15.95	22.42	31.73	0.00	0.00
LBC	42	31.28	16.50	23.07	29.15	0.00	0.00
LBC	43	31.24	15.91	24.76	28.09	0.00	0.00
LBC	44	30.11	16.08	24.30	29.51	0.00	0.00
LBC	45	31.49	15.86	22.97	29.69	0.00	0.00
LBC	46	29.62	17.96	22.28	30.13	0.00	0.00
LBC	47	30.05	16.51	23.84	29.60	0.00	0.00
LBC	48	30.25	15.73	24.22	29.81	0.00	0.00
LBC	49	29.69	16.38	24.59	29.34	0.00	0.00
LBC	50	29.58	16.41	22.82	31.19	0.00	0.00
LBC	51	29.53	16.30	21.99	32.17	0.00	0.00
LBC	52	30.09	16.45	22.78	30.68	0.00	0.00
LBC	53	31.82	15.99	23.79	28.41	0.00	0.00
LBC	54	30.82	15.33	23.30	30.55	0.00	0.00
LBC	55	29.48	16.11	22.94	31.46	0.00	0.00
LBC	56	29.84	16.43	21.77	31.96	0.00	0.00
LBC	57	28.96	17.26	22.51	31.26	0.00	0.00
LBC	58	31.17	16.85	21.81	30.16	0.00	0.00
LBC	59	28.68	17.13	23.70	30.49	0.00	0.00
LBC	60	31.23	15.19	23.84	29.74	0.00	0.00
LBC	61	29.55	16.08	22.28	32.08	0.00	0.00
LBC	62	30.23	16.32	22.80	30.65	0.00	0.00
LBC	63	30.59	16.62	21.94	30.84	0.00	0.00
LBC	64	31.26	15.08	22.87	30.79	0.00	0.00
LBC	65	30.59	14.87	24.24	30.31	0.00	0.00
LBC	66	29.14	15.69	24.32	30.85	0.00	0.00
LBC	67	31.43	15.17	22.06	31.33	0.00	0.00
LBC	68	31.05	16.60	21.90	30.45	0.00	0.00
LBC	69	30.07	15.98	22.43	31.51	0.00	0.00
LBC	70	28.31	16.84	24.27	30.59	0.00	0.00
LBC	71	30.54	15.94	22.37	31.15	0.00	0.00
LBC	72	30.43	15.82	23.78	29.97	0.00	0.00
LBC	73	31.72	16.13	21.91	30.24	0.00	0.00
LBC	74	31.18	15.37	22.78	30.67	0.00	0.00
LBC	75	30.11	17.15	22.50	30.24	0.00	0.00
LBC	76	28.98	15.69	24.83	30.50	0.00	0.00
LBC	77	31.40	15.19	21.60	31.82	0.00	0.00
LBC	78	29.56	17.26	22.32	30.85	0.00	0.00
LBC	79	29.49	16.30	23.09	31.12	0.00	0.00
LBC	80	28.75	15.68	23.95	31.62	0.00	0.00
LBC	81	29.83	17.23	22.65	30.29	0.00	0.00
LBC	82	30.46	16.47	21.63	31.43	0.00	0.00
LBC	83	29.41	16.88	23.86	29.86	0.00	0.00
LBC	84	30.16	15.55	24.26	30.03	0.00	0.00
LBC	85	31.29	16.56	23.33	28.81	0.00	0.00
LBC	86	30.62	15.99	24.08	29.32	0.00	0.00
LBC	87	31.79	15.04	22.34	30.83	0.00	0.00
LBC	88	30.99	16.55	22.45	30.02	0.00	0.00
LBC	89	29.80	17.30	23.53	29.37	0.00	0.00
LBC	90	31.31	16.30	22.75	29.63	0.00	0.00
LBC	91	28.61	16.85	22.69	31.84	0.00	0.00
LBC	92	30.84	15.76	23.81	29.60	0.00	0.00
LBC	93	30.49	15.76	22.89	30.86	0.00	0.00
LBC	94	31.38	15.35	21.49	31.78	0.00	0.00
LBC	95	30.71	15.79	22.50	31.00	0.00	0.00
LBC	96	31.72	15.48	22.35	30.45	0.00	0.00
LBC	97	31.00	15.05	21.69	32.25	0.00	0.00
LBC	98	28.24	15.41	22.14	34.21	0.00	0.00
LBC	99	29.30	16.68	23.34	30.67	0.00	0.00
LBC	100	30.34	16.68	22.21	30.77	0.00	0.00
LBC	101	30.52	16.19	23.41	29.88	0.00	0.00
LBC	102	31.38	15.23	22.99	30.40	0.00	0.00
LBC	103	31.11	15.44	22.19	31.25	0.00	0.00
LBC	104	29.29	16.74	24.15	29.82	0.00	0.00
LBC	105	30.57	16.89	22.14	30.40	0.00	0.00
LBC	106	30.25	16.14	21.74	31.87	0.00	0.00
LBC	107	32.19	14.87	22.88	30.05	0.00	0.00
LBC	108	29.95	15.60	23.66	30.79	0.00	0.00
LBC	109	29.63	16.25	25.71	28.41	0.00	0.00
LBC	110	30.80	15.29	24.68	29.23	0.00	0.00
LBC	111	30.11	16.70	22.90	30.29	0.00	0.00
LBC	112	31.13	15.44	21.77	31.66	0.00	0.00
LBC	113	30.48	15.80	22.29	31.42	0.00	0.00
LBC	114	30.88	14.44	23.77	30.91	0.00	0.00
LBC	115	31.01	15.08	22.22	31.70	0.00	0.00
LBC	116	31.58	14.57	24.06	29.79	0.00	0.00
LBC	117	31.49	15.07	22.76	30.69	0.00	0.00
LBC	118	30.34	14.61	23.64	31.41	0.00	0.00
LBC	119	30.23	14.20	23.89	31.67	0.00	0.00
LBC	120	30.71	15.78	22.40	31.10	0.00	0.00
LBC	121	31.25	15.54	23.46	29.74	0.00	0.00
LBC	122	29.52	16.20	22.57	31.70	0.00	0.00
LBC	123	30.42	15.82	23.07	30.69	0.00	0.00
LBC	124	29.24	16.84	22.37	31.55	0.00	0.00
LBC	125	30.11	15.82	22.56	31.50	0.00	0.00
LBC	126	31.57	15.78	22.84	29.81	0.00	0.00
LBC	127	28.40	15.92	21.94	33.75	0.00	0.00
LBC	128	29.48	16.63	24.63	29.26	0.00	0.00
LBC	129	29.78	17.06	22.08	31.08	0.00	0.00
LBC	130	30.50	15.58	23.48	30.43	0.00	0.00
LBC	131	31.24	15.94	22.79	30.02	0.00	0.00
LBC	132	30.37	15.85	22.56	31.23	0.00	0.00
LBC	133	31.12	15.07	23.71	30.09	0.00	0.00
LBC	134	28.82	16.50	23.51	31.16	0.00	0.00
LBC	135	31.92	15.12	23.71	29.25	0.00	0.00
LBC	136	31.09	15.92	22.40	30.59	0.00	0.00
LBC	137	30.82	15.53	21.89	31.76	0.00	0.00
LBC	138	32.05	14.99	22.04	30.92	0.00	0.00
LBC	139	30.41	15.75	22.01	31.83	0.00	0.00
LBC	140	31.74	13.91	22.52	31.83	0.00	0.00
LBC	141	30.22	14.96	22.65	32.17	0.00	0.00
LBC	142	32.84	14.42	24.40	28.34	0.00	0.00
LBC	143	30.63	14.67	24.09	30.61	0.00	0.00
LBC	144	30.36	14.77	24.11	30.76	0.00	0.00
LBC	145	31.39	14.46	21.57	32.59	0.00	0.00
LBC	146	29.13	15.08	22.63	33.17	0.00	0.00
LBC	147	29.92	17.22	23.12	29.74	0.00	0.00
LBC	148	29.51	15.61	21.91	32.97	0.00	0.00
LBC	149	29.31	13.89	23.76	33.04	0.00	0.00
LBC	150	31.49	14.51	23.83	30.17	0.00	0.00
# Insert sizes. Use `grep ^IS | cut -f 2-` to extract this part. The columns are: insert size, pairs total, inward oriented pairs, outward oriented pairs, other pairs
IS	0	42	5	37	0
IS	1	0	0	0	0
IS	2	0	0	0	0
IS	3	0	0	0	0
IS	4	0	0	0	0
IS	5	0	0	0	0
IS	6	0	0	0	0
IS	7	0	0	0	0
IS	8	0	0	0	0
IS	9	0	0	0	0
IS	10	0	0	0	0
IS	11	0	0	0	0
IS	12	0	0	0	0
IS	13	0	0	0	0
IS	14	0	0	0	0
IS	15	0	0	0	0
IS	16	0	0	0	0
IS	17	0	0	0	0
IS	18	0	0	0	0
IS	19	0	0	0	0
IS	20	0	0	0	0
IS	21	0	0	0	0
IS	22	0	0	0	0
IS	23	0	0	0	0
IS	24	0	0	0	0
IS	25	0	0	0	0
IS	26	0	0	0	0
IS	27	0	0	0	0
IS	28	0	0	0	0
IS	29	0	0	0	0
IS	30	0	0	0	0
IS	31	0	0	0	0
IS	32	0	0	0	0
IS	33	0	0	0	0
IS	34	0	0	0	0
IS	35	0	0	0	0
IS	36	0	0	0	0
IS	37	0	0	0	0
IS	38	0	0	0	0
IS	39	0	0	0	0
IS	40	0	0	0	0
IS	41	0	0	0	0
IS	42	0	0	0	0
IS	43	0	0	0	0
IS	44	0	0	0	0
IS	45	0	0	0	0
IS	46	0	0	0	0
IS	47	0	0	0	0
IS	48	0	0	0	0
IS	49	0	0	0	0
IS	50	0	0	0	0
IS	51	0	0	0	0
IS	52	0	0	0	0
IS	53	0	0	0	0
IS	54	0	0	0	0
IS	55	0	0	0	0
IS	56	0	0	0	0
IS	57	0	0	0	0
IS	58	0	0	0	0
IS	59	0	0	0	0
IS	60	0	0	0	0
IS	61	0	0	0	0
IS	62	0	0	0	0
IS	63	0	0	0	0
IS	64	0	0	0	0
IS	65	0	0	0	0
IS	66	0	0	0	0
IS	67	0	0	0	0
IS	68	0	0	0	0
IS	69	0	0	0	0
IS	70	0	0	0	0
IS	71	0	0	0	0
IS	72	0	0	0	0
IS	73	0	0	0	0
IS	74	0	0	0	0
IS	75	0	0	0	0
IS	76	0	0	0	0
IS	77	0	0	0	0
IS	78	0	0	0	0
IS	79	0	0	0	0
IS	80	0	0	0	0
IS	81	0	0	0	0
IS	82	0	0	0	0
IS	83	0	0	0	0
IS	84	0	0	0	0
IS	85	0	0	0	0
IS	86	0	0	0	0
IS	87	0	0	0	0
IS	88	0	0	0	0
IS	89	0	0	0	0
IS	90	0	0	0	0
IS	91	0	0	0	0
IS	92	0	0	0	0
IS	93	0	0	0	0
IS	94	0	0	0	0
IS	95	0	0	0	0
IS	96	0	0	0	0
IS	97	0	0	0	0
IS	98	0	0	0	0
IS	99	0	0	0	0
IS	100	0	0	0	0
IS	101	0	0	0	0
IS	102	0	0	0	0
IS	103	0	0	0	0
IS	104	0	0	0	0
IS	105	0	0	0	0
IS	106	0	0	0	0
IS	107	0	0	0	0
IS	108	0	0	0	0
IS	109	0	0	0	0
IS	110	0	0	0	0
IS	111	0	0	0	0
IS	112	0	0	0	0
IS	113	0	0	0	0
IS	114	0	0	0	0
IS	115	0	0	0	0
IS	116	0	0	0	0
IS	117	0	0	0	0
IS	118	0	0	0	0
IS	119	0	0	0	0
IS	120	0	0	0	0
IS	121	0	0	0	0
IS	122	0	0	0	0
IS	123	0	0	0	0
IS	124	0	0	0	0
IS	125	0	0	0	0
IS	126	0	0	0	0
IS	127	0	0	0	0
IS	128	0	0	0	0
IS	129	0	0	0	0
IS	130	0	0	0	0
IS	131	0	0	0	0
IS	132	0	0	0	0
IS	133	0	0	0	0
IS	134	0	0	0	0
IS	135	0	0	0	0
IS	136	0	0	0	0
IS	137	0	0	0	0
IS	138	0	0	0	0
IS	139	0	0	0	0
IS	140	0	0	0	0
IS	141	0	0	0	0
IS	142	0	0	0	0
IS	143	0	0	0	0
IS	144	0	0	0	0
IS	145	0	0	0	0
IS	146	0	0	0	0
IS	147	0	0	0	0
IS	148	0	0	0	0
IS	149	0	0	0	0
IS	150	31	1	30	0
IS	151	303	44	259	0
IS	152	74	35	39	0
IS	153	64	44	20	0
IS	154	31	30	1	0
IS	155	46	45	1	0
IS	156	46	46	0	0
IS	157	46	45	1	0
IS	158	38	38	0	0
IS	159	52	52	0	0
IS	160	48	43	5	0
IS	161	67	66	1	0
IS	162	44	43	1	0
IS	163	57	57	0	0
IS	164	73	70	3	0
IS	165	89	77	12	0
IS	166	62	43	19	0
IS	167	79	68	11	0
IS	168	61	43	18	0
IS	169	66	62	4	0
IS	170	61	54	7	0
IS	171	73	67	6	0
IS	172	85	78	7	0
IS	173	84	78	6	0
IS	174	102	98	4	0
IS	175	92	87	5	0
IS	176	91	89	2	0
IS	177	87	87	0	0
IS	178	90	90	0	0
IS	179	93	91	2	0
IS	180	96	96	0	0
IS	181	111	111	0	0
IS	182	112	112	0	0
IS	183	80	80	0	0
IS	184	116	116	0	0
IS	185	127	127	0	0
IS	186	115	115	0	0
IS	187	125	125	0	0
IS	188	123	123	0	0
IS	189	130	130	0	0
IS	190	139	139	0	0
IS	191	141	141	0	0
IS	192	133	133	0	0
IS	193	140	140	0	0
IS	194	159	159	0	0
IS	195	123	123	0	0
IS	196	153	153	0	0
IS	197	147	147	0	0
IS	198	130	130	0	0
IS	199	155	155	0	0
IS	200	129	129	0	0
IS	201	131	131	0	0
IS	202	144	144	0	0
IS	203	135	135	0	0
IS	204	163	163	0	0
IS	205	167	167	0	0
IS	206	179	179	0	0
IS	207	160	160	0	0
IS	208	190	190	0	0
IS	209	135	135	0	0
IS	210	183	183	0	0
IS	211	172	172	0	0
IS	212	184	184	0	0
IS	213	188	188	0	0
IS	214	176	176	0	0
IS	215	182	182	0	0
IS	216	207	207	0	0
IS	217	177	177	0	0
IS	218	185	185	0	0
IS	219	198	198	0	0
IS	220	216	216	0	0
IS	221	173	173	0	0
IS	222	188	188	0	0
IS	223	219	219	0	0
IS	224	210	210	0	0
IS	225	194	194	0	0
IS	226	235	235	0	0
IS	227	213	213	0	0
IS	228	196	196	0	0
IS	229	232	232	0	0
IS	230	211	211	0	0
IS	231	242	242	0	0
IS	232	201	201	0	0
IS	233	218	218	0	0
IS	234	220	220	0	0
IS	235	242	242	0	0
IS	236	203	203	0	0
IS	237	215	215	0	0
IS	238	200	200	0	0
IS	239	228	228	0	0
IS	240	186	186	0	0
IS	241	184	184	0	0
IS	242	219	219	0	0
IS	243	226	226	0	0
IS	244	180	180	0	0
IS	245	215	215	0	0
IS	246	203	203	0	0
IS	247	194	194	0	0
IS	248	206	206	0	0
IS	249	186	186	0	0
IS	250	157	157	0	0
IS	251	193	193	0	0
IS	252	217	217	0	0
IS	253	259	259	0	0
IS	254	188	188	0	0
IS	255	206	206	0	0
IS	256	202	202	0	0
IS	257	195	195	0	0
IS	258	194	194	0	0
IS	259	214	214	0	0
IS	260	145	145	0	0
IS	261	191	191	0	0
IS	262	137	137	0	0
IS	263	171	171	0	0
IS	264	173	173	0	0
IS	265	127	127	0	0
IS	266	180	180	0	0
IS	267	125	125	0	0
IS	268	153	153	0	0
IS	269	145	145	0	0
IS	270	157	157	0	0
IS	271	147	147	0	0
IS	272	136	136	0	0
IS	273	163	163	0	0
IS	274	138	138	0	0
IS	275	132	132	0	0
IS	276	130	130	0	0
IS	277	143	143	0	0
IS	278	130	130	0	0
IS	279	124	124	0	0
IS	280	123	123	0	0
IS	281	100	100	0	0
IS	282	127	127	0	0
IS	283	105	105	0	0
IS	284	116	116	0	0
IS	285	137	137	0	0
IS	286	86	86	0	0
IS	287	98	98	0	0
IS	288	114	114	0	0
IS	289	131	131	0	0
IS	290	91	91	0	0
IS	291	101	101	0	0
IS	292	93	93	0	0
IS	293	97	97	0	0
IS	294	75	75	0	0
IS	295	74	74	0	0
IS	296	86	86	0	0
IS	297	75	75	0	0
IS	298	63	63	0	0
IS	299	53	53	0	0
IS	300	66	66	0	0
IS	301	76	76	0	0
IS	302	80	80	0	0
IS	303	74	74	0	0
IS	304	65	65	0	0
IS	305	62	62	0	0
IS	306	59	59	0	0
IS	307	61	61	0	0
IS	308	61	61	0	0
IS	309	57	57	0	0
IS	310	56	56	0	0
IS	311	35	35	0	0
IS	312	42	42	0	0
IS	313	56	56	0	0
IS	314	48	48	0	0
IS	315	36	36	0	0
IS	316	37	37	0	0
IS	317	39	39	0	0
IS	318	41	41	0	0
IS	319	41	41	0	0
IS	320	30	30	0	0
IS	321	34	34	0	0
IS	322	29	29	0	0
IS	323	31	31	0	0
IS	324	26	26	0	0
IS	325	24	24	0	0
IS	326	35	35	0	0
IS	327	26	26	0	0
IS	328	35	35	0	0
IS	329	22	22	0	0
IS	330	16	16	0	0
IS	331	23	23	0	0
IS	332	30	30	0	0
IS	333	22	22	0	0
IS	334	13	13	0	0
IS	335	13	13	0	0
IS	336	36	36	0	0
IS	337	20	20	0	0
IS	338	20	20	0	0
IS	339	22	22	0	0
IS	340	11	11	0	0
IS	341	26	26	0	0
IS	342	17	17	0	0
IS	343	17	17	0	0
IS	344	16	16	0	0
IS	345	15	15	0	0
IS	346	8	8	0	0
IS	347	8	8	0	0
IS	348	5	5	0	0
IS	349	6	6	0	0
IS	350	13	13	0	0
IS	351	11	11	0	0
IS	352	11	11	0	0
IS	353	5	5	0	0
IS	354	13	13	0	0
IS	355	6	6	0	0
IS	356	7	7	0	0
IS	357	11	11	0	0
IS	358	11	11	0	0
IS	359	3	3	0	0
IS	360	7	7	0	0
IS	361	16	16	0	0
IS	362	8	8	0	0
IS	363	4	4	0	0
IS	364	6	6	0	0
IS	365	6	6	0	0
IS	366	11	11	0	0
# Read lengths. Use `grep ^RL | cut -f 2-` to extract this part. The columns are: read length, count
RL	137	12
RL	138	26
RL	139	26
RL	140	24
RL	141	15
RL	142	20
RL	143	23
RL	144	32
RL	145	61
RL	146	336
RL	147	1612
RL	149	17
RL	150	54042
# Read lengths - first fragments. Use `grep ^FRL | cut -f 2-` to extract this part. The columns are: read length, count
FRL	143	3
FRL	144	6
FRL	145	18
FRL	146	233
FRL	147	892
FRL	149	3
FRL	150	27259
# Read lengths - last fragments. Use `grep ^LRL | cut -f 2-` to extract this part. The columns are: read length, count
LRL	137	12
LRL	138	26
LRL	139	26
LRL	140	24
LRL	141	15
LRL	142	20
LRL	143	20
LRL	144	26
LRL	145	43
LRL	146	103
LRL	147	720
LRL	149	14
LRL	150	26783
# Indel distribution. Use `grep ^ID | cut -f 2-` to extract this part. The columns are: length, number of insertions, number of deletions
ID	1	85	149
ID	2	0	52
ID	3	2	11
ID	4	0	1
# Indels per cycle. Use `grep ^IC | cut -f 2-` to extract this part. The columns are: cycle, number of insertions (fwd), .. (rev) , number of deletions (fwd), .. (rev)
IC	16	0	0	0	1
IC	18	0	0	2	3
IC	20	0	0	3	0
IC	21	0	0	1	0
IC	22	0	1	0	1
IC	23	0	0	1	4
IC	25	0	0	2	0
IC	27	0	0	0	3
IC	30	0	0	1	0
IC	31	0	0	1	0
IC	32	0	0	1	0
IC	33	0	0	0	5
IC	34	0	2	0	1
IC	35	2	0	0	0
IC	36	0	0	3	0
IC	37	0	0	2	2
IC	38	0	0	0	1
IC	39	0	0	2	0
IC	40	0	3	1	1
IC	41	0	0	5	0
IC	42	0	0	2	0
IC	43	0	1	0	0
IC	44	0	1	0	1
IC	46	0	2	0	1
IC	47	0	0	1	1
IC	48	0	0	0	1
IC	49	3	0	2	0
IC	51	0	2	3	1
IC	52	0	0	1	0
IC	53	2	5	1	5
IC	55	0	0	1	0
IC	56	1	0	0	1
IC	57	3	1	0	0
IC	58	1	0	2	3
IC	59	0	0	3	3
IC	60	0	0	2	2
IC	61	1	0	0	1
IC	62	0	0	1	1
IC	63	0	2	3	0
IC	64	0	3	1	1
IC	65	0	0	0	2
IC	66	0	1	0	0
IC	67	0	2	4	1
IC	68	0	0	2	1
IC	69	0	0	0	4
IC	70	0	1	0	0
IC	71	0	0	2	2
IC	72	0	4	2	0
IC	73	0	0	4	6
IC	74	0	0	1	0
IC	75	0	2	0	0
IC	76	0	1	0	0
IC	78	1	0	2	0
IC	79	1	0	1	2
IC	82	2	0	0	0
IC	83	2	0	0	0
IC	85	0	2	0	0
IC	86	0	0	1	4
IC	87	0	2	0	1
IC	88	0	3	0	2
IC	89	0	1	2	2
IC	90	0	0	1	1
IC	91	0	0	1	0
IC	93	0	0	2	0
IC	94	0	0	2	3
IC	95	0	0	3	0
IC	96	0	0	3	1
IC	97	0	0	1	0
IC	98	0	0	3	0
IC	99	0	0	1	0
IC	100	0	0	1	1
IC	101	1	0	1	1
IC	102	0	0	2	2
IC	103	0	2	0	0
IC	104	0	0	1	0
IC	105	0	2	0	0
IC	107	0	0	1	1
IC	108	0	2	0	0
IC	109	0	0	2	0
IC	110	0	0	0	4
IC	111	0	0	2	1
IC	112	0	0	0	5
IC	115	2	0	1	1
IC	117	2	0	0	2
IC	118	0	0	2	2
IC	119	0	9	1	0
IC	121	0	0	0	2
IC	122	0	0	2	0
IC	123	0	0	2	1
IC	124	0	1	2	0
IC	125	0	0	1	2
IC	126	2	1	0	1
IC	127	0	1	1	0
IC	128	0	0	0	1
IC	131	1	0	0	0
IC	132	0	0	0	1
IC	133	0	0	1	0
# Coverage distribution. Use `grep ^COV | cut -f 2-` to extract this part.
COV	[1-1]	1	1
COV	[2-2]	2	67
COV	[3-3]	3	43
COV	[4-4]	4	79
COV	[5-5]	5	66
COV	[6-6]	6	72
COV	[7-7]	7	31
COV	[8-8]	8	6
COV	[9-9]	9	20
COV	[10-10]	10	13
COV	[11-11]	11	17
COV	[12-12]	12	15
COV	[13-13]	13	17
COV	[14-14]	14	22
COV	[15-15]	15	24
COV	[16-16]	16	34
COV	[17-17]	17	8
COV	[18-18]	18	13
COV	[19-19]	19	8
COV	[20-20]	20	6
COV	[21-21]	21	5
COV	[22-22]	22	2
COV	[23-23]	23	2
COV	[25-25]	25	2
COV	[27-27]	27	5
COV	[28-28]	28	7
COV	[29-29]	29	2
COV	[30-30]	30	8
COV	[31-31]	31	7
COV	[32-32]	32	3
COV	[33-33]	33	4
COV	[34-34]	34	6
COV	[35-35]	35	2
COV	[36-36]	36	1
COV	[37-37]	37	15
COV	[38-38]	38	8
COV	[39-39]	39	3
COV	[40-40]	40	5
COV	[41-41]	41	3
COV	[42-42]	42	2
COV	[43-43]	43	12
COV	[44-44]	44	9
COV	[45-45]	45	9
COV	[46-46]	46	5
COV	[47-47]	47	7
COV	[48-48]	48	4
COV	[49-49]	49	8
COV	[50-50]	50	22
COV	[51-51]	51	20
COV	[52-52]	52	23
COV	[53-53]	53	6
COV	[54-54]	54	26
COV	[55-55]	55	22
COV	[56-56]	56	23
COV	[57-57]	57	20
COV	[58-58]	58	12
COV	[59-59]	59	17
COV	[60-60]	60	22
COV	[61-61]	61	17
COV	[62-62]	62	9
COV	[63-63]	63	7
COV	[64-64]	64	8
COV	[65-65]	65	9
COV	[66-66]	66	24
COV	[67-67]	67	12
COV	[68-68]	68	29
COV	[69-69]	69	13
COV	[70-70]	70	22
COV	[71-71]	71	56
COV	[72-72]	72	8
COV	[73-73]	73	11
COV	[74-74]	74	8
COV	[75-75]	75	18
COV	[76-76]	76	28
COV	[77-77]	77	13
COV	[78-78]	78	11
COV	[79-79]	79	17
COV	[80-80]	80	15
COV	[81-81]	81	19
COV	[82-82]	82	14
COV	[83-83]	83	17
COV	[84-84]	84	11
COV	[85-85]	85	9
COV	[86-86]	86	11
COV	[87-87]	87	6
COV	[88-88]	88	11
COV	[89-89]	89	18
COV	[90-90]	90	19
COV	[91-91]	91	14
COV	[92-92]	92	22
COV	[93-93]	93	20
COV	[94-94]	94	35
COV	[95-95]	95	22
COV	[96-96]	96	25
COV	[97-97]	97	35
COV	[98-98]	98	25
COV	[99-99]	99	36
COV	[100-100]	100	28
COV	[101-101]	101	64
COV	[102-102]	102	41
COV	[103-103]	103	34
COV	[104-104]	104	39
COV	[105-105]	105	32
COV	[106-106]	106	43
COV	[107-107]	107	30
COV	[108-108]	108	25
COV	[109-109]	109	34
COV	[110-110]	110	34
COV	[111-111]	111	32
COV	[112-112]	112	18
COV	[113-113]	113	8
COV	[114-114]	114	13
COV	[115-115]	115	12
COV	[116-116]	116	17
COV	[117-117]	117	22
COV	[118-118]	118	19
COV	[119-119]	119	11
COV	[120-120]	120	14
COV	[121-121]	121	17
COV	[122-122]	122	7
COV	[123-123]	123	20
COV	[124-124]	124	20
COV	[125-125]	125	17
COV	[126-126]	126	17
COV	[127-127]	127	32
COV	[128-128]	128	9
COV	[129-129]	129	11
COV	[130-130]	130	23
COV	[131-131]	131	17
COV	[132-132]	132	20
COV	[133-133]	133	21
COV	[134-134]	134	22
COV	[135-135]	135	18
COV	[136-136]	136	14
COV	[137-137]	137	5
COV	[138-138]	138	2
COV	[139-139]	139	5
COV	[140-140]	140	9
COV	[141-141]	141	9
COV	[142-142]	142	10
COV	[143-143]	143	13
COV	[144-144]	144	9
COV	[145-145]	145	7
COV	[146-146]	146	20
COV	[147-147]	147	15
COV	[148-148]	148	11
COV	[149-149]	149	19
COV	[150-150]	150	20
COV	[151-151]	151	23
COV	[152-152]	152	8
COV	[153-153]	153	7
COV	[154-154]	154	10
COV	[155-155]	155	13
COV	[156-156]	156	11
COV	[157-157]	157	11
COV	[158-158]	158	15
COV	[159-159]	159	10
COV	[160-160]	160	7
COV	[161-161]	161	5
COV	[162-162]	162	9
COV	[163-163]	163	6
COV	[164-164]	164	21
COV	[165-165]	165	17
COV	[166-166]	166	18
COV	[167-167]	167	13
COV	[168-168]	168	3
COV	[169-169]	169	6
COV	[170-170]	170	8
COV	[171-171]	171	14
COV	[172-172]	172	20
COV	[173-173]	173	12
COV	[174-174]	174	9
COV	[175-175]	175	2
COV	[176-176]	176	11
COV	[177-177]	177	2
COV	[178-178]	178	2
COV	[179-179]	179	4
COV	[180-180]	180	2
COV	[181-181]	181	10
COV	[182-182]	182	6
COV	[183-183]	183	7
COV	[184-184]	184	11
COV	[185-185]	185	1
COV	[186-186]	186	4
COV	[187-187]	187	3
COV	[188-188]	188	8
COV	[189-189]	189	5
COV	[190-190]	190	3
COV	[191-191]	191	10
COV	[192-192]	192	6
COV	[193-193]	193	3
COV	[194-194]	194	5
COV	[196-196]	196	1
COV	[197-197]	197	3
COV	[198-198]	198	6
COV	[199-199]	199	7
COV	[200-200]	200	17
COV	[201-201]	201	9
COV	[202-202]	202	2
COV	[203-203]	203	3
COV	[204-204]	204	1
COV	[205-205]	205	3
COV	[206-206]	206	4
COV	[208-208]	208	2
COV	[209-209]	209	1
COV	[212-212]	212	2
COV	[213-213]	213	1
COV	[214-214]	214	1
COV	[215-215]	215	1
COV	[216-216]	216	1
COV	[217-217]	217	3
COV	[218-218]	218	1
COV	[219-219]	219	1
COV	[220-220]	220	2
COV	[221-221]	221	2
COV	[222-222]	222	3
COV	[223-223]	223	8
COV	[224-224]	224	3
COV	[225-225]	225	3
COV	[226-226]	226	12
COV	[227-227]	227	4
COV	[228-228]	228	3
COV	[229-229]	229	3
COV	[230-230]	230	6
COV	[231-231]	231	3
COV	[232-232]	232	8
COV	[233-233]	233	15
COV	[234-234]	234	4
COV	[235-235]	235	5
COV	[236-236]	236	4
COV	[237-237]	237	12
COV	[238-238]	238	12
COV	[239-239]	239	6
COV	[240-240]	240	4
COV	[241-241]	241	10
COV	[242-242]	242	17
COV	[243-243]	243	16
COV	[244-244]	244	8
COV	[245-245]	245	8
COV	[246-246]	246	11
COV	[247-247]	247	4
COV	[248-248]	248	15
COV	[249-249]	249	21
COV	[250-250]	250	19
COV	[251-251]	251	10
COV	[252-252]	252	21
COV	[253-253]	253	11
COV	[254-254]	254	13
COV	[255-255]	255	13
COV	[256-256]	256	6
COV	[257-257]	257	10
COV	[258-258]	258	6
COV	[259-259]	259	11
COV	[260-260]	260	11
COV	[261-261]	261	7
COV	[262-262]	262	20
COV	[263-263]	263	6
COV	[264-264]	264	11
COV	[265-265]	265	7
COV	[266-266]	266	11
COV	[267-267]	267	11
COV	[268-268]	268	12
COV	[269-269]	269	8
COV	[270-270]	270	8
COV	[271-271]	271	9
COV	[272-272]	272	11
COV	[273-273]	273	11
COV	[274-274]	274	3
COV	[275-275]	275	5
COV	[276-276]	276	7
COV	[277-277]	277	3
COV	[278-278]	278	11
COV	[279-279]	279	15
COV	[280-280]	280	11
COV	[281-281]	281	10
COV	[282-282]	282	15
COV	[283-283]	283	9
COV	[284-284]	284	10
COV	[285-285]	285	14
COV	[286-286]	286	18
COV	[287-287]	287	14
COV	[288-288]	288	9
COV	[289-289]	289	12
COV	[290-290]	290	10
COV	[291-291]	291	14
COV	[292-292]	292	15
COV	[293-293]	293	7
COV	[294-294]	294	4
COV	[295-295]	295	6
COV	[296-296]	296	2
COV	[297-297]	297	2
COV	[298-298]	298	4
COV	[299-299]	299	4
COV	[300-300]	300	6
COV	[301-301]	301	3
COV	[302-302]	302	5
COV	[303-303]	303	6
COV	[304-304]	304	3
COV	[305-305]	305	2
COV	[306-306]	306	11
COV	[307-307]	307	5
COV	[308-308]	308	2
COV	[309-309]	309	3
COV	[310-310]	310	3
COV	[311-311]	311	3
COV	[312-312]	312	1
COV	[313-313]	313	7
COV	[314-314]	314	7
COV	[315-315]	315	6
COV	[316-316]	316	8
COV	[317-317]	317	7
COV	[318-318]	318	7
COV	[319-319]	319	4
COV	[320-320]	320	1
COV	[321-321]	321	6
COV	[322-322]	322	1
COV	[323-323]	323	6
COV	[324-324]	324	7
COV	[325-325]	325	6
COV	[326-326]	326	5
COV	[327-327]	327	4
COV	[328-328]	328	12
COV	[329-329]	329	3
COV	[330-330]	330	6
COV	[331-331]	331	6
COV	[332-332]	332	8
COV	[333-333]	333	8
COV	[334-334]	334	4
COV	[335-335]	335	6
COV	[336-336]	336	10
COV	[337-337]	337	7
COV	[338-338]	338	4
COV	[339-339]	339	10
COV	[340-340]	340	10
COV	[341-341]	341	10
COV	[342-342]	342	7
COV	[343-343]	343	12
COV	[344-344]	344	11
COV	[345-345]	345	9
COV	[346-346]	346	9
COV	[347-347]	347	10
COV	[348-348]	348	13
COV	[349-349]	349	10
COV	[350-350]	350	19
COV	[351-351]	351	10
COV	[352-352]	352	16
COV	[353-353]	353	14
COV	[354-354]	354	8
COV	[355-355]	355	9
COV	[356-356]	356	17
COV	[357-357]	357	13
COV	[358-358]	358	12
COV	[359-359]	359	9
COV	[360-360]	360	13
COV	[361-361]	361	12
COV	[362-362]	362	9
COV	[363-363]	363	11
COV	[364-364]	364	9
COV	[365-365]	365	11
COV	[366-366]	366	6
COV	[367-367]	367	17
COV	[368-368]	368	22
COV	[369-369]	369	12
COV	[370-370]	370	9
COV	[371-371]	371	8
COV	[372-372]	372	6
COV	[373-373]	373	9
COV	[374-374]	374	18
COV	[375-375]	375	6
COV	[376-376]	376	5
COV	[377-377]	377	9
COV	[378-378]	378	8
COV	[379-379]	379	3
COV	[380-380]	380	12
COV	[381-381]	381	14
COV	[382-382]	382	8
COV	[383-383]	383	12
COV	[384-384]	384	18
COV	[385-385]	385	5
COV	[386-386]	386	14
COV	[387-387]	387	6
COV	[388-388]	388	6
COV	[389-389]	389	8
COV	[390-390]	390	19
COV	[391-391]	391	9
COV	[392-392]	392	10
COV	[393-393]	393	11
COV	[394-394]	394	5
COV	[395-395]	395	11
COV	[396-396]	396	8
COV	[397-397]	397	13
COV	[398-398]	398	12
COV	[399-399]	399	14
COV	[400-400]	400	13
COV	[401-401]	401	4
COV	[402-402]	402	8
COV	[403-403]	403	5
COV	[404-404]	404	5
COV	[405-405]	405	4
COV	[406-406]	406	4
COV	[407-407]	407	6
COV	[408-408]	408	4
COV	[409-409]	409	5
COV	[410-410]	410	5
COV	[411-411]	411	9
COV	[412-412]	412	7
COV	[413-413]	413	10
COV	[414-414]	414	4
COV	[415-415]	415	7
COV	[416-416]	416	9
COV	[417-417]	417	6
COV	[418-418]	418	6
COV	[419-419]	419	11
COV	[420-420]	420	10
COV	[421-421]	421	10
COV	[422-422]	422	8
COV	[423-423]	423	9
COV	[424-424]	424	9
COV	[425-425]	425	10
COV	[426-426]	426	8
COV	[427-427]	427	7
COV	[428-428]	428	3
COV	[429-429]	429	6
COV	[430-430]	430	6
COV	[431-431]	431	3
COV	[432-432]	432	12
COV	[433-433]	433	14
COV	[434-434]	434	7
COV	[435-435]	435	5
COV	[436-436]	436	7
COV	[437-437]	437	3
COV	[438-438]	438	8
COV	[439-439]	439	4
COV	[440-440]	440	5
COV	[441-441]	441	8
COV	[442-442]	442	8
COV	[443-443]	443	6
COV	[444-444]	444	12
COV	[445-445]	445	5
COV	[446-446]	446	9
COV	[447-447]	447	7
COV	[448-448]	448	8
COV	[449-449]	449	6
COV	[450-450]	450	11
COV	[451-451]	451	8
COV	[452-452]	452	8
COV	[453-453]	453	12
COV	[454-454]	454	10
COV	[455-455]	455	6
COV	[456-456]	456	2
COV	[457-457]	457	4
COV	[458-458]	458	5
COV	[459-459]	459	7
COV	[460-460]	460	5
COV	[461-461]	461	13
COV	[462-462]	462	10
COV	[463-463]	463	5
COV	[464-464]	464	12
COV	[465-465]	465	6
COV	[466-466]	466	5
COV	[467-467]	467	13
COV	[468-468]	468	2
COV	[469-469]	469	6
COV	[470-470]	470	8
COV	[471-471]	471	4
COV	[472-472]	472	4
COV	[473-473]	473	7
COV	[474-474]	474	12
COV	[475-475]	475	6
COV	[476-476]	476	9
COV	[477-477]	477	5
COV	[478-478]	478	9
COV	[479-479]	479	5
COV	[480-480]	480	4
COV	[481-481]	481	11
COV	[482-482]	482	9
COV	[483-483]	483	7
COV	[484-484]	484	4
COV	[485-485]	485	3
COV	[486-486]	486	8
COV	[487-487]	487	8
COV	[488-488]	488	6
COV	[489-489]	489	8
COV	[490-490]	490	3
COV	[491-491]	491	7
COV	[492-492]	492	6
COV	[493-493]	493	11
COV	[494-494]	494	3
COV	[495-495]	495	12
COV	[496-496]	496	6
COV	[497-497]	497	5
COV	[498-498]	498	9
COV	[499-499]	499	5
COV	[500-500]	500	3
COV	[501-501]	501	7
COV	[502-502]	502	6
COV	[503-503]	503	3
COV	[504-504]	504	6
COV	[505-505]	505	4
COV	[506-506]	506	6
COV	[507-507]	507	8
COV	[508-508]	508	12
COV	[509-509]	509	6
COV	[510-510]	510	9
COV	[511-511]	511	9
COV	[512-512]	512	5
COV	[513-513]	513	8
COV	[514-514]	514	4
COV	[515-515]	515	7
COV	[516-516]	516	8
COV	[517-517]	517	8
COV	[518-518]	518	7
COV	[519-519]	519	8
COV	[520-520]	520	7
COV	[521-521]	521	10
COV	[522-522]	522	6
COV	[523-523]	523	1
COV	[524-524]	524	5
COV	[525-525]	525	7
COV	[526-526]	526	9
COV	[527-527]	527	8
COV	[528-528]	528	6
COV	[529-529]	529	13
COV	[530-530]	530	12
COV	[531-531]	531	18
COV	[532-532]	532	23
COV	[533-533]	533	9
COV	[534-534]	534	12
COV	[535-535]	535	20
COV	[536-536]	536	4
COV	[537-537]	537	15
COV	[538-538]	538	10
COV	[539-539]	539	9
COV	[540-540]	540	6
COV	[541-541]	541	8
COV	[542-542]	542	8
COV	[543-543]	543	6
COV	[544-544]	544	14
COV	[545-545]	545	6
COV	[546-546]	546	9
COV	[547-547]	547	7
COV	[548-548]	548	2
COV	[549-549]	549	5
COV	[550-550]	550	6
COV	[551-551]	551	1
COV	[552-552]	552	3
COV	[553-553]	553	2
COV	[554-554]	554	2
COV	[555-555]	555	7
COV	[556-556]	556	8
COV	[557-557]	557	5
COV	[558-558]	558	6
COV	[559-559]	559	3
COV	[560-560]	560	3
COV	[561-561]	561	6
COV	[562-562]	562	4
COV	[563-563]	563	8
COV	[564-564]	564	4
COV	[565-565]	565	6
COV	[566-566]	566	8
COV	[567-567]	567	3
COV	[568-568]	568	9
COV	[569-569]	569	10
COV	[570-570]	570	7
COV	[571-571]	571	12
COV	[572-572]	572	10
COV	[573-573]	573	6
COV	[574-574]	574	8
COV	[575-575]	575	2
COV	[576-576]	576	7
COV	[577-577]	577	5
COV	[578-578]	578	4
COV	[579-579]	579	7
COV	[580-580]	580	5
COV	[581-581]	581	10
COV	[582-582]	582	6
COV	[583-583]	583	10
COV	[584-584]	584	5
COV	[585-585]	585	4
COV	[586-586]	586	9
COV	[587-587]	587	8
COV	[588-588]	588	6
COV	[589-589]	589	3
COV	[590-590]	590	8
COV	[591-591]	591	5
COV	[592-592]	592	6
COV	[593-593]	593	10
COV	[594-594]	594	8
COV	[595-595]	595	7
COV	[596-596]	596	6
COV	[597-597]	597	6
COV	[598-598]	598	7
COV	[599-599]	599	9
COV	[600-600]	600	12
COV	[601-601]	601	9
COV	[602-602]	602	7
COV	[603-603]	603	3
COV	[604-604]	604	11
COV	[605-605]	605	9
COV	[606-606]	606	7
COV	[607-607]	607	9
COV	[608-608]	608	10
COV	[609-609]	609	8
COV	[610-610]	610	7
COV	[611-611]	611	9
COV	[612-612]	612	10
COV	[613-613]	613	8
COV	[614-614]	614	9
COV	[615-615]	615	8
COV	[616-616]	616	9
COV	[617-617]	617	11
COV	[618-618]	618	3
COV	[619-619]	619	6
COV	[620-620]	620	6
COV	[621-621]	621	5
COV	[622-622]	622	4
COV	[623-623]	623	7
COV	[624-624]	624	3
COV	[625-625]	625	1
COV	[626-626]	626	4
COV	[627-627]	627	4
COV	[628-628]	628	8
COV	[629-629]	629	6
COV	[630-630]	630	8
COV	[631-631]	631	4
COV	[632-632]	632	5
COV	[633-633]	633	7
COV	[634-634]	634	3
COV	[635-635]	635	11
COV	[636-636]	636	8
COV	[637-637]	637	5
COV	[638-638]	638	6
COV	[639-639]	639	5
COV	[640-640]	640	3
COV	[641-641]	641	10
COV	[642-642]	642	6
COV	[643-643]	643	6
COV	[644-644]	644	7
COV	[645-645]	645	7
COV	[646-646]	646	4
COV	[647-647]	647	4
COV	[648-648]	648	4
COV	[649-649]	649	3
COV	[650-650]	650	5
COV	[651-651]	651	1
COV	[652-652]	652	3
COV	[653-653]	653	1
COV	[654-654]	654	4
COV	[655-655]	655	2
COV	[656-656]	656	6
COV	[657-657]	657	4
COV	[658-658]	658	4
COV	[659-659]	659	7
COV	[660-660]	660	5
COV	[661-661]	661	1
COV	[662-662]	662	2
COV	[663-663]	663	5
COV	[664-664]	664	1
COV	[665-665]	665	4
COV	[666-666]	666	8
COV	[667-667]	667	1
COV	[668-668]	668	7
COV	[669-669]	669	4
COV	[670-670]	670	7
COV	[672-672]	672	4
COV	[674-674]	674	7
COV	[675-675]	675	3
COV	[676-676]	676	6
COV	[677-677]	677	3
COV	[678-678]	678	3
COV	[679-679]	679	1
COV	[680-680]	680	2
COV	[681-681]	681	2
COV	[682-682]	682	2
COV	[683-683]	683	3
COV	[684-684]	684	4
COV	[685-685]	685	2
COV	[686-686]	686	2
COV	[689-689]	689	2
COV	[690-690]	690	7
COV	[691-691]	691	1
COV	[692-692]	692	1
COV	[693-693]	693	1
COV	[694-694]	694	4
COV	[695-695]	695	2
COV	[696-696]	696	7
COV	[697-697]	697	5
COV	[698-698]	698	3
COV	[700-700]	700	4
COV	[701-701]	701	2
COV	[702-702]	702	6
COV	[703-703]	703	1
COV	[704-704]	704	3
COV	[705-705]	705	2
COV	[706-706]	706	5
COV	[707-707]	707	4
COV	[709-709]	709	9
COV	[710-710]	710	6
COV	[711-711]	711	8
COV	[712-712]	712	4
COV	[713-713]	713	5
COV	[714-714]	714	3
COV	[715-715]	715	6
COV	[716-716]	716	3
COV	[717-717]	717	3
COV	[718-718]	718	7
COV	[719-719]	719	8
COV	[720-720]	720	4
COV	[722-722]	722	2
COV	[723-723]	723	4
COV	[724-724]	724	3
COV	[725-725]	725	3
COV	[726-726]	726	4
COV	[727-727]	727	1
COV	[728-728]	728	2
COV	[730-730]	730	5
COV	[731-731]	731	4
COV	[732-732]	732	5
COV	[733-733]	733	2
COV	[734-734]	734	3
COV	[735-735]	735	2
COV	[736-736]	736	3
COV	[737-737]	737	3
COV	[738-738]	738	3
COV	[739-739]	739	1
COV	[740-740]	740	4
COV	[741-741]	741	1
COV	[742-742]	742	2
COV	[743-743]	743	3
COV	[744-744]	744	3
COV	[745-745]	745	3
COV	[746-746]	746	2
COV	[747-747]	747	2
COV	[748-748]	748	3
COV	[749-749]	749	4
COV	[750-750]	750	3
COV	[751-751]	751	5
COV	[752-752]	752	3
COV	[753-753]	753	5
COV	[754-754]	754	2
COV	[755-755]	755	1
COV	[756-756]	756	4
COV	[757-757]	757	1
COV	[758-758]	758	2
COV	[759-759]	759	1
COV	[760-760]	760	3
COV	[761-761]	761	6
COV	[762-762]	762	4
COV	[763-763]	763	4
COV	[764-764]	764	2
COV	[765-765]	765	3
COV	[766-766]	766	2
COV	[767-767]	767	2
COV	[771-771]	771	1
COV	[772-772]	772	2
COV	[773-773]	773	2
COV	[775-775]	775	2
COV	[776-776]	776	1
COV	[777-777]	777	3
COV	[778-778]	778	2
COV	[779-779]	779	6
COV	[780-780]	780	3
COV	[781-781]	781	2
COV	[782-782]	782	2
COV	[786-786]	786	1
COV	[788-788]	788	3
COV	[789-789]	789	1
COV	[791-791]	791	2
COV	[792-792]	792	2
COV	[794-794]	794	3
COV	[795-795]	795	2
COV	[796-796]	796	1
COV	[797-797]	797	1
COV	[798-798]	798	2
COV	[799-799]	799	1
COV	[800-800]	800	4
COV	[801-801]	801	2
COV	[802-802]	802	1
COV	[803-803]	803	2
COV	[804-804]	804	1
COV	[806-806]	806	1
COV	[807-807]	807	1
COV	[809-809]	809	3
COV	[810-810]	810	2
COV	[811-811]	811	1
COV	[812-812]	812	4
COV	[813-813]	813	2
COV	[814-814]	814	1
COV	[815-815]	815	2
COV	[816-816]	816	4
COV	[817-817]	817	3
COV	[818-818]	818	3
COV	[820-820]	820	4
COV	[821-821]	821	1
COV	[822-822]	822	2
COV	[823-823]	823	1
COV	[824-824]	824	2
COV	[825-825]	825	3
COV	[826-826]	826	2
COV	[828-828]	828	7
COV	[829-829]	829	1
COV	[830-830]	830	5
COV	[831-831]	831	3
COV	[832-832]	832	1
COV	[833-833]	833	5
COV	[834-834]	834	2
COV	[835-835]	835	2
COV	[836-836]	836	2
COV	[837-837]	837	1
COV	[838-838]	838	1
COV	[839-839]	839	4
COV	[841-841]	841	8
COV	[842-842]	842	1
COV	[843-843]	843	3
COV	[844-844]	844	1
COV	[845-845]	845	4
COV	[846-846]	846	5
COV	[847-847]	847	4
COV	[848-848]	848	4
COV	[849-849]	849	2
COV	[850-850]	850	1
COV	[851-851]	851	4
COV	[852-852]	852	4
COV	[853-853]	853	4
COV	[854-854]	854	6
COV	[855-855]	855	2
COV	[856-856]	856	5
COV	[857-857]	857	4
COV	[858-858]	858	6
COV	[859-859]	859	3
COV	[860-860]	860	3
COV	[861-861]	861	6
COV	[863-863]	863	6
COV	[864-864]	864	4
COV	[865-865]	865	1
COV	[866-866]	866	3
COV	[867-867]	867	2
COV	[868-868]	868	6
COV	[869-869]	869	4
COV	[870-870]	870	7
COV	[871-871]	871	3
COV	[872-872]	872	2
COV	[873-873]	873	5
COV	[874-874]	874	5
COV	[875-875]	875	4
COV	[876-876]	876	2
COV	[877-877]	877	4
COV	[878-878]	878	3
COV	[879-879]	879	4
COV	[880-880]	880	2
COV	[881-881]	881	6
COV	[882-882]	882	1
COV	[883-883]	883	4
COV	[885-885]	885	4
COV	[886-886]	886	3
COV	[887-887]	887	2
COV	[888-888]	888	6
COV	[889-889]	889	2
COV	[890-890]	890	2
COV	[891-891]	891	6
COV	[892-892]	892	3
COV	[893-893]	893	3
COV	[894-894]	894	2
COV	[895-895]	895	3
COV	[896-896]	896	5
COV	[897-897]	897	2
COV	[898-898]	898	3
COV	[899-899]	899	2
COV	[900-900]	900	3
COV	[901-901]	901	2
COV	[902-902]	902	3
COV	[903-903]	903	3
COV	[904-904]	904	2
COV	[905-905]	905	1
COV	[906-906]	906	1
COV	[907-907]	907	3
COV	[908-908]	908	2
COV	[909-909]	909	4
COV	[910-910]	910	1
COV	[911-911]	911	3
COV	[912-912]	912	2
COV	[913-913]	913	2
COV	[914-914]	914	2
COV	[916-916]	916	5
COV	[917-917]	917	1
COV	[919-919]	919	3
COV	[920-920]	920	5
COV	[921-921]	921	3
COV	[922-922]	922	1
COV	[923-923]	923	2
COV	[925-925]	925	3
COV	[927-927]	927	1
COV	[928-928]	928	2
COV	[929-929]	929	3
COV	[930-930]	930	1
COV	[931-931]	931	2
COV	[932-932]	932	5
COV	[933-933]	933	1
COV	[934-934]	934	5
COV	[935-935]	935	4
COV	[936-936]	936	5
COV	[937-937]	937	7
COV	[938-938]	938	5
COV	[939-939]	939	7
COV	[940-940]	940	6
COV	[941-941]	941	10
COV	[942-942]	942	4
COV	[943-943]	943	6
COV	[944-944]	944	7
COV	[945-945]	945	9
COV	[946-946]	946	2
COV	[948-948]	948	2
COV	[949-949]	949	5
COV	[950-950]	950	3
COV	[951-951]	951	4
COV	[952-952]	952	3
COV	[953-953]	953	3
COV	[954-954]	954	2
COV	[955-955]	955	5
COV	[956-956]	956	4
COV	[957-957]	957	1
COV	[959-959]	959	1
COV	[960-960]	960	2
COV	[962-962]	962	2
COV	[963-963]	963	2
COV	[964-964]	964	3
COV	[967-967]	967	2
COV	[968-968]	968	1
COV	[970-970]	970	1
COV	[971-971]	971	2
COV	[973-973]	973	2
COV	[975-975]	975	2
COV	[978-978]	978	1
COV	[981-981]	981	3
COV	[982-982]	982	1
COV	[983-983]	983	2
COV	[985-985]	985	1
COV	[986-986]	986	1
COV	[987-987]	987	1
COV	[993-993]	993	3
COV	[994-994]	994	1
COV	[995-995]	995	1
COV	[999-999]	999	1
COV	[1000-1000]	1000	1
COV	[1000<]	1000	2356
# GC-depth. Use `grep ^GCD | cut -f 2-` to extract this part. The columns are: GC%, unique sequence percentiles, 10th, 25th, 50th, 75th and 90th depth percentile
GCD	0.0	100.000	0.000	0.000	0.000	0.000	0.000
