# This file was produced by samtools stats (1.9+htslib-1.9) and can be plotted using plot-bamstats
# This file contains statistics for all reads.
# The command line was:  stats -@ 20 amelRNA_3/amelRNA_3_kv.bam
# CHK, Checksum	[2]Read Names	[3]Sequences	[4]Qualities
# CHK, CRC32 of reads which passed filtering followed by addition (32bit overflow)
CHK	66d24bc2	ec8d4489	28910415
# Summary Numbers. Use `grep ^SN | cut -f 2-` to extract this part.
SN	raw total sequences:	9252
SN	filtered sequences:	0
SN	sequences:	9252
SN	is sorted:	1
SN	1st fragments:	4707
SN	last fragments:	4545
SN	reads mapped:	8164
SN	reads mapped and paired:	7076	# paired-end technology bit set + both mates mapped
SN	reads unmapped:	1088
SN	reads properly paired:	6068	# proper-pair bit set
SN	reads paired:	9252	# paired-end technology bit set
SN	reads duplicated:	0	# PCR or optical duplicate bit set
SN	reads MQ0:	171	# mapped and MQ=0
SN	reads QC failed:	0
SN	non-primary alignments:	190
SN	total length:	1386855	# ignores clipping
SN	total first fragment length:	705611	# ignores clipping
SN	total last fragment length:	681244	# ignores clipping
SN	bases mapped:	1223683	# ignores clipping
SN	bases mapped (cigar):	1214949	# more accurate
SN	bases trimmed:	0
SN	bases duplicated:	0
SN	mismatches:	30515	# from NM fields
SN	error rate:	2.511628e-02	# mismatches / bases mapped (cigar)
SN	average length:	149
SN	average first fragment length:	150
SN	average last fragment length:	150
SN	maximum length:	150
SN	maximum first fragment length:	150
SN	maximum last fragment length:	150
SN	average quality:	36.3
SN	insert size average:	235.6
SN	insert size standard deviation:	43.2
SN	inward oriented pairs:	3014
SN	outward oriented pairs:	33
SN	pairs with other orientation:	0
SN	pairs on different chromosomes:	491
SN	percentage of properly paired reads (%):	65.6
# First Fragment Qualities. Use `grep ^FFQ | cut -f 2-` to extract this part.
# Columns correspond to qualities and rows to cycles. First column is the cycle number.
FFQ	1	0	0	0	0	0	0	0	0	0	0	0	27	0	0	0	0	0	0	0	0	0	0	0	0	0	66	0	0	0	0	0	0	0	0	0	0	0	4614	0
FFQ	2	0	0	2	0	0	0	0	0	0	0	0	23	0	0	0	0	0	0	0	0	0	0	0	0	0	66	0	0	0	0	0	0	0	0	0	0	0	4616	0
FFQ	3	0	0	0	0	0	0	0	0	0	0	0	17	0	0	0	0	0	0	0	0	0	0	0	0	0	48	0	0	0	0	0	0	0	0	0	0	0	4642	0
FFQ	4	0	0	0	0	0	0	0	0	0	0	0	25	0	0	0	0	0	0	0	0	0	0	0	0	0	60	0	0	0	0	0	0	0	0	0	0	0	4622	0
FFQ	5	0	0	0	0	0	0	0	0	0	0	0	19	0	0	0	0	0	0	0	0	0	0	0	0	0	61	0	0	0	0	0	0	0	0	0	0	0	4627	0
FFQ	6	0	0	0	0	0	0	0	0	0	0	0	18	0	0	0	0	0	0	0	0	0	0	0	0	0	43	0	0	0	0	0	0	0	0	0	0	0	4646	0
FFQ	7	0	0	0	0	0	0	0	0	0	0	0	22	0	0	0	0	0	0	0	0	0	0	0	0	0	70	0	0	0	0	0	0	0	0	0	0	0	4615	0
FFQ	8	0	0	1	0	0	0	0	0	0	0	0	25	0	0	0	0	0	0	0	0	0	0	0	0	0	57	0	0	0	0	0	0	0	0	0	0	0	4624	0
FFQ	9	0	0	0	0	0	0	0	0	0	0	0	16	0	0	0	0	0	0	0	0	0	0	0	0	0	55	0	0	0	0	0	0	0	0	0	0	0	4636	0
FFQ	10	0	0	0	0	0	0	0	0	0	0	0	19	0	0	0	0	0	0	0	0	0	0	0	0	0	64	0	0	0	0	0	0	0	0	0	0	0	4624	0
FFQ	11	0	0	0	0	0	0	0	0	0	0	0	24	0	0	0	0	0	0	0	0	0	0	0	0	0	73	0	0	0	0	0	0	0	0	0	0	0	4610	0
FFQ	12	0	0	0	0	0	0	0	0	0	0	0	16	0	0	0	0	0	0	0	0	0	0	0	0	0	73	0	0	0	0	0	0	0	0	0	0	0	4618	0
FFQ	13	0	0	0	0	0	0	0	0	0	0	0	25	0	0	0	0	0	0	0	0	0	0	0	0	0	55	0	0	0	0	0	0	0	0	0	0	0	4627	0
FFQ	14	0	0	0	0	0	0	0	0	0	0	0	20	0	0	0	0	0	0	0	0	0	0	0	0	0	64	0	0	0	0	0	0	0	0	0	0	0	4623	0
FFQ	15	0	0	0	0	0	0	0	0	0	0	0	23	0	0	0	0	0	0	0	0	0	0	0	0	0	79	0	0	0	0	0	0	0	0	0	0	0	4605	0
FFQ	16	0	0	0	0	0	0	0	0	0	0	0	14	0	0	0	0	0	0	0	0	0	0	0	0	0	74	0	0	0	0	0	0	0	0	0	0	0	4619	0
FFQ	17	0	0	0	0	0	0	0	0	0	0	0	19	0	0	0	0	0	0	0	0	0	0	0	0	0	66	0	0	0	0	0	0	0	0	0	0	0	4622	0
FFQ	18	0	0	0	0	0	0	0	0	0	0	0	16	0	0	0	0	0	0	0	0	0	0	0	0	0	70	0	0	0	0	0	0	0	0	0	0	0	4621	0
FFQ	19	0	0	0	0	0	0	0	0	0	0	0	20	0	0	0	0	0	0	0	0	0	0	0	0	0	80	0	0	0	0	0	0	0	0	0	0	0	4607	0
FFQ	20	0	0	0	0	0	0	0	0	0	0	0	29	0	0	0	0	0	0	0	0	0	0	0	0	0	99	0	0	0	0	0	0	0	0	0	0	0	4579	0
FFQ	21	0	0	0	0	0	0	0	0	0	0	0	26	0	0	0	0	0	0	0	0	0	0	0	0	0	101	0	0	0	0	0	0	0	0	0	0	0	4580	0
FFQ	22	0	0	0	0	0	0	0	0	0	0	0	23	0	0	0	0	0	0	0	0	0	0	0	0	0	82	0	0	0	0	0	0	0	0	0	0	0	4602	0
FFQ	23	0	0	0	0	0	0	0	0	0	0	0	20	0	0	0	0	0	0	0	0	0	0	0	0	0	95	0	0	0	0	0	0	0	0	0	0	0	4592	0
FFQ	24	0	0	0	0	0	0	0	0	0	0	0	27	0	0	0	0	0	0	0	0	0	0	0	0	0	94	0	0	0	0	0	0	0	0	0	0	0	4586	0
FFQ	25	0	0	0	0	0	0	0	0	0	0	0	36	0	0	0	0	0	0	0	0	0	0	0	0	0	83	0	0	0	0	0	0	0	0	0	0	0	4588	0
FFQ	26	0	0	0	0	0	0	0	0	0	0	0	31	0	0	0	0	0	0	0	0	0	0	0	0	0	84	0	0	0	0	0	0	0	0	0	0	0	4592	0
FFQ	27	0	0	0	0	0	0	0	0	0	0	0	34	0	0	0	0	0	0	0	0	0	0	0	0	0	71	0	0	0	0	0	0	0	0	0	0	0	4602	0
FFQ	28	0	0	0	0	0	0	0	0	0	0	0	26	0	0	0	0	0	0	0	0	0	0	0	0	0	71	0	0	0	0	0	0	0	0	0	0	0	4610	0
FFQ	29	0	0	0	0	0	0	0	0	0	0	0	18	0	0	0	0	0	0	0	0	0	0	0	0	0	75	0	0	0	0	0	0	0	0	0	0	0	4614	0
FFQ	30	0	0	0	0	0	0	0	0	0	0	0	13	0	0	0	0	0	0	0	0	0	0	0	0	0	72	0	0	0	0	0	0	0	0	0	0	0	4622	0
FFQ	31	0	0	0	0	0	0	0	0	0	0	0	26	0	0	0	0	0	0	0	0	0	0	0	0	0	92	0	0	0	0	0	0	0	0	0	0	0	4589	0
FFQ	32	0	0	0	0	0	0	0	0	0	0	0	24	0	0	0	0	0	0	0	0	0	0	0	0	0	73	0	0	0	0	0	0	0	0	0	0	0	4610	0
FFQ	33	0	0	0	0	0	0	0	0	0	0	0	27	0	0	0	0	0	0	0	0	0	0	0	0	0	87	0	0	0	0	0	0	0	0	0	0	0	4593	0
FFQ	34	0	0	0	0	0	0	0	0	0	0	0	36	0	0	0	0	0	0	0	0	0	0	0	0	0	88	0	0	0	0	0	0	0	0	0	0	0	4583	0
FFQ	35	0	0	0	0	0	0	0	0	0	0	0	22	0	0	0	0	0	0	0	0	0	0	0	0	0	89	0	0	0	0	0	0	0	0	0	0	0	4596	0
FFQ	36	0	0	0	0	0	0	0	0	0	0	0	25	0	0	0	0	0	0	0	0	0	0	0	0	0	78	0	0	0	0	0	0	0	0	0	0	0	4604	0
FFQ	37	0	0	0	0	0	0	0	0	0	0	0	33	0	0	0	0	0	0	0	0	0	0	0	0	0	86	0	0	0	0	0	0	0	0	0	0	0	4588	0
FFQ	38	0	0	0	0	0	0	0	0	0	0	0	30	0	0	0	0	0	0	0	0	0	0	0	0	0	79	0	0	0	0	0	0	0	0	0	0	0	4598	0
FFQ	39	0	0	0	0	0	0	0	0	0	0	0	29	0	0	0	0	0	0	0	0	0	0	0	0	0	86	0	0	0	0	0	0	0	0	0	0	0	4592	0
FFQ	40	0	0	0	0	0	0	0	0	0	0	0	19	0	0	0	0	0	0	0	0	0	0	0	0	0	82	0	0	0	0	0	0	0	0	0	0	0	4606	0
FFQ	41	0	0	0	0	0	0	0	0	0	0	0	23	0	0	0	0	0	0	0	0	0	0	0	0	0	89	0	0	0	0	0	0	0	0	0	0	0	4595	0
FFQ	42	0	0	0	0	0	0	0	0	0	0	0	32	0	0	0	0	0	0	0	0	0	0	0	0	0	69	0	0	0	0	0	0	0	0	0	0	0	4606	0
FFQ	43	0	0	0	0	0	0	0	0	0	0	0	30	0	0	0	0	0	0	0	0	0	0	0	0	0	78	0	0	0	0	0	0	0	0	0	0	0	4599	0
FFQ	44	0	0	0	0	0	0	0	0	0	0	0	25	0	0	0	0	0	0	0	0	0	0	0	0	0	69	0	0	0	0	0	0	0	0	0	0	0	4613	0
FFQ	45	0	0	0	0	0	0	0	0	0	0	0	28	0	0	0	0	0	0	0	0	0	0	0	0	0	65	0	0	0	0	0	0	0	0	0	0	0	4614	0
FFQ	46	0	0	0	0	0	0	0	0	0	0	0	32	0	0	0	0	0	0	0	0	0	0	0	0	0	98	0	0	0	0	0	0	0	0	0	0	0	4577	0
FFQ	47	0	0	0	0	0	0	0	0	0	0	0	24	0	0	0	0	0	0	0	0	0	0	0	0	0	98	0	0	0	0	0	0	0	0	0	0	0	4585	0
FFQ	48	0	0	0	0	0	0	0	0	0	0	0	25	0	0	0	0	0	0	0	0	0	0	0	0	0	78	0	0	0	0	0	0	0	0	0	0	0	4604	0
FFQ	49	0	0	0	0	0	0	0	0	0	0	0	29	0	0	0	0	0	0	0	0	0	0	0	0	0	80	0	0	0	0	0	0	0	0	0	0	0	4598	0
FFQ	50	0	0	0	0	0	0	0	0	0	0	0	25	0	0	0	0	0	0	0	0	0	0	0	0	0	63	0	0	0	0	0	0	0	0	0	0	0	4619	0
FFQ	51	0	0	0	0	0	0	0	0	0	0	0	26	0	0	0	0	0	0	0	0	0	0	0	0	0	79	0	0	0	0	0	0	0	0	0	0	0	4602	0
FFQ	52	0	0	0	0	0	0	0	0	0	0	0	39	0	0	0	0	0	0	0	0	0	0	0	0	0	65	0	0	0	0	0	0	0	0	0	0	0	4603	0
FFQ	53	0	0	0	0	0	0	0	0	0	0	0	19	0	0	0	0	0	0	0	0	0	0	0	0	0	66	0	0	0	0	0	0	0	0	0	0	0	4622	0
FFQ	54	0	0	0	0	0	0	0	0	0	0	0	33	0	0	0	0	0	0	0	0	0	0	0	0	0	72	0	0	0	0	0	0	0	0	0	0	0	4602	0
FFQ	55	0	0	0	0	0	0	0	0	0	0	0	31	0	0	0	0	0	0	0	0	0	0	0	0	0	97	0	0	0	0	0	0	0	0	0	0	0	4579	0
FFQ	56	0	0	0	0	0	0	0	0	0	0	0	29	0	0	0	0	0	0	0	0	0	0	0	0	0	107	0	0	0	0	0	0	0	0	0	0	0	4571	0
FFQ	57	0	0	0	0	0	0	0	0	0	0	0	31	0	0	0	0	0	0	0	0	0	0	0	0	0	80	0	0	0	0	0	0	0	0	0	0	0	4596	0
FFQ	58	0	0	0	0	0	0	0	0	0	0	0	27	0	0	0	0	0	0	0	0	0	0	0	0	0	91	0	0	0	0	0	0	0	0	0	0	0	4589	0
FFQ	59	0	0	0	0	0	0	0	0	0	0	0	20	0	0	0	0	0	0	0	0	0	0	0	0	0	77	0	0	0	0	0	0	0	0	0	0	0	4610	0
FFQ	60	0	0	0	0	0	0	0	0	0	0	0	33	0	0	0	0	0	0	0	0	0	0	0	0	0	102	0	0	0	0	0	0	0	0	0	0	0	4572	0
FFQ	61	0	0	0	0	0	0	0	0	0	0	0	36	0	0	0	0	0	0	0	0	0	0	0	0	0	110	0	0	0	0	0	0	0	0	0	0	0	4561	0
FFQ	62	0	0	0	0	0	0	0	0	0	0	0	34	0	0	0	0	0	0	0	0	0	0	0	0	0	92	0	0	0	0	0	0	0	0	0	0	0	4581	0
FFQ	63	0	0	0	0	0	0	0	0	0	0	0	36	0	0	0	0	0	0	0	0	0	0	0	0	0	112	0	0	0	0	0	0	0	0	0	0	0	4559	0
FFQ	64	0	0	0	0	0	0	0	0	0	0	0	36	0	0	0	0	0	0	0	0	0	0	0	0	0	83	0	0	0	0	0	0	0	0	0	0	0	4588	0
FFQ	65	0	0	0	0	0	0	0	0	0	0	0	37	0	0	0	0	0	0	0	0	0	0	0	0	0	104	0	0	0	0	0	0	0	0	0	0	0	4566	0
FFQ	66	0	0	0	0	0	0	0	0	0	0	0	39	0	0	0	0	0	0	0	0	0	0	0	0	0	113	0	0	0	0	0	0	0	0	0	0	0	4555	0
FFQ	67	0	0	0	0	0	0	0	0	0	0	0	42	0	0	0	0	0	0	0	0	0	0	0	0	0	120	0	0	0	0	0	0	0	0	0	0	0	4545	0
FFQ	68	0	0	0	0	0	0	0	0	0	0	0	31	0	0	0	0	0	0	0	0	0	0	0	0	0	117	0	0	0	0	0	0	0	0	0	0	0	4559	0
FFQ	69	0	0	0	0	0	0	0	0	0	0	0	47	0	0	0	0	0	0	0	0	0	0	0	0	0	117	0	0	0	0	0	0	0	0	0	0	0	4543	0
FFQ	70	0	0	0	0	0	0	0	0	0	0	0	31	0	0	0	0	0	0	0	0	0	0	0	0	0	109	0	0	0	0	0	0	0	0	0	0	0	4567	0
FFQ	71	0	0	0	0	0	0	0	0	0	0	0	37	0	0	0	0	0	0	0	0	0	0	0	0	0	87	0	0	0	0	0	0	0	0	0	0	0	4583	0
FFQ	72	0	0	0	0	0	0	0	0	0	0	0	56	0	0	0	0	0	0	0	0	0	0	0	0	0	115	0	0	0	0	0	0	0	0	0	0	0	4536	0
FFQ	73	0	0	0	0	0	0	0	0	0	0	0	46	0	0	0	0	0	0	0	0	0	0	0	0	0	119	0	0	0	0	0	0	0	0	0	0	0	4542	0
FFQ	74	0	0	0	0	0	0	0	0	0	0	0	37	0	0	0	0	0	0	0	0	0	0	0	0	0	132	0	0	0	0	0	0	0	0	0	0	0	4538	0
FFQ	75	0	0	0	0	0	0	0	0	0	0	0	34	0	0	0	0	0	0	0	0	0	0	0	0	0	101	0	0	0	0	0	0	0	0	0	0	0	4572	0
FFQ	76	0	0	0	0	0	0	0	0	0	0	0	49	0	0	0	0	0	0	0	0	0	0	0	0	0	116	0	0	0	0	0	0	0	0	0	0	0	4542	0
FFQ	77	0	0	0	0	0	0	0	0	0	0	0	43	0	0	0	0	0	0	0	0	0	0	0	0	0	145	0	0	0	0	0	0	0	0	0	0	0	4519	0
FFQ	78	0	0	0	0	0	0	0	0	0	0	0	56	0	0	0	0	0	0	0	0	0	0	0	0	0	152	0	0	0	0	0	0	0	0	0	0	0	4499	0
FFQ	79	0	0	0	0	0	0	0	0	0	0	0	55	0	0	0	0	0	0	0	0	0	0	0	0	0	144	0	0	0	0	0	0	0	0	0	0	0	4508	0
FFQ	80	0	0	0	0	0	0	0	0	0	0	0	43	0	0	0	0	0	0	0	0	0	0	0	0	0	111	0	0	0	0	0	0	0	0	0	0	0	4553	0
FFQ	81	0	0	0	0	0	0	0	0	0	0	0	37	0	0	0	0	0	0	0	0	0	0	0	0	0	134	0	0	0	0	0	0	0	0	0	0	0	4536	0
FFQ	82	0	0	0	0	0	0	0	0	0	0	0	43	0	0	0	0	0	0	0	0	0	0	0	0	0	127	0	0	0	0	0	0	0	0	0	0	0	4537	0
FFQ	83	0	0	0	0	0	0	0	0	0	0	0	45	0	0	0	0	0	0	0	0	0	0	0	0	0	131	0	0	0	0	0	0	0	0	0	0	0	4531	0
FFQ	84	0	0	0	0	0	0	0	0	0	0	0	45	0	0	0	0	0	0	0	0	0	0	0	0	0	124	0	0	0	0	0	0	0	0	0	0	0	4538	0
FFQ	85	0	0	0	0	0	0	0	0	0	0	0	47	0	0	0	0	0	0	0	0	0	0	0	0	0	114	0	0	0	0	0	0	0	0	0	0	0	4546	0
FFQ	86	0	0	0	0	0	0	0	0	0	0	0	41	0	0	0	0	0	0	0	0	0	0	0	0	0	124	0	0	0	0	0	0	0	0	0	0	0	4542	0
FFQ	87	0	0	0	0	0	0	0	0	0	0	0	46	0	0	0	0	0	0	0	0	0	0	0	0	0	121	0	0	0	0	0	0	0	0	0	0	0	4540	0
FFQ	88	0	0	0	0	0	0	0	0	0	0	0	44	0	0	0	0	0	0	0	0	0	0	0	0	0	142	0	0	0	0	0	0	0	0	0	0	0	4521	0
FFQ	89	0	0	0	0	0	0	0	0	0	0	0	50	0	0	0	0	0	0	0	0	0	0	0	0	0	142	0	0	0	0	0	0	0	0	0	0	0	4515	0
FFQ	90	0	0	0	0	0	0	0	0	0	0	0	41	0	0	0	0	0	0	0	0	0	0	0	0	0	123	0	0	0	0	0	0	0	0	0	0	0	4543	0
FFQ	91	0	0	0	0	0	0	0	0	0	0	0	41	0	0	0	0	0	0	0	0	0	0	0	0	0	143	0	0	0	0	0	0	0	0	0	0	0	4523	0
FFQ	92	0	0	0	0	0	0	0	0	0	0	0	63	0	0	0	0	0	0	0	0	0	0	0	0	0	151	0	0	0	0	0	0	0	0	0	0	0	4493	0
FFQ	93	0	0	0	0	0	0	0	0	0	0	0	32	0	0	0	0	0	0	0	0	0	0	0	0	0	115	0	0	0	0	0	0	0	0	0	0	0	4560	0
FFQ	94	0	0	0	0	0	0	0	0	0	0	0	49	0	0	0	0	0	0	0	0	0	0	0	0	0	112	0	0	0	0	0	0	0	0	0	0	0	4546	0
FFQ	95	0	0	0	0	0	0	0	0	0	0	0	55	0	0	0	0	0	0	0	0	0	0	0	0	0	101	0	0	0	0	0	0	0	0	0	0	0	4551	0
FFQ	96	0	0	0	0	0	0	0	0	0	0	0	58	0	0	0	0	0	0	0	0	0	0	0	0	0	137	0	0	0	0	0	0	0	0	0	0	0	4512	0
FFQ	97	0	0	0	0	0	0	0	0	0	0	0	47	0	0	0	0	0	0	0	0	0	0	0	0	0	138	0	0	0	0	0	0	0	0	0	0	0	4522	0
FFQ	98	0	0	0	0	0	0	0	0	0	0	0	55	0	0	0	0	0	0	0	0	0	0	0	0	0	118	0	0	0	0	0	0	0	0	0	0	0	4534	0
FFQ	99	0	0	0	0	0	0	0	0	0	0	0	58	0	0	0	0	0	0	0	0	0	0	0	0	0	114	0	0	0	0	0	0	0	0	0	0	0	4535	0
FFQ	100	0	0	0	0	0	0	0	0	0	0	0	52	0	0	0	0	0	0	0	0	0	0	0	0	0	138	0	0	0	0	0	0	0	0	0	0	0	4517	0
FFQ	101	0	0	0	0	0	0	0	0	0	0	0	60	0	0	0	0	0	0	0	0	0	0	0	0	0	167	0	0	0	0	0	0	0	0	0	0	0	4480	0
FFQ	102	0	0	0	0	0	0	0	0	0	0	0	78	0	0	0	0	0	0	0	0	0	0	0	0	0	172	0	0	0	0	0	0	0	0	0	0	0	4457	0
FFQ	103	0	0	0	0	0	0	0	0	0	0	0	67	0	0	0	0	0	0	0	0	0	0	0	0	0	140	0	0	0	0	0	0	0	0	0	0	0	4500	0
FFQ	104	0	0	0	0	0	0	0	0	0	0	0	50	0	0	0	0	0	0	0	0	0	0	0	0	0	116	0	0	0	0	0	0	0	0	0	0	0	4541	0
FFQ	105	0	0	0	0	0	0	0	0	0	0	0	71	0	0	0	0	0	0	0	0	0	0	0	0	0	138	0	0	0	0	0	0	0	0	0	0	0	4498	0
FFQ	106	0	0	0	0	0	0	0	0	0	0	0	50	0	0	0	0	0	0	0	0	0	0	0	0	0	141	0	0	0	0	0	0	0	0	0	0	0	4516	0
FFQ	107	0	0	0	0	0	0	0	0	0	0	0	52	0	0	0	0	0	0	0	0	0	0	0	0	0	141	0	0	0	0	0	0	0	0	0	0	0	4514	0
FFQ	108	0	0	0	0	0	0	0	0	0	0	0	58	0	0	0	0	0	0	0	0	0	0	0	0	0	128	0	0	0	0	0	0	0	0	0	0	0	4521	0
FFQ	109	0	0	0	0	0	0	0	0	0	0	0	71	0	0	0	0	0	0	0	0	0	0	0	0	0	168	0	0	0	0	0	0	0	0	0	0	0	4468	0
FFQ	110	0	0	0	0	0	0	0	0	0	0	0	55	0	0	0	0	0	0	0	0	0	0	0	0	0	173	0	0	0	0	0	0	0	0	0	0	0	4479	0
FFQ	111	0	0	0	0	0	0	0	0	0	0	0	68	0	0	0	0	0	0	0	0	0	0	0	0	0	168	0	0	0	0	0	0	0	0	0	0	0	4471	0
FFQ	112	0	0	0	0	0	0	0	0	0	0	0	84	0	0	0	0	0	0	0	0	0	0	0	0	0	164	0	0	0	0	0	0	0	0	0	0	0	4459	0
FFQ	113	0	0	0	0	0	0	0	0	0	0	0	81	0	0	0	0	0	0	0	0	0	0	0	0	0	181	0	0	0	0	0	0	0	0	0	0	0	4445	0
FFQ	114	0	0	0	0	0	0	0	0	0	0	0	86	0	0	0	0	0	0	0	0	0	0	0	0	0	208	0	0	0	0	0	0	0	0	0	0	0	4413	0
FFQ	115	0	0	0	0	0	0	0	0	0	0	0	58	0	0	0	0	0	0	0	0	0	0	0	0	0	183	0	0	0	0	0	0	0	0	0	0	0	4466	0
FFQ	116	0	0	0	0	0	0	0	0	0	0	0	68	0	0	0	0	0	0	0	0	0	0	0	0	0	168	0	0	0	0	0	0	0	0	0	0	0	4471	0
FFQ	117	0	0	0	0	0	0	0	0	0	0	0	65	0	0	0	0	0	0	0	0	0	0	0	0	0	165	0	0	0	0	0	0	0	0	0	0	0	4477	0
FFQ	118	0	0	0	0	0	0	0	0	0	0	0	66	0	0	0	0	0	0	0	0	0	0	0	0	0	148	0	0	0	0	0	0	0	0	0	0	0	4493	0
FFQ	119	0	0	0	0	0	0	0	0	0	0	0	62	0	0	0	0	0	0	0	0	0	0	0	0	0	154	0	0	0	0	0	0	0	0	0	0	0	4491	0
FFQ	120	0	0	0	0	0	0	0	0	0	0	0	64	0	0	0	0	0	0	0	0	0	0	0	0	0	151	0	0	0	0	0	0	0	0	0	0	0	4492	0
FFQ	121	0	0	0	0	0	0	0	0	0	0	0	73	0	0	0	0	0	0	0	0	0	0	0	0	0	173	0	0	0	0	0	0	0	0	0	0	0	4461	0
FFQ	122	0	0	0	0	0	0	0	0	0	0	0	85	0	0	0	0	0	0	0	0	0	0	0	0	0	192	0	0	0	0	0	0	0	0	0	0	0	4430	0
FFQ	123	0	0	0	0	0	0	0	0	0	0	0	50	0	0	0	0	0	0	0	0	0	0	0	0	0	150	0	0	0	0	0	0	0	0	0	0	0	4507	0
FFQ	124	0	0	0	0	0	0	0	0	0	0	0	58	0	0	0	0	0	0	0	0	0	0	0	0	0	158	0	0	0	0	0	0	0	0	0	0	0	4491	0
FFQ	125	0	0	0	0	0	0	0	0	0	0	0	62	0	0	0	0	0	0	0	0	0	0	0	0	0	162	0	0	0	0	0	0	0	0	0	0	0	4483	0
FFQ	126	0	0	0	0	0	0	0	0	0	0	0	92	0	0	0	0	0	0	0	0	0	0	0	0	0	171	0	0	0	0	0	0	0	0	0	0	0	4444	0
FFQ	127	0	0	0	0	0	0	0	0	0	0	0	66	0	0	0	0	0	0	0	0	0	0	0	0	0	165	0	0	0	0	0	0	0	0	0	0	0	4476	0
FFQ	128	0	0	1	0	0	0	0	0	0	0	0	85	0	0	0	0	0	0	0	0	0	0	0	0	0	177	0	0	0	0	0	0	0	0	0	0	0	4444	0
FFQ	129	0	0	0	0	0	0	0	0	0	0	0	63	0	0	0	0	0	0	0	0	0	0	0	0	0	164	0	0	0	0	0	0	0	0	0	0	0	4480	0
FFQ	130	0	0	0	0	0	0	0	0	0	0	0	73	0	0	0	0	0	0	0	0	0	0	0	0	0	178	0	0	0	0	0	0	0	0	0	0	0	4456	0
FFQ	131	0	0	0	0	0	0	0	0	0	0	0	101	0	0	0	0	0	0	0	0	0	0	0	0	0	199	0	0	0	0	0	0	0	0	0	0	0	4407	0
FFQ	132	0	0	0	0	0	0	0	0	0	0	0	69	0	0	0	0	0	0	0	0	0	0	0	0	0	196	0	0	0	0	0	0	0	0	0	0	0	4442	0
FFQ	133	0	0	0	0	0	0	0	0	0	0	0	90	0	0	0	0	0	0	0	0	0	0	0	0	0	202	0	0	0	0	0	0	0	0	0	0	0	4415	0
FFQ	134	0	0	0	0	0	0	0	0	0	0	0	93	0	0	0	0	0	0	0	0	0	0	0	0	0	228	0	0	0	0	0	0	0	0	0	0	0	4386	0
FFQ	135	0	0	0	0	0	0	0	0	0	0	0	87	0	0	0	0	0	0	0	0	0	0	0	0	0	200	0	0	0	0	0	0	0	0	0	0	0	4420	0
FFQ	136	0	0	0	0	0	0	0	0	0	0	0	94	0	0	0	0	0	0	0	0	0	0	0	0	0	245	0	0	0	0	0	0	0	0	0	0	0	4368	0
FFQ	137	0	0	0	0	0	0	0	0	0	0	0	89	0	0	0	0	0	0	0	0	0	0	0	0	0	227	0	0	0	0	0	0	0	0	0	0	0	4391	0
FFQ	138	0	0	0	0	0	0	0	0	0	0	0	95	0	0	0	0	0	0	0	0	0	0	0	0	0	227	0	0	0	0	0	0	0	0	0	0	0	4385	0
FFQ	139	0	0	0	0	0	0	0	0	0	0	0	108	0	0	0	0	0	0	0	0	0	0	0	0	0	266	0	0	0	0	0	0	0	0	0	0	0	4333	0
FFQ	140	0	0	0	0	0	0	0	0	0	0	0	116	0	0	0	0	0	0	0	0	0	0	0	0	0	208	0	0	0	0	0	0	0	0	0	0	0	4383	0
FFQ	141	0	0	0	0	0	0	0	0	0	0	0	87	0	0	0	0	0	0	0	0	0	0	0	0	0	233	0	0	0	0	0	0	0	0	0	0	0	4387	0
FFQ	142	0	0	0	0	0	0	0	0	0	0	0	93	0	0	0	0	0	0	0	0	0	0	0	0	0	234	0	0	0	0	0	0	0	0	0	0	0	4380	0
FFQ	143	0	0	0	0	0	0	0	0	0	0	0	85	0	0	0	0	0	0	0	0	0	0	0	0	0	203	0	0	0	0	0	0	0	0	0	0	0	4419	0
FFQ	144	0	0	0	0	0	0	0	0	0	0	0	105	0	0	0	0	0	0	0	0	0	0	0	0	0	251	0	0	0	0	0	0	0	0	0	0	0	4351	0
FFQ	145	0	0	0	0	0	0	0	0	0	0	0	110	0	0	0	0	0	0	0	0	0	0	0	0	0	239	0	0	0	0	0	0	0	0	0	0	0	4358	0
FFQ	146	0	0	0	0	0	0	0	0	0	0	0	111	0	0	0	0	0	0	0	0	0	0	0	0	0	234	0	0	0	0	0	0	0	0	0	0	0	4361	0
FFQ	147	0	0	0	0	0	0	0	0	0	0	0	90	0	0	0	0	0	0	0	0	0	0	0	0	0	203	0	0	0	0	0	0	0	0	0	0	0	4400	0
FFQ	148	0	0	0	0	0	0	0	0	0	0	0	116	0	0	0	0	0	0	0	0	0	0	0	0	0	228	0	0	0	0	0	0	0	0	0	0	0	4222	0
FFQ	149	0	0	0	0	0	0	0	0	0	0	0	104	0	0	0	0	0	0	0	0	0	0	0	0	0	201	0	0	0	0	0	0	0	0	0	0	0	4261	0
FFQ	150	0	0	0	0	0	0	0	0	0	0	0	107	0	0	0	0	0	0	0	0	0	0	0	0	0	247	0	0	0	0	0	0	0	0	0	0	0	4211	0
# Last Fragment Qualities. Use `grep ^LFQ | cut -f 2-` to extract this part.
# Columns correspond to qualities and rows to cycles. First column is the cycle number.
LFQ	1	0	0	0	0	0	0	0	0	0	0	0	33	0	0	0	0	0	0	0	0	0	0	0	0	0	128	0	0	0	0	0	0	0	0	0	0	0	4384	0
LFQ	2	0	0	0	0	0	0	0	0	0	0	0	34	0	0	0	0	0	0	0	0	0	0	0	0	0	130	0	0	0	0	0	0	0	0	0	0	0	4381	0
LFQ	3	0	0	0	0	0	0	0	0	0	0	0	25	0	0	0	0	0	0	0	0	0	0	0	0	0	102	0	0	0	0	0	0	0	0	0	0	0	4418	0
LFQ	4	0	0	0	0	0	0	0	0	0	0	0	27	0	0	0	0	0	0	0	0	0	0	0	0	0	103	0	0	0	0	0	0	0	0	0	0	0	4415	0
LFQ	5	0	0	0	0	0	0	0	0	0	0	0	28	0	0	0	0	0	0	0	0	0	0	0	0	0	84	0	0	0	0	0	0	0	0	0	0	0	4433	0
LFQ	6	0	0	0	0	0	0	0	0	0	0	0	41	0	0	0	0	0	0	0	0	0	0	0	0	0	89	0	0	0	0	0	0	0	0	0	0	0	4415	0
LFQ	7	0	0	0	0	0	0	0	0	0	0	0	26	0	0	0	0	0	0	0	0	0	0	0	0	0	79	0	0	0	0	0	0	0	0	0	0	0	4440	0
LFQ	8	0	0	0	0	0	0	0	0	0	0	0	23	0	0	0	0	0	0	0	0	0	0	0	0	0	79	0	0	0	0	0	0	0	0	0	0	0	4443	0
LFQ	9	0	0	1	0	0	0	0	0	0	0	0	29	0	0	0	0	0	0	0	0	0	0	0	0	0	88	0	0	0	0	0	0	0	0	0	0	0	4427	0
LFQ	10	0	0	0	0	0	0	0	0	0	0	0	29	0	0	0	0	0	0	0	0	0	0	0	0	0	74	0	0	0	0	0	0	0	0	0	0	0	4442	0
LFQ	11	0	0	0	0	0	0	0	0	0	0	0	27	0	0	0	0	0	0	0	0	0	0	0	0	0	95	0	0	0	0	0	0	0	0	0	0	0	4423	0
LFQ	12	0	0	0	0	0	0	0	0	0	0	0	25	0	0	0	0	0	0	0	0	0	0	0	0	0	105	0	0	0	0	0	0	0	0	0	0	0	4415	0
LFQ	13	0	0	0	0	0	0	0	0	0	0	0	35	0	0	0	0	0	0	0	0	0	0	0	0	0	96	0	0	0	0	0	0	0	0	0	0	0	4414	0
LFQ	14	0	0	0	0	0	0	0	0	0	0	0	17	0	0	0	0	0	0	0	0	0	0	0	0	0	104	0	0	0	0	0	0	0	0	0	0	0	4424	0
LFQ	15	0	0	0	0	0	0	0	0	0	0	0	30	0	0	0	0	0	0	0	0	0	0	0	0	0	102	0	0	0	0	0	0	0	0	0	0	0	4413	0
LFQ	16	0	0	0	0	0	0	0	0	0	0	0	26	0	0	0	0	0	0	0	0	0	0	0	0	0	92	0	0	0	0	0	0	0	0	0	0	0	4427	0
LFQ	17	0	0	0	0	0	0	0	0	0	0	0	32	0	0	0	0	0	0	0	0	0	0	0	0	0	106	0	0	0	0	0	0	0	0	0	0	0	4407	0
LFQ	18	0	0	0	0	0	0	0	0	0	0	0	27	0	0	0	0	0	0	0	0	0	0	0	0	0	102	0	0	0	0	0	0	0	0	0	0	0	4416	0
LFQ	19	0	0	0	0	0	0	0	0	0	0	0	26	0	0	0	0	0	0	0	0	0	0	0	0	0	110	0	0	0	0	0	0	0	0	0	0	0	4409	0
LFQ	20	0	0	0	0	0	0	0	0	0	0	0	19	0	0	0	0	0	0	0	0	0	0	0	0	0	88	0	0	0	0	0	0	0	0	0	0	0	4438	0
LFQ	21	0	0	0	0	0	0	0	0	0	0	0	26	0	0	0	0	0	0	0	0	0	0	0	0	0	84	0	0	0	0	0	0	0	0	0	0	0	4435	0
LFQ	22	0	0	0	0	0	0	0	0	0	0	0	25	0	0	0	0	0	0	0	0	0	0	0	0	0	87	0	0	0	0	0	0	0	0	0	0	0	4433	0
LFQ	23	0	0	0	0	0	0	0	0	0	0	0	26	0	0	0	0	0	0	0	0	0	0	0	0	0	102	0	0	0	0	0	0	0	0	0	0	0	4417	0
LFQ	24	0	0	0	0	0	0	0	0	0	0	0	27	0	0	0	0	0	0	0	0	0	0	0	0	0	94	0	0	0	0	0	0	0	0	0	0	0	4424	0
LFQ	25	0	0	0	0	0	0	0	0	0	0	0	31	0	0	0	0	0	0	0	0	0	0	0	0	0	98	0	0	0	0	0	0	0	0	0	0	0	4416	0
LFQ	26	0	0	0	0	0	0	0	0	0	0	0	19	0	0	0	0	0	0	0	0	0	0	0	0	0	108	0	0	0	0	0	0	0	0	0	0	0	4418	0
LFQ	27	0	0	0	0	0	0	0	0	0	0	0	49	0	0	0	0	0	0	0	0	0	0	0	0	0	115	0	0	0	0	0	0	0	0	0	0	0	4381	0
LFQ	28	0	0	0	0	0	0	0	0	0	0	0	36	0	0	0	0	0	0	0	0	0	0	0	0	0	115	0	0	0	0	0	0	0	0	0	0	0	4394	0
LFQ	29	0	0	0	0	0	0	0	0	0	0	0	38	0	0	0	0	0	0	0	0	0	0	0	0	0	89	0	0	0	0	0	0	0	0	0	0	0	4418	0
LFQ	30	0	0	0	0	0	0	0	0	0	0	0	31	0	0	0	0	0	0	0	0	0	0	0	0	0	107	0	0	0	0	0	0	0	0	0	0	0	4407	0
LFQ	31	0	0	0	0	0	0	0	0	0	0	0	26	0	0	0	0	0	0	0	0	0	0	0	0	0	107	0	0	0	0	0	0	0	0	0	0	0	4412	0
LFQ	32	0	0	0	0	0	0	0	0	0	0	0	30	0	0	0	0	0	0	0	0	0	0	0	0	0	115	0	0	0	0	0	0	0	0	0	0	0	4400	0
LFQ	33	0	0	0	0	0	0	0	0	0	0	0	30	0	0	0	0	0	0	0	0	0	0	0	0	0	104	0	0	0	0	0	0	0	0	0	0	0	4411	0
LFQ	34	0	0	0	0	0	0	0	0	0	0	0	19	0	0	0	0	0	0	0	0	0	0	0	0	0	109	0	0	0	0	0	0	0	0	0	0	0	4417	0
LFQ	35	0	0	0	0	0	0	0	0	0	0	0	32	0	0	0	0	0	0	0	0	0	0	0	0	0	114	0	0	0	0	0	0	0	0	0	0	0	4399	0
LFQ	36	0	0	0	0	0	0	0	0	0	0	0	32	0	0	0	0	0	0	0	0	0	0	0	0	0	106	0	0	0	0	0	0	0	0	0	0	0	4407	0
LFQ	37	0	0	1	0	0	0	0	0	0	0	0	36	0	0	0	0	0	0	0	0	0	0	0	0	0	117	0	0	0	0	0	0	0	0	0	0	0	4391	0
LFQ	38	0	0	0	0	0	0	0	0	0	0	0	29	0	0	0	0	0	0	0	0	0	0	0	0	0	99	0	0	0	0	0	0	0	0	0	0	0	4417	0
LFQ	39	0	0	0	0	0	0	0	0	0	0	0	30	0	0	0	0	0	0	0	0	0	0	0	0	0	125	0	0	0	0	0	0	0	0	0	0	0	4390	0
LFQ	40	0	0	0	0	0	0	0	0	0	0	0	28	0	0	0	0	0	0	0	0	0	0	0	0	0	132	0	0	0	0	0	0	0	0	0	0	0	4385	0
LFQ	41	0	0	1	0	0	0	0	0	0	0	0	28	0	0	0	0	0	0	0	0	0	0	0	0	0	101	0	0	0	0	0	0	0	0	0	0	0	4415	0
LFQ	42	0	0	0	0	0	0	0	0	0	0	0	47	0	0	0	0	0	0	0	0	0	0	0	0	0	130	0	0	0	0	0	0	0	0	0	0	0	4368	0
LFQ	43	0	0	0	0	0	0	0	0	0	0	0	43	0	0	0	0	0	0	0	0	0	0	0	0	0	79	0	0	0	0	0	0	0	0	0	0	0	4423	0
LFQ	44	0	0	0	0	0	0	0	0	0	0	0	41	0	0	0	0	0	0	0	0	0	0	0	0	0	118	0	0	0	0	0	0	0	0	0	0	0	4386	0
LFQ	45	0	0	0	0	0	0	0	0	0	0	0	42	0	0	0	0	0	0	0	0	0	0	0	0	0	110	0	0	0	0	0	0	0	0	0	0	0	4393	0
LFQ	46	0	0	0	0	0	0	0	0	0	0	0	29	0	0	0	0	0	0	0	0	0	0	0	0	0	112	0	0	0	0	0	0	0	0	0	0	0	4404	0
LFQ	47	0	0	0	0	0	0	0	0	0	0	0	39	0	0	0	0	0	0	0	0	0	0	0	0	0	140	0	0	0	0	0	0	0	0	0	0	0	4366	0
LFQ	48	0	0	0	0	0	0	0	0	0	0	0	34	0	0	0	0	0	0	0	0	0	0	0	0	0	130	0	0	0	0	0	0	0	0	0	0	0	4381	0
LFQ	49	0	0	0	0	0	0	0	0	0	0	0	39	0	0	0	0	0	0	0	0	0	0	0	0	0	115	0	0	0	0	0	0	0	0	0	0	0	4391	0
LFQ	50	0	0	0	0	0	0	0	0	0	0	0	21	0	0	0	0	0	0	0	0	0	0	0	0	0	112	0	0	0	0	0	0	0	0	0	0	0	4412	0
LFQ	51	0	0	0	0	0	0	0	0	0	0	0	45	0	0	0	0	0	0	0	0	0	0	0	0	0	112	0	0	0	0	0	0	0	0	0	0	0	4388	0
LFQ	52	0	0	0	0	0	0	0	0	0	0	0	34	0	0	0	0	0	0	0	0	0	0	0	0	0	108	0	0	0	0	0	0	0	0	0	0	0	4403	0
LFQ	53	0	0	0	0	0	0	0	0	0	0	0	36	0	0	0	0	0	0	0	0	0	0	0	0	0	139	0	0	0	0	0	0	0	0	0	0	0	4370	0
LFQ	54	0	0	0	0	0	0	0	0	0	0	0	39	0	0	0	0	0	0	0	0	0	0	0	0	0	163	0	0	0	0	0	0	0	0	0	0	0	4343	0
LFQ	55	0	0	0	0	0	0	0	0	0	0	0	43	0	0	0	0	0	0	0	0	0	0	0	0	0	128	0	0	0	0	0	0	0	0	0	0	0	4374	0
LFQ	56	0	0	0	0	0	0	0	0	0	0	0	38	0	0	0	0	0	0	0	0	0	0	0	0	0	101	0	0	0	0	0	0	0	0	0	0	0	4406	0
LFQ	57	0	0	0	0	0	0	0	0	0	0	0	32	0	0	0	0	0	0	0	0	0	0	0	0	0	133	0	0	0	0	0	0	0	0	0	0	0	4380	0
LFQ	58	0	0	0	0	0	0	0	0	0	0	0	47	0	0	0	0	0	0	0	0	0	0	0	0	0	128	0	0	0	0	0	0	0	0	0	0	0	4370	0
LFQ	59	0	0	0	0	0	0	0	0	0	0	0	42	0	0	0	0	0	0	0	0	0	0	0	0	0	114	0	0	0	0	0	0	0	0	0	0	0	4389	0
LFQ	60	0	0	0	0	0	0	0	0	0	0	0	32	0	0	0	0	0	0	0	0	0	0	0	0	0	93	0	0	0	0	0	0	0	0	0	0	0	4420	0
LFQ	61	0	0	0	0	0	0	0	0	0	0	0	40	0	0	0	0	0	0	0	0	0	0	0	0	0	119	0	0	0	0	0	0	0	0	0	0	0	4386	0
LFQ	62	0	0	0	0	0	0	0	0	0	0	0	38	0	0	0	0	0	0	0	0	0	0	0	0	0	131	0	0	0	0	0	0	0	0	0	0	0	4376	0
LFQ	63	0	0	0	0	0	0	0	0	0	0	0	46	0	0	0	0	0	0	0	0	0	0	0	0	0	125	0	0	0	0	0	0	0	0	0	0	0	4374	0
LFQ	64	0	0	0	0	0	0	0	0	0	0	0	56	0	0	0	0	0	0	0	0	0	0	0	0	0	157	0	0	0	0	0	0	0	0	0	0	0	4332	0
LFQ	65	0	0	0	0	0	0	0	0	0	0	0	34	0	0	0	0	0	0	0	0	0	0	0	0	0	140	0	0	0	0	0	0	0	0	0	0	0	4371	0
LFQ	66	0	0	0	0	0	0	0	0	0	0	0	41	0	0	0	0	0	0	0	0	0	0	0	0	0	130	0	0	0	0	0	0	0	0	0	0	0	4374	0
LFQ	67	0	0	0	0	0	0	0	0	0	0	0	42	0	0	0	0	0	0	0	0	0	0	0	0	0	136	0	0	0	0	0	0	0	0	0	0	0	4367	0
LFQ	68	0	0	0	0	0	0	0	0	0	0	0	45	0	0	0	0	0	0	0	0	0	0	0	0	0	145	0	0	0	0	0	0	0	0	0	0	0	4355	0
LFQ	69	0	0	0	0	0	0	0	0	0	0	0	44	0	0	0	0	0	0	0	0	0	0	0	0	0	152	0	0	0	0	0	0	0	0	0	0	0	4349	0
LFQ	70	0	0	0	0	0	0	0	0	0	0	0	31	0	0	0	0	0	0	0	0	0	0	0	0	0	157	0	0	0	0	0	0	0	0	0	0	0	4357	0
LFQ	71	0	0	1	0	0	0	0	0	0	0	0	50	0	0	0	0	0	0	0	0	0	0	0	0	0	140	0	0	0	0	0	0	0	0	0	0	0	4354	0
LFQ	72	0	0	0	0	0	0	0	0	0	0	0	42	0	0	0	0	0	0	0	0	0	0	0	0	0	145	0	0	0	0	0	0	0	0	0	0	0	4358	0
LFQ	73	0	0	0	0	0	0	0	0	0	0	0	46	0	0	0	0	0	0	0	0	0	0	0	0	0	127	0	0	0	0	0	0	0	0	0	0	0	4372	0
LFQ	74	0	0	0	0	0	0	0	0	0	0	0	39	0	0	0	0	0	0	0	0	0	0	0	0	0	150	0	0	0	0	0	0	0	0	0	0	0	4356	0
LFQ	75	0	0	0	0	0	0	0	0	0	0	0	44	0	0	0	0	0	0	0	0	0	0	0	0	0	125	0	0	0	0	0	0	0	0	0	0	0	4376	0
LFQ	76	0	0	0	0	0	0	0	0	0	0	0	38	0	0	0	0	0	0	0	0	0	0	0	0	0	160	0	0	0	0	0	0	0	0	0	0	0	4347	0
LFQ	77	0	0	1	0	0	0	0	0	0	0	0	55	0	0	0	0	0	0	0	0	0	0	0	0	0	159	0	0	0	0	0	0	0	0	0	0	0	4330	0
LFQ	78	0	0	0	0	0	0	0	0	0	0	0	46	0	0	0	0	0	0	0	0	0	0	0	0	0	112	0	0	0	0	0	0	0	0	0	0	0	4387	0
LFQ	79	0	0	0	0	0	0	0	0	0	0	0	43	0	0	0	0	0	0	0	0	0	0	0	0	0	144	0	0	0	0	0	0	0	0	0	0	0	4358	0
LFQ	80	0	0	0	0	0	0	0	0	0	0	0	56	0	0	0	0	0	0	0	0	0	0	0	0	0	181	0	0	0	0	0	0	0	0	0	0	0	4308	0
LFQ	81	0	0	0	0	0	0	0	0	0	0	0	43	0	0	0	0	0	0	0	0	0	0	0	0	0	162	0	0	0	0	0	0	0	0	0	0	0	4340	0
LFQ	82	0	0	0	0	0	0	0	0	0	0	0	51	0	0	0	0	0	0	0	0	0	0	0	0	0	149	0	0	0	0	0	0	0	0	0	0	0	4345	0
LFQ	83	0	0	0	0	0	0	0	0	0	0	0	72	0	0	0	0	0	0	0	0	0	0	0	0	0	185	0	0	0	0	0	0	0	0	0	0	0	4288	0
LFQ	84	0	0	0	0	0	0	0	0	0	0	0	60	0	0	0	0	0	0	0	0	0	0	0	0	0	147	0	0	0	0	0	0	0	0	0	0	0	4338	0
LFQ	85	0	0	0	0	0	0	0	0	0	0	0	46	0	0	0	0	0	0	0	0	0	0	0	0	0	169	0	0	0	0	0	0	0	0	0	0	0	4330	0
LFQ	86	0	0	0	0	0	0	0	0	0	0	0	44	0	0	0	0	0	0	0	0	0	0	0	0	0	160	0	0	0	0	0	0	0	0	0	0	0	4341	0
LFQ	87	0	0	1	0	0	0	0	0	0	0	0	54	0	0	0	0	0	0	0	0	0	0	0	0	0	169	0	0	0	0	0	0	0	0	0	0	0	4321	0
LFQ	88	0	0	0	0	0	0	0	0	0	0	0	46	0	0	0	0	0	0	0	0	0	0	0	0	0	161	0	0	0	0	0	0	0	0	0	0	0	4338	0
LFQ	89	0	0	0	0	0	0	0	0	0	0	0	55	0	0	0	0	0	0	0	0	0	0	0	0	0	181	0	0	0	0	0	0	0	0	0	0	0	4309	0
LFQ	90	0	0	0	0	0	0	0	0	0	0	0	43	0	0	0	0	0	0	0	0	0	0	0	0	0	151	0	0	0	0	0	0	0	0	0	0	0	4351	0
LFQ	91	0	0	0	0	0	0	0	0	0	0	0	61	0	0	0	0	0	0	0	0	0	0	0	0	0	151	0	0	0	0	0	0	0	0	0	0	0	4333	0
LFQ	92	0	0	0	0	0	0	0	0	0	0	0	68	0	0	0	0	0	0	0	0	0	0	0	0	0	152	0	0	0	0	0	0	0	0	0	0	0	4325	0
LFQ	93	0	0	0	0	0	0	0	0	0	0	0	55	0	0	0	0	0	0	0	0	0	0	0	0	0	149	0	0	0	0	0	0	0	0	0	0	0	4341	0
LFQ	94	0	0	0	0	0	0	0	0	0	0	0	46	0	0	0	0	0	0	0	0	0	0	0	0	0	163	0	0	0	0	0	0	0	0	0	0	0	4336	0
LFQ	95	0	0	0	0	0	0	0	0	0	0	0	58	0	0	0	0	0	0	0	0	0	0	0	0	0	168	0	0	0	0	0	0	0	0	0	0	0	4319	0
LFQ	96	0	0	0	0	0	0	0	0	0	0	0	63	0	0	0	0	0	0	0	0	0	0	0	0	0	165	0	0	0	0	0	0	0	0	0	0	0	4317	0
LFQ	97	0	0	1	0	0	0	0	0	0	0	0	63	0	0	0	0	0	0	0	0	0	0	0	0	0	178	0	0	0	0	0	0	0	0	0	0	0	4303	0
LFQ	98	0	0	0	0	0	0	0	0	0	0	0	64	0	0	0	0	0	0	0	0	0	0	0	0	0	175	0	0	0	0	0	0	0	0	0	0	0	4306	0
LFQ	99	0	0	0	0	0	0	0	0	0	0	0	58	0	0	0	0	0	0	0	0	0	0	0	0	0	180	0	0	0	0	0	0	0	0	0	0	0	4307	0
LFQ	100	0	0	0	0	0	0	0	0	0	0	0	66	0	0	0	0	0	0	0	0	0	0	0	0	0	192	0	0	0	0	0	0	0	0	0	0	0	4287	0
LFQ	101	0	0	0	0	0	0	0	0	0	0	0	79	0	0	0	0	0	0	0	0	0	0	0	0	0	194	0	0	0	0	0	0	0	0	0	0	0	4272	0
LFQ	102	0	0	0	0	0	0	0	0	0	0	0	63	0	0	0	0	0	0	0	0	0	0	0	0	0	193	0	0	0	0	0	0	0	0	0	0	0	4289	0
LFQ	103	0	0	0	0	0	0	0	0	0	0	0	70	0	0	0	0	0	0	0	0	0	0	0	0	0	182	0	0	0	0	0	0	0	0	0	0	0	4293	0
LFQ	104	0	0	0	0	0	0	0	0	0	0	0	62	0	0	0	0	0	0	0	0	0	0	0	0	0	177	0	0	0	0	0	0	0	0	0	0	0	4306	0
LFQ	105	0	0	0	0	0	0	0	0	0	0	0	71	0	0	0	0	0	0	0	0	0	0	0	0	0	190	0	0	0	0	0	0	0	0	0	0	0	4284	0
LFQ	106	0	0	0	0	0	0	0	0	0	0	0	76	0	0	0	0	0	0	0	0	0	0	0	0	0	197	0	0	0	0	0	0	0	0	0	0	0	4272	0
LFQ	107	0	0	0	0	0	0	0	0	0	0	0	57	0	0	0	0	0	0	0	0	0	0	0	0	0	204	0	0	0	0	0	0	0	0	0	0	0	4284	0
LFQ	108	0	0	0	0	0	0	0	0	0	0	0	74	0	0	0	0	0	0	0	0	0	0	0	0	0	201	0	0	0	0	0	0	0	0	0	0	0	4270	0
LFQ	109	0	0	0	0	0	0	0	0	0	0	0	53	0	0	0	0	0	0	0	0	0	0	0	0	0	199	0	0	0	0	0	0	0	0	0	0	0	4293	0
LFQ	110	0	0	0	0	0	0	0	0	0	0	0	75	0	0	0	0	0	0	0	0	0	0	0	0	0	180	0	0	0	0	0	0	0	0	0	0	0	4290	0
LFQ	111	0	0	0	0	0	0	0	0	0	0	0	73	0	0	0	0	0	0	0	0	0	0	0	0	0	213	0	0	0	0	0	0	0	0	0	0	0	4259	0
LFQ	112	0	0	0	0	0	0	0	0	0	0	0	74	0	0	0	0	0	0	0	0	0	0	0	0	0	228	0	0	0	0	0	0	0	0	0	0	0	4243	0
LFQ	113	0	0	0	0	0	0	0	0	0	0	0	70	0	0	0	0	0	0	0	0	0	0	0	0	0	197	0	0	0	0	0	0	0	0	0	0	0	4278	0
LFQ	114	0	0	0	0	0	0	0	0	0	0	0	73	0	0	0	0	0	0	0	0	0	0	0	0	0	235	0	0	0	0	0	0	0	0	0	0	0	4237	0
LFQ	115	0	0	0	0	0	0	0	0	0	0	0	61	0	0	0	0	0	0	0	0	0	0	0	0	0	205	0	0	0	0	0	0	0	0	0	0	0	4279	0
LFQ	116	0	0	0	0	0	0	0	0	0	0	0	74	0	0	0	0	0	0	0	0	0	0	0	0	0	212	0	0	0	0	0	0	0	0	0	0	0	4259	0
LFQ	117	0	0	0	0	0	0	0	0	0	0	0	68	0	0	0	0	0	0	0	0	0	0	0	0	0	187	0	0	0	0	0	0	0	0	0	0	0	4290	0
LFQ	118	0	0	1	0	0	0	0	0	0	0	0	67	0	0	0	0	0	0	0	0	0	0	0	0	0	207	0	0	0	0	0	0	0	0	0	0	0	4270	0
LFQ	119	0	0	0	0	0	0	0	0	0	0	0	71	0	0	0	0	0	0	0	0	0	0	0	0	0	244	0	0	0	0	0	0	0	0	0	0	0	4230	0
LFQ	120	0	0	0	0	0	0	0	0	0	0	0	80	0	0	0	0	0	0	0	0	0	0	0	0	0	212	0	0	0	0	0	0	0	0	0	0	0	4253	0
LFQ	121	0	0	1	0	0	0	0	0	0	0	0	85	0	0	0	0	0	0	0	0	0	0	0	0	0	214	0	0	0	0	0	0	0	0	0	0	0	4245	0
LFQ	122	0	0	0	0	0	0	0	0	0	0	0	81	0	0	0	0	0	0	0	0	0	0	0	0	0	227	0	0	0	0	0	0	0	0	0	0	0	4237	0
LFQ	123	0	0	0	0	0	0	0	0	0	0	0	77	0	0	0	0	0	0	0	0	0	0	0	0	0	193	0	0	0	0	0	0	0	0	0	0	0	4275	0
LFQ	124	0	0	0	0	0	0	0	0	0	0	0	79	0	0	0	0	0	0	0	0	0	0	0	0	0	230	0	0	0	0	0	0	0	0	0	0	0	4236	0
LFQ	125	0	0	0	0	0	0	0	0	0	0	0	86	0	0	0	0	0	0	0	0	0	0	0	0	0	263	0	0	0	0	0	0	0	0	0	0	0	4196	0
LFQ	126	0	0	0	0	0	0	0	0	0	0	0	92	0	0	0	0	0	0	0	0	0	0	0	0	0	215	0	0	0	0	0	0	0	0	0	0	0	4238	0
LFQ	127	0	0	0	0	0	0	0	0	0	0	0	85	0	0	0	0	0	0	0	0	0	0	0	0	0	246	0	0	0	0	0	0	0	0	0	0	0	4214	0
LFQ	128	0	0	0	0	0	0	0	0	0	0	0	86	0	0	0	0	0	0	0	0	0	0	0	0	0	236	0	0	0	0	0	0	0	0	0	0	0	4223	0
LFQ	129	0	0	0	0	0	0	0	0	0	0	0	89	0	0	0	0	0	0	0	0	0	0	0	0	0	247	0	0	0	0	0	0	0	0	0	0	0	4209	0
LFQ	130	0	0	0	0	0	0	0	0	0	0	0	94	0	0	0	0	0	0	0	0	0	0	0	0	0	266	0	0	0	0	0	0	0	0	0	0	0	4185	0
LFQ	131	0	0	0	0	0	0	0	0	0	0	0	98	0	0	0	0	0	0	0	0	0	0	0	0	0	238	0	0	0	0	0	0	0	0	0	0	0	4209	0
LFQ	132	0	0	0	0	0	0	0	0	0	0	0	107	0	0	0	0	0	0	0	0	0	0	0	0	0	260	0	0	0	0	0	0	0	0	0	0	0	4178	0
LFQ	133	0	0	0	0	0	0	0	0	0	0	0	93	0	0	0	0	0	0	0	0	0	0	0	0	0	245	0	0	0	0	0	0	0	0	0	0	0	4207	0
LFQ	134	0	0	0	0	0	0	0	0	0	0	0	82	0	0	0	0	0	0	0	0	0	0	0	0	0	234	0	0	0	0	0	0	0	0	0	0	0	4229	0
LFQ	135	0	0	0	0	0	0	0	0	0	0	0	79	0	0	0	0	0	0	0	0	0	0	0	0	0	230	0	0	0	0	0	0	0	0	0	0	0	4236	0
LFQ	136	0	0	0	0	0	0	0	0	0	0	0	87	0	0	0	0	0	0	0	0	0	0	0	0	0	224	0	0	0	0	0	0	0	0	0	0	0	4234	0
LFQ	137	0	0	0	0	0	0	0	0	0	0	0	95	0	0	0	0	0	0	0	0	0	0	0	0	0	217	0	0	0	0	0	0	0	0	0	0	0	4233	0
LFQ	138	0	0	0	0	0	0	0	0	0	0	0	99	0	0	0	0	0	0	0	0	0	0	0	0	0	236	0	0	0	0	0	0	0	0	0	0	0	4206	0
LFQ	139	0	0	0	0	0	0	0	0	0	0	0	103	0	0	0	0	0	0	0	0	0	0	0	0	0	224	0	0	0	0	0	0	0	0	0	0	0	4212	0
LFQ	140	0	0	0	0	0	0	0	0	0	0	0	107	0	0	0	0	0	0	0	0	0	0	0	0	0	268	0	0	0	0	0	0	0	0	0	0	0	4163	0
LFQ	141	0	0	0	0	0	0	0	0	0	0	0	102	0	0	0	0	0	0	0	0	0	0	0	0	0	277	0	0	0	0	0	0	0	0	0	0	0	4152	0
LFQ	142	0	0	0	0	0	0	0	0	0	0	0	125	0	0	0	0	0	0	0	0	0	0	0	0	0	257	0	0	0	0	0	0	0	0	0	0	0	4148	0
LFQ	143	0	0	0	0	0	0	0	0	0	0	0	118	0	0	0	0	0	0	0	0	0	0	0	0	0	304	0	0	0	0	0	0	0	0	0	0	0	4108	0
LFQ	144	0	0	0	0	0	0	0	0	0	0	0	128	0	0	0	0	0	0	0	0	0	0	0	0	0	271	0	0	0	0	0	0	0	0	0	0	0	4127	0
LFQ	145	0	0	1	0	0	0	0	0	0	0	0	116	0	0	0	0	0	0	0	0	0	0	0	0	0	256	0	0	0	0	0	0	0	0	0	0	0	4152	0
LFQ	146	0	0	0	0	0	0	0	0	0	0	0	102	0	0	0	0	0	0	0	0	0	0	0	0	0	259	0	0	0	0	0	0	0	0	0	0	0	4161	0
LFQ	147	0	0	0	0	0	0	0	0	0	0	0	118	0	0	0	0	0	0	0	0	0	0	0	0	0	242	0	0	0	0	0	0	0	0	0	0	0	4157	0
LFQ	148	0	0	0	0	0	0	0	0	0	0	0	122	0	0	0	0	0	0	0	0	0	0	0	0	0	278	0	0	0	0	0	0	0	0	0	0	0	4028	0
LFQ	149	0	0	0	0	0	0	0	0	0	0	0	98	0	0	0	0	0	0	0	0	0	0	0	0	0	266	0	0	0	0	0	0	0	0	0	0	0	4064	0
LFQ	150	0	0	0	0	0	0	0	0	0	0	0	101	0	0	0	0	0	0	0	0	0	0	0	0	0	279	0	0	0	0	0	0	0	0	0	0	0	4044	0
# GC Content of first fragments. Use `grep ^GCF | cut -f 2-` to extract this part.
GCF	15.33	0
GCF	30.90	6
GCF	31.41	13
GCF	32.16	15
GCF	32.91	11
GCF	33.42	104
GCF	33.92	35
GCF	34.67	115
GCF	35.43	99
GCF	35.93	122
GCF	36.43	67
GCF	36.93	70
GCF	37.44	153
GCF	37.94	281
GCF	38.44	308
GCF	38.94	293
GCF	39.45	417
GCF	39.95	357
GCF	40.45	537
GCF	40.95	545
GCF	41.46	514
GCF	41.96	176
GCF	42.46	397
GCF	42.96	384
GCF	43.47	468
GCF	43.97	353
GCF	44.47	121
GCF	44.97	120
GCF	45.48	62
GCF	45.98	3
GCF	49.75	0
GCF	53.52	2
# GC Content of last fragments. Use `grep ^GCL | cut -f 2-` to extract this part.
GCL	8.29	0
GCL	16.83	1
GCL	18.09	0
GCL	19.35	1
GCL	23.62	0
GCL	28.64	1
GCL	30.15	4
GCL	30.90	23
GCL	31.41	12
GCL	32.16	9
GCL	32.91	26
GCL	33.42	176
GCL	33.92	74
GCL	34.42	213
GCL	34.92	215
GCL	35.43	132
GCL	35.93	202
GCL	36.43	266
GCL	36.93	268
GCL	37.44	380
GCL	37.94	222
GCL	38.44	333
GCL	38.94	330
GCL	39.45	483
GCL	39.95	516
GCL	40.45	463
GCL	40.95	484
GCL	41.46	331
GCL	41.96	280
GCL	42.46	161
GCL	42.96	184
GCL	43.47	121
GCL	43.97	41
GCL	44.47	16
GCL	44.97	13
GCL	45.48	1
GCL	45.98	2
GCL	47.99	0
GCL	50.00	1
# ACGT content per cycle. Use `grep ^GCC | cut -f 2-` to extract this part. The columns are: cycle; A,C,G,T base counts as a percentage of all A/C/G/T bases [%]; and N and O counts as a percentage of all A/C/G/T bases [%]
GCC	1	24.06	28.10	31.83	16.01	0.00	0.00
GCC	2	30.21	17.90	28.17	23.72	0.02	0.00
GCC	3	28.99	19.69	27.94	23.38	0.00	0.00
GCC	4	30.04	20.08	27.82	22.06	0.00	0.00
GCC	5	28.69	19.37	24.27	27.68	0.00	0.00
GCC	6	34.45	17.73	19.87	27.96	0.00	0.00
GCC	7	30.97	15.69	18.06	35.28	0.00	0.00
GCC	8	32.49	15.34	21.25	30.92	0.01	0.00
GCC	9	31.68	15.72	22.13	30.47	0.01	0.00
GCC	10	36.41	13.96	21.52	28.10	0.00	0.00
GCC	11	29.10	19.42	26.25	25.23	0.00	0.00
GCC	12	28.92	19.58	22.18	29.31	0.00	0.00
GCC	13	30.31	19.51	19.97	30.21	0.00	0.00
GCC	14	30.44	18.73	20.15	30.69	0.00	0.00
GCC	15	33.12	15.54	23.01	28.33	0.00	0.00
GCC	16	32.90	15.21	23.91	27.98	0.00	0.00
GCC	17	29.30	13.49	27.03	30.18	0.00	0.00
GCC	18	28.30	18.90	23.44	29.36	0.00	0.00
GCC	19	33.01	17.00	22.71	27.28	0.00	0.00
GCC	20	30.64	17.82	24.49	27.04	0.00	0.00
GCC	21	28.50	17.20	24.03	30.27	0.00	0.00
GCC	22	30.60	16.79	22.19	30.43	0.00	0.00
GCC	23	32.13	15.60	18.53	33.74	0.00	0.00
GCC	24	31.34	16.36	20.95	31.34	0.00	0.00
GCC	25	32.36	15.20	20.14	32.31	0.00	0.00
GCC	26	29.66	19.09	23.35	27.91	0.00	0.00
GCC	27	30.12	20.21	22.81	26.86	0.00	0.00
GCC	28	29.54	16.98	23.83	29.65	0.00	0.00
GCC	29	29.78	14.95	21.93	33.34	0.00	0.00
GCC	30	33.06	12.82	23.05	31.06	0.00	0.00
GCC	31	28.99	15.32	21.08	34.62	0.00	0.00
GCC	32	27.68	19.81	21.51	31.00	0.00	0.00
GCC	33	29.89	19.92	18.33	31.86	0.00	0.00
GCC	34	33.18	19.58	17.28	29.95	0.00	0.00
GCC	35	31.58	18.39	22.08	27.95	0.00	0.00
GCC	36	29.02	20.87	22.04	28.07	0.00	0.00
GCC	37	33.42	22.04	21.48	23.06	0.01	0.00
GCC	38	33.00	17.55	22.80	26.65	0.00	0.00
GCC	39	32.35	15.09	25.68	26.88	0.00	0.00
GCC	40	32.98	18.32	19.61	29.10	0.00	0.00
GCC	41	29.14	19.64	22.24	28.98	0.01	0.00
GCC	42	29.95	19.27	20.28	30.50	0.00	0.00
GCC	43	29.71	16.96	22.04	31.29	0.00	0.00
GCC	44	35.04	14.73	24.65	25.57	0.00	0.00
GCC	45	32.67	14.12	23.92	29.29	0.00	0.00
GCC	46	30.40	18.30	24.37	26.92	0.00	0.00
GCC	47	33.32	16.14	20.40	30.14	0.00	0.00
GCC	48	33.58	13.24	24.17	29.01	0.00	0.00
GCC	49	30.75	18.12	19.77	31.37	0.00	0.00
GCC	50	31.63	18.72	19.90	29.76	0.00	0.00
GCC	51	29.49	14.12	26.72	29.68	0.00	0.00
GCC	52	29.84	14.17	24.60	31.39	0.00	0.00
GCC	53	26.60	16.99	26.77	29.64	0.00	0.00
GCC	54	30.22	17.34	25.39	27.05	0.00	0.00
GCC	55	31.09	16.76	16.93	35.22	0.00	0.00
GCC	56	29.28	15.13	23.00	32.59	0.00	0.00
GCC	57	28.66	17.93	21.34	32.07	0.00	0.00
GCC	58	28.76	15.20	20.82	35.22	0.00	0.00
GCC	59	30.26	16.46	23.17	30.10	0.00	0.00
GCC	60	28.00	18.29	25.15	28.56	0.00	0.00
GCC	61	32.03	18.85	19.89	29.24	0.00	0.00
GCC	62	34.14	18.28	20.41	27.17	0.00	0.00
GCC	63	32.72	18.35	20.40	28.53	0.00	0.00
GCC	64	28.55	19.36	18.81	33.29	0.00	0.00
GCC	65	30.70	16.52	24.45	28.34	0.00	0.00
GCC	66	30.66	14.81	24.49	30.04	0.00	0.00
GCC	67	33.54	14.30	18.34	33.82	0.00	0.00
GCC	68	28.88	16.84	22.42	31.86	0.00	0.00
GCC	69	28.39	19.69	20.20	31.71	0.00	0.00
GCC	70	27.05	21.01	22.32	29.62	0.00	0.00
GCC	71	31.28	20.07	24.54	24.11	0.01	0.00
GCC	72	32.96	18.40	25.66	22.99	0.00	0.00
GCC	73	34.39	16.75	22.49	26.36	0.00	0.00
GCC	74	37.51	18.28	19.95	24.27	0.00	0.00
GCC	75	31.03	12.14	23.78	33.05	0.00	0.00
GCC	76	28.25	12.20	24.02	35.53	0.00	0.00
GCC	77	32.08	13.40	19.92	34.59	0.01	0.00
GCC	78	29.82	16.07	21.43	32.67	0.00	0.00
GCC	79	29.89	18.93	20.45	30.74	0.00	0.00
GCC	80	28.48	17.30	25.97	28.24	0.00	0.00
GCC	81	31.69	16.50	23.65	28.16	0.00	0.00
GCC	82	29.29	15.54	23.39	31.78	0.00	0.00
GCC	83	32.66	16.07	24.63	26.63	0.00	0.00
GCC	84	34.36	17.29	22.20	26.15	0.00	0.00
GCC	85	34.03	18.39	23.17	24.42	0.00	0.00
GCC	86	30.78	20.27	24.12	24.83	0.00	0.00
GCC	87	30.38	17.55	26.12	25.95	0.01	0.00
GCC	88	31.49	16.03	24.75	27.73	0.00	0.00
GCC	89	29.70	16.07	25.68	28.55	0.00	0.00
GCC	90	31.47	14.99	22.91	30.62	0.00	0.00
GCC	91	34.03	16.28	20.04	29.66	0.00	0.00
GCC	92	31.73	18.07	21.51	28.69	0.00	0.00
GCC	93	31.28	19.63	20.33	28.76	0.00	0.00
GCC	94	33.68	16.74	20.02	29.56	0.00	0.00
GCC	95	30.39	15.22	25.55	28.84	0.00	0.00
GCC	96	33.50	15.46	24.17	26.88	0.00	0.00
GCC	97	32.10	16.94	20.53	30.43	0.01	0.00
GCC	98	28.45	16.75	25.79	29.01	0.00	0.00
GCC	99	29.11	14.01	24.29	32.60	0.00	0.00
GCC	100	34.86	15.90	21.35	27.90	0.00	0.00
GCC	101	32.57	16.05	20.61	30.77	0.00	0.00
GCC	102	31.85	12.31	24.04	31.80	0.00	0.00
GCC	103	29.27	14.15	23.00	33.58	0.00	0.00
GCC	104	30.00	15.35	21.97	32.67	0.00	0.00
GCC	105	29.07	20.42	22.82	27.69	0.00	0.00
GCC	106	32.62	17.64	22.47	27.27	0.00	0.00
GCC	107	33.21	16.92	25.00	24.87	0.00	0.00
GCC	108	34.26	18.82	20.87	26.05	0.00	0.00
GCC	109	31.95	15.12	24.55	28.38	0.00	0.00
GCC	110	31.51	16.30	23.55	28.64	0.00	0.00
GCC	111	32.45	14.85	24.87	27.83	0.00	0.00
GCC	112	33.13	12.87	23.58	30.42	0.00	0.00
GCC	113	32.89	14.71	23.10	29.30	0.00	0.00
GCC	114	31.59	17.00	22.23	29.17	0.00	0.00
GCC	115	26.61	18.33	20.87	34.19	0.00	0.00
GCC	116	31.24	17.30	18.16	33.30	0.00	0.00
GCC	117	29.28	17.75	22.11	30.86	0.00	0.00
GCC	118	30.93	15.65	24.76	28.66	0.01	0.00
GCC	119	32.37	15.73	24.32	27.58	0.00	0.00
GCC	120	33.01	17.67	20.02	29.30	0.00	0.00
GCC	121	33.77	18.31	19.06	28.86	0.01	0.00
GCC	122	33.56	17.25	19.92	29.27	0.00	0.00
GCC	123	29.78	20.14	20.32	29.77	0.00	0.00
GCC	124	30.14	19.64	19.71	30.50	0.00	0.00
GCC	125	34.28	15.58	20.20	29.94	0.00	0.00
GCC	126	33.39	16.58	23.87	26.17	0.00	0.00
GCC	127	32.73	14.21	20.18	32.88	0.00	0.00
GCC	128	33.75	14.31	21.23	30.71	0.01	0.00
GCC	129	30.66	18.64	20.69	30.00	0.00	0.00
GCC	130	32.20	17.61	23.76	26.44	0.00	0.00
GCC	131	35.79	16.82	21.81	25.58	0.00	0.00
GCC	132	30.53	19.25	23.51	26.71	0.00	0.00
GCC	133	32.01	16.98	23.03	27.97	0.00	0.00
GCC	134	29.57	19.41	20.57	30.45	0.00	0.00
GCC	135	32.47	17.67	22.87	26.99	0.00	0.00
GCC	136	31.10	16.68	19.66	32.57	0.00	0.00
GCC	137	30.23	18.29	20.36	31.12	0.00	0.00
GCC	138	34.68	17.20	20.07	28.05	0.00	0.00
GCC	139	29.18	16.28	20.57	33.97	0.00	0.00
GCC	140	29.88	15.67	19.35	35.10	0.00	0.00
GCC	141	29.90	15.23	22.67	32.20	0.00	0.00
GCC	142	28.98	18.88	21.47	30.67	0.00	0.00
GCC	143	31.88	18.93	20.16	29.02	0.00	0.00
GCC	144	26.81	19.98	22.58	30.63	0.00	0.00
GCC	145	30.25	17.13	19.99	32.64	0.01	0.00
GCC	146	29.32	17.26	21.68	31.73	0.00	0.00
GCC	147	26.94	16.57	24.57	31.92	0.00	0.00
GCC	148	27.92	16.66	23.67	31.75	0.00	0.00
GCC	149	24.66	19.99	25.11	30.24	0.00	0.00
GCC	150	25.35	19.35	24.20	31.10	0.00	0.00
# ACGT content per cycle for first fragments. Use `grep ^FBC | cut -f 2-` to extract this part. The columns are: cycle; A,C,G,T base counts as a percentage of all A/C/G/T bases [%]; and N and O counts as a percentage of all A/C/G/T bases [%]
FBC	1	15.53	32.63	39.28	12.56	0.00	0.00
FBC	2	26.25	26.27	32.28	15.20	0.04	0.00
FBC	3	24.18	23.88	35.56	16.38	0.00	0.00
FBC	4	24.90	25.64	31.78	17.68	0.00	0.00
FBC	5	25.60	25.13	24.64	24.62	0.00	0.00
FBC	6	28.83	22.80	20.44	27.94	0.00	0.00
FBC	7	39.32	16.32	17.14	27.21	0.00	0.00
FBC	8	36.21	15.68	22.06	26.05	0.02	0.00
FBC	9	41.11	16.44	18.08	24.37	0.00	0.00
FBC	10	35.95	14.19	20.37	29.49	0.00	0.00
FBC	11	28.45	20.71	22.22	28.62	0.00	0.00
FBC	12	30.13	19.97	20.71	29.19	0.00	0.00
FBC	13	31.85	19.42	17.02	31.72	0.00	0.00
FBC	14	29.25	19.82	20.74	30.19	0.00	0.00
FBC	15	34.50	14.00	23.60	27.89	0.00	0.00
FBC	16	33.04	13.62	26.90	26.45	0.00	0.00
FBC	17	29.98	13.79	28.26	27.98	0.00	0.00
FBC	18	25.71	21.73	24.24	28.32	0.00	0.00
FBC	19	34.14	17.27	24.20	24.39	0.00	0.00
FBC	20	33.16	19.52	24.03	23.28	0.00	0.00
FBC	21	26.45	17.46	24.11	31.97	0.00	0.00
FBC	22	31.23	16.44	20.69	31.63	0.00	0.00
FBC	23	33.84	15.59	18.02	32.55	0.00	0.00
FBC	24	30.51	16.00	20.14	33.35	0.00	0.00
FBC	25	32.53	13.68	21.37	32.42	0.00	0.00
FBC	26	28.96	20.37	22.16	28.51	0.00	0.00
FBC	27	29.59	23.16	21.82	25.43	0.00	0.00
FBC	28	28.38	17.97	24.50	29.15	0.00	0.00
FBC	29	29.00	15.51	22.58	32.91	0.00	0.00
FBC	30	34.40	11.71	24.09	29.81	0.00	0.00
FBC	31	29.55	15.57	19.74	35.14	0.00	0.00
FBC	32	25.71	24.11	18.14	32.04	0.00	0.00
FBC	33	30.40	23.52	13.92	32.16	0.00	0.00
FBC	34	35.80	23.77	12.85	27.58	0.00	0.00
FBC	35	33.16	21.52	20.48	24.84	0.00	0.00
FBC	36	27.55	22.92	24.45	25.07	0.00	0.00
FBC	37	34.82	24.58	22.31	18.29	0.00	0.00
FBC	38	35.42	16.93	23.94	23.71	0.00	0.00
FBC	39	34.86	13.92	28.23	22.99	0.00	0.00
FBC	40	34.14	22.26	16.70	26.90	0.00	0.00
FBC	41	29.51	23.90	19.59	27.00	0.00	0.00
FBC	42	29.25	20.48	16.78	33.48	0.00	0.00
FBC	43	29.81	17.99	20.57	31.63	0.00	0.00
FBC	44	39.22	14.57	23.22	22.99	0.00	0.00
FBC	45	32.21	12.85	22.03	32.91	0.00	0.00
FBC	46	31.38	18.93	23.22	26.47	0.00	0.00
FBC	47	36.52	15.83	19.93	27.72	0.00	0.00
FBC	48	34.31	13.17	23.43	29.08	0.00	0.00
FBC	49	32.76	19.21	17.95	30.08	0.00	0.00
FBC	50	32.63	19.76	17.48	30.13	0.00	0.00
FBC	51	29.53	13.89	28.21	28.36	0.00	0.00
FBC	52	24.69	13.94	30.00	31.38	0.00	0.00
FBC	53	25.43	17.61	29.06	27.89	0.00	0.00
FBC	54	28.83	17.85	28.89	24.43	0.00	0.00
FBC	55	31.61	16.97	16.95	34.46	0.00	0.00
FBC	56	31.06	16.02	20.63	32.29	0.00	0.00
FBC	57	26.26	19.33	20.59	33.82	0.00	0.00
FBC	58	26.22	14.91	17.97	40.90	0.00	0.00
FBC	59	31.42	14.87	23.60	30.10	0.00	0.00
FBC	60	27.38	19.48	23.65	29.49	0.00	0.00
FBC	61	30.98	21.18	18.36	29.49	0.00	0.00
FBC	62	37.43	17.97	17.34	27.26	0.00	0.00
FBC	63	34.86	20.06	16.19	28.89	0.00	0.00
FBC	64	26.53	23.50	16.61	33.35	0.00	0.00
FBC	65	30.53	18.46	26.11	24.90	0.00	0.00
FBC	66	29.72	14.09	25.86	30.34	0.00	0.00
FBC	67	36.01	12.58	15.32	36.10	0.00	0.00
FBC	68	29.40	17.29	19.35	33.95	0.00	0.00
FBC	69	26.20	20.29	19.25	34.27	0.00	0.00
FBC	70	25.30	24.09	21.44	29.17	0.00	0.00
FBC	71	32.14	23.86	25.90	18.10	0.00	0.00
FBC	72	36.75	18.31	23.88	21.05	0.00	0.00
FBC	73	38.03	15.30	23.77	22.90	0.00	0.00
FBC	74	42.15	17.82	20.06	19.97	0.00	0.00
FBC	75	27.30	10.62	25.24	36.84	0.00	0.00
FBC	76	25.41	10.47	26.73	37.39	0.00	0.00
FBC	77	28.62	13.47	18.27	39.64	0.00	0.00
FBC	78	30.04	15.74	17.27	36.94	0.00	0.00
FBC	79	28.77	20.25	20.14	30.85	0.00	0.00
FBC	80	25.43	17.99	28.15	28.43	0.00	0.00
FBC	81	34.57	14.57	24.60	26.26	0.00	0.00
FBC	82	29.93	13.96	24.07	32.04	0.00	0.00
FBC	83	33.59	16.02	24.07	26.32	0.00	0.00
FBC	84	38.33	16.40	21.22	24.05	0.00	0.00
FBC	85	32.44	21.41	25.35	20.80	0.00	0.00
FBC	86	31.02	23.39	25.62	19.97	0.00	0.00
FBC	87	26.70	19.40	30.38	23.52	0.00	0.00
FBC	88	31.99	15.91	27.68	24.41	0.00	0.00
FBC	89	28.28	17.25	29.42	25.05	0.00	0.00
FBC	90	31.97	13.92	21.73	32.38	0.00	0.00
FBC	91	37.69	15.34	20.54	26.43	0.00	0.00
FBC	92	29.72	21.56	21.27	27.45	0.00	0.00
FBC	93	34.37	23.09	19.16	23.37	0.00	0.00
FBC	94	36.14	17.72	19.89	26.26	0.00	0.00
FBC	95	26.73	15.08	30.55	27.64	0.00	0.00
FBC	96	34.10	14.87	24.43	26.60	0.00	0.00
FBC	97	31.65	15.87	21.56	30.91	0.00	0.00
FBC	98	24.16	15.79	30.42	29.64	0.00	0.00
FBC	99	29.00	12.05	25.75	33.21	0.00	0.00
FBC	100	40.22	13.41	21.82	24.56	0.00	0.00
FBC	101	37.18	15.25	20.08	27.49	0.00	0.00
FBC	102	31.40	10.60	26.13	31.87	0.00	0.00
FBC	103	29.17	13.45	22.31	35.08	0.00	0.00
FBC	104	26.60	17.31	19.65	36.44	0.00	0.00
FBC	105	26.28	21.69	24.09	27.94	0.00	0.00
FBC	106	32.10	19.76	24.64	23.50	0.00	0.00
FBC	107	33.12	18.53	25.75	22.60	0.00	0.00
FBC	108	37.50	20.35	18.29	23.86	0.00	0.00
FBC	109	33.89	16.63	22.58	26.90	0.00	0.00
FBC	110	31.32	16.95	25.26	26.47	0.00	0.00
FBC	111	31.87	13.02	26.96	28.15	0.00	0.00
FBC	112	32.48	13.47	24.33	29.72	0.00	0.00
FBC	113	33.50	13.68	24.22	28.60	0.00	0.00
FBC	114	31.57	18.40	24.13	25.90	0.00	0.00
FBC	115	25.54	21.90	20.50	32.06	0.00	0.00
FBC	116	28.89	21.73	16.53	32.84	0.00	0.00
FBC	117	28.15	18.78	23.65	29.42	0.00	0.00
FBC	118	30.87	15.42	26.51	27.19	0.00	0.00
FBC	119	36.56	14.00	22.35	27.09	0.00	0.00
FBC	120	34.93	15.21	20.14	29.72	0.00	0.00
FBC	121	36.29	16.85	17.36	29.51	0.00	0.00
FBC	122	36.46	19.25	17.72	26.58	0.00	0.00
FBC	123	31.23	20.82	19.29	28.66	0.00	0.00
FBC	124	29.66	17.97	18.46	33.91	0.00	0.00
FBC	125	35.54	15.02	18.19	31.25	0.00	0.00
FBC	126	36.12	15.74	23.01	25.13	0.00	0.00
FBC	127	37.77	12.05	18.89	31.29	0.00	0.00
FBC	128	37.97	12.81	20.21	29.01	0.02	0.00
FBC	129	31.68	17.99	21.67	28.66	0.00	0.00
FBC	130	33.69	18.65	23.62	24.03	0.00	0.00
FBC	131	39.15	18.02	20.37	22.46	0.00	0.00
FBC	132	31.51	17.63	24.96	25.90	0.00	0.00
FBC	133	30.91	17.42	23.99	27.68	0.00	0.00
FBC	134	30.40	22.31	16.85	30.44	0.00	0.00
FBC	135	29.53	21.78	22.12	26.58	0.00	0.00
FBC	136	31.12	17.34	16.08	35.46	0.00	0.00
FBC	137	31.25	20.88	18.63	29.23	0.00	0.00
FBC	138	34.40	19.93	20.44	25.24	0.00	0.00
FBC	139	26.26	17.44	21.78	34.52	0.00	0.00
FBC	140	28.87	17.48	16.23	37.41	0.00	0.00
FBC	141	29.51	15.11	21.16	34.23	0.00	0.00
FBC	142	28.26	19.48	21.95	30.32	0.00	0.00
FBC	143	33.50	19.93	18.33	28.23	0.00	0.00
FBC	144	24.84	21.99	20.99	32.19	0.00	0.00
FBC	145	31.46	18.16	17.53	32.84	0.00	0.00
FBC	146	31.85	14.41	23.06	30.68	0.00	0.00
FBC	147	24.25	16.26	27.30	32.20	0.00	0.00
FBC	148	23.83	19.21	27.99	28.98	0.00	0.00
FBC	149	20.67	21.57	28.80	28.95	0.00	0.00
FBC	150	21.34	21.36	26.75	30.56	0.00	0.00
# ACGT content per cycle for last fragments. Use `grep ^LBC | cut -f 2-` to extract this part. The columns are: cycle; A,C,G,T base counts as a percentage of all A/C/G/T bases [%]; and N and O counts as a percentage of all A/C/G/T bases [%]
LBC	1	32.89	23.41	24.11	19.58	0.00	0.00
LBC	2	34.30	9.24	23.92	32.54	0.00	0.00
LBC	3	33.97	15.36	20.04	30.63	0.00	0.00
LBC	4	35.36	14.32	23.72	26.60	0.00	0.00
LBC	5	31.88	13.40	23.87	30.85	0.00	0.00
LBC	6	40.26	12.48	19.27	27.99	0.00	0.00
LBC	7	22.31	15.05	19.01	43.63	0.00	0.00
LBC	8	28.65	14.98	20.42	35.95	0.00	0.00
LBC	9	21.92	14.96	26.32	36.80	0.02	0.00
LBC	10	36.90	13.73	22.71	26.67	0.00	0.00
LBC	11	29.77	18.09	30.43	21.72	0.00	0.00
LBC	12	27.68	19.19	23.70	29.44	0.00	0.00
LBC	13	28.71	19.60	23.04	28.65	0.00	0.00
LBC	14	31.66	17.60	19.54	31.20	0.00	0.00
LBC	15	31.68	17.14	22.40	28.78	0.00	0.00
LBC	16	32.76	16.85	20.81	29.57	0.00	0.00
LBC	17	28.60	13.18	25.76	32.45	0.00	0.00
LBC	18	30.98	15.97	22.62	30.43	0.00	0.00
LBC	19	31.84	16.72	21.17	30.28	0.00	0.00
LBC	20	28.03	16.06	24.97	30.94	0.00	0.00
LBC	21	30.63	16.92	23.94	28.51	0.00	0.00
LBC	22	29.94	17.14	23.74	29.17	0.00	0.00
LBC	23	30.36	15.60	19.05	34.98	0.00	0.00
LBC	24	32.21	16.74	21.78	29.26	0.00	0.00
LBC	25	32.19	16.77	18.86	32.19	0.00	0.00
LBC	26	30.39	17.76	24.58	27.28	0.00	0.00
LBC	27	30.67	17.16	23.83	28.34	0.00	0.00
LBC	28	30.74	15.95	23.15	30.17	0.00	0.00
LBC	29	30.58	14.37	21.25	33.80	0.00	0.00
LBC	30	31.68	13.97	21.98	32.37	0.00	0.00
LBC	31	28.40	15.05	22.46	34.08	0.00	0.00
LBC	32	29.72	15.36	24.99	29.92	0.00	0.00
LBC	33	29.35	16.19	22.90	31.55	0.00	0.00
LBC	34	30.47	15.25	21.87	32.41	0.00	0.00
LBC	35	29.94	15.14	23.74	31.18	0.00	0.00
LBC	36	30.54	18.75	19.54	31.18	0.00	0.00
LBC	37	31.98	19.41	20.62	27.99	0.02	0.00
LBC	38	30.50	18.20	21.61	29.70	0.00	0.00
LBC	39	29.75	16.30	23.04	30.91	0.00	0.00
LBC	40	31.77	14.24	22.62	31.38	0.00	0.00
LBC	41	28.76	15.23	24.98	31.03	0.02	0.00
LBC	42	30.67	18.02	23.89	27.41	0.00	0.00
LBC	43	29.61	15.89	23.56	30.94	0.00	0.00
LBC	44	30.72	14.90	26.14	28.25	0.00	0.00
LBC	45	33.16	15.42	25.87	25.54	0.00	0.00
LBC	46	29.39	17.65	25.57	27.39	0.00	0.00
LBC	47	30.01	16.46	20.88	32.65	0.00	0.00
LBC	48	32.83	13.31	24.93	28.93	0.00	0.00
LBC	49	28.67	16.99	21.65	32.70	0.00	0.00
LBC	50	30.58	17.65	22.40	29.37	0.00	0.00
LBC	51	29.44	14.35	25.17	31.05	0.00	0.00
LBC	52	35.18	14.41	19.01	31.40	0.00	0.00
LBC	53	27.81	16.35	24.40	31.44	0.00	0.00
LBC	54	31.66	16.81	21.76	29.77	0.00	0.00
LBC	55	30.54	16.55	16.90	36.02	0.00	0.00
LBC	56	27.44	14.21	25.46	32.89	0.00	0.00
LBC	57	31.16	16.48	22.11	30.25	0.00	0.00
LBC	58	31.40	15.49	23.76	29.35	0.00	0.00
LBC	59	29.06	18.11	22.73	30.10	0.00	0.00
LBC	60	28.65	17.05	26.71	27.59	0.00	0.00
LBC	61	33.11	16.44	21.47	28.98	0.00	0.00
LBC	62	30.74	18.59	23.59	27.08	0.00	0.00
LBC	63	30.50	16.59	24.75	28.16	0.00	0.00
LBC	64	30.63	15.07	21.08	33.22	0.00	0.00
LBC	65	30.87	14.50	22.73	31.90	0.00	0.00
LBC	66	31.64	15.56	23.08	29.72	0.00	0.00
LBC	67	30.98	16.08	21.47	31.46	0.00	0.00
LBC	68	28.34	16.37	25.59	29.70	0.00	0.00
LBC	69	30.67	19.08	21.19	29.06	0.00	0.00
LBC	70	28.87	17.82	23.23	30.08	0.00	0.00
LBC	71	30.39	16.15	23.13	30.33	0.02	0.00
LBC	72	29.02	18.48	27.50	24.99	0.00	0.00
LBC	73	30.63	18.26	21.17	29.94	0.00	0.00
LBC	74	32.70	18.75	19.85	28.71	0.00	0.00
LBC	75	34.90	13.71	22.27	29.13	0.00	0.00
LBC	76	31.20	13.99	21.21	33.60	0.00	0.00
LBC	77	35.67	13.34	21.63	29.36	0.02	0.00
LBC	78	29.59	16.41	25.74	28.25	0.00	0.00
LBC	79	31.05	17.56	20.77	30.63	0.00	0.00
LBC	80	31.64	16.59	23.72	28.05	0.00	0.00
LBC	81	28.71	18.50	22.66	30.12	0.00	0.00
LBC	82	28.62	17.18	22.68	31.51	0.00	0.00
LBC	83	31.71	16.13	25.21	26.95	0.00	0.00
LBC	84	30.25	18.22	23.21	28.32	0.00	0.00
LBC	85	35.67	15.25	20.92	28.16	0.00	0.00
LBC	86	30.54	17.03	22.57	29.86	0.00	0.00
LBC	87	34.18	15.65	21.70	28.48	0.02	0.00
LBC	88	30.96	16.15	21.72	31.18	0.00	0.00
LBC	89	31.18	14.85	21.80	32.17	0.00	0.00
LBC	90	30.96	16.11	24.14	28.80	0.00	0.00
LBC	91	30.23	17.25	19.52	33.00	0.00	0.00
LBC	92	33.82	14.46	21.76	29.97	0.00	0.00
LBC	93	28.07	16.04	21.54	34.35	0.00	0.00
LBC	94	31.13	15.73	20.15	32.98	0.00	0.00
LBC	95	34.19	15.36	20.37	30.08	0.00	0.00
LBC	96	32.87	16.06	23.89	27.17	0.00	0.00
LBC	97	32.57	18.05	19.45	29.93	0.02	0.00
LBC	98	32.89	17.76	20.99	28.36	0.00	0.00
LBC	99	29.22	16.04	22.77	31.97	0.00	0.00
LBC	100	29.31	18.48	20.86	31.35	0.00	0.00
LBC	101	27.79	16.88	21.17	34.17	0.00	0.00
LBC	102	32.32	14.08	21.87	31.73	0.00	0.00
LBC	103	29.37	14.87	23.72	32.04	0.00	0.00
LBC	104	33.53	13.31	24.38	28.78	0.00	0.00
LBC	105	31.97	19.10	21.50	27.44	0.00	0.00
LBC	106	33.16	15.45	20.22	31.18	0.00	0.00
LBC	107	33.31	15.25	24.22	27.22	0.00	0.00
LBC	108	30.91	17.23	23.54	28.32	0.00	0.00
LBC	109	29.94	13.55	26.58	29.92	0.00	0.00
LBC	110	31.71	15.62	21.78	30.89	0.00	0.00
LBC	111	33.05	16.74	22.71	27.50	0.00	0.00
LBC	112	33.80	12.26	22.82	31.13	0.00	0.00
LBC	113	32.26	15.78	21.94	30.03	0.00	0.00
LBC	114	31.62	15.56	20.26	32.56	0.00	0.00
LBC	115	27.72	14.63	21.25	36.39	0.00	0.00
LBC	116	33.66	12.72	19.85	33.77	0.00	0.00
LBC	117	30.45	16.68	20.53	32.34	0.00	0.00
LBC	118	30.99	15.89	22.95	30.17	0.02	0.00
LBC	119	28.03	17.51	26.36	28.10	0.00	0.00
LBC	120	31.02	20.22	19.89	28.87	0.00	0.00
LBC	121	31.16	19.83	20.82	28.19	0.02	0.00
LBC	122	30.56	15.18	22.20	32.06	0.00	0.00
LBC	123	28.27	19.43	21.39	30.91	0.00	0.00
LBC	124	30.65	21.36	21.01	26.97	0.00	0.00
LBC	125	32.98	16.15	22.29	28.58	0.00	0.00
LBC	126	30.56	17.45	24.75	27.24	0.00	0.00
LBC	127	27.50	16.46	21.52	34.52	0.00	0.00
LBC	128	29.37	15.86	22.29	32.48	0.00	0.00
LBC	129	29.61	19.32	19.67	31.40	0.00	0.00
LBC	130	30.65	16.52	23.89	28.93	0.00	0.00
LBC	131	32.30	15.58	23.30	28.82	0.00	0.00
LBC	132	29.53	20.92	22.00	27.55	0.00	0.00
LBC	133	33.16	16.52	22.05	28.27	0.00	0.00
LBC	134	28.71	16.41	24.42	30.45	0.00	0.00
LBC	135	35.51	13.42	23.65	27.41	0.00	0.00
LBC	136	31.07	16.00	23.37	29.57	0.00	0.00
LBC	137	29.17	15.60	22.16	33.07	0.00	0.00
LBC	138	34.97	14.38	19.69	30.96	0.00	0.00
LBC	139	32.21	15.07	19.32	33.40	0.00	0.00
LBC	140	30.92	13.79	22.59	32.70	0.00	0.00
LBC	141	30.30	15.36	24.23	30.10	0.00	0.00
LBC	142	29.74	18.26	20.97	31.04	0.00	0.00
LBC	143	30.20	17.90	22.05	29.85	0.00	0.00
LBC	144	28.86	17.90	24.24	29.01	0.00	0.00
LBC	145	28.98	16.05	22.55	32.43	0.02	0.00
LBC	146	26.69	20.23	20.26	32.82	0.00	0.00
LBC	147	29.73	16.89	21.74	31.64	0.00	0.00
LBC	148	32.14	14.02	19.22	34.62	0.00	0.00
LBC	149	28.77	18.36	21.30	31.57	0.00	0.00
LBC	150	29.50	17.27	21.56	31.67	0.00	0.00
# Insert sizes. Use `grep ^IS | cut -f 2-` to extract this part. The columns are: insert size, pairs total, inward oriented pairs, outward oriented pairs, other pairs
IS	0	4	0	4	0
IS	1	0	0	0	0
IS	2	0	0	0	0
IS	3	0	0	0	0
IS	4	0	0	0	0
IS	5	0	0	0	0
IS	6	0	0	0	0
IS	7	0	0	0	0
IS	8	0	0	0	0
IS	9	0	0	0	0
IS	10	0	0	0	0
IS	11	0	0	0	0
IS	12	0	0	0	0
IS	13	0	0	0	0
IS	14	0	0	0	0
IS	15	0	0	0	0
IS	16	0	0	0	0
IS	17	0	0	0	0
IS	18	0	0	0	0
IS	19	0	0	0	0
IS	20	0	0	0	0
IS	21	0	0	0	0
IS	22	0	0	0	0
IS	23	0	0	0	0
IS	24	0	0	0	0
IS	25	0	0	0	0
IS	26	0	0	0	0
IS	27	0	0	0	0
IS	28	0	0	0	0
IS	29	0	0	0	0
IS	30	0	0	0	0
IS	31	0	0	0	0
IS	32	0	0	0	0
IS	33	0	0	0	0
IS	34	0	0	0	0
IS	35	0	0	0	0
IS	36	0	0	0	0
IS	37	0	0	0	0
IS	38	0	0	0	0
IS	39	0	0	0	0
IS	40	0	0	0	0
IS	41	0	0	0	0
IS	42	0	0	0	0
IS	43	0	0	0	0
IS	44	0	0	0	0
IS	45	0	0	0	0
IS	46	0	0	0	0
IS	47	0	0	0	0
IS	48	0	0	0	0
IS	49	0	0	0	0
IS	50	0	0	0	0
IS	51	0	0	0	0
IS	52	0	0	0	0
IS	53	0	0	0	0
IS	54	0	0	0	0
IS	55	0	0	0	0
IS	56	0	0	0	0
IS	57	0	0	0	0
IS	58	0	0	0	0
IS	59	0	0	0	0
IS	60	0	0	0	0
IS	61	0	0	0	0
IS	62	0	0	0	0
IS	63	0	0	0	0
IS	64	0	0	0	0
IS	65	0	0	0	0
IS	66	0	0	0	0
IS	67	0	0	0	0
IS	68	0	0	0	0
IS	69	0	0	0	0
IS	70	0	0	0	0
IS	71	0	0	0	0
IS	72	0	0	0	0
IS	73	0	0	0	0
IS	74	0	0	0	0
IS	75	0	0	0	0
IS	76	0	0	0	0
IS	77	0	0	0	0
IS	78	0	0	0	0
IS	79	0	0	0	0
IS	80	0	0	0	0
IS	81	0	0	0	0
IS	82	0	0	0	0
IS	83	0	0	0	0
IS	84	0	0	0	0
IS	85	0	0	0	0
IS	86	0	0	0	0
IS	87	0	0	0	0
IS	88	0	0	0	0
IS	89	0	0	0	0
IS	90	0	0	0	0
IS	91	0	0	0	0
IS	92	0	0	0	0
IS	93	0	0	0	0
IS	94	0	0	0	0
IS	95	0	0	0	0
IS	96	0	0	0	0
IS	97	0	0	0	0
IS	98	0	0	0	0
IS	99	0	0	0	0
IS	100	0	0	0	0
IS	101	0	0	0	0
IS	102	0	0	0	0
IS	103	0	0	0	0
IS	104	0	0	0	0
IS	105	0	0	0	0
IS	106	0	0	0	0
IS	107	0	0	0	0
IS	108	0	0	0	0
IS	109	0	0	0	0
IS	110	0	0	0	0
IS	111	0	0	0	0
IS	112	0	0	0	0
IS	113	0	0	0	0
IS	114	0	0	0	0
IS	115	0	0	0	0
IS	116	0	0	0	0
IS	117	0	0	0	0
IS	118	0	0	0	0
IS	119	0	0	0	0
IS	120	0	0	0	0
IS	121	0	0	0	0
IS	122	0	0	0	0
IS	123	0	0	0	0
IS	124	0	0	0	0
IS	125	0	0	0	0
IS	126	0	0	0	0
IS	127	0	0	0	0
IS	128	0	0	0	0
IS	129	0	0	0	0
IS	130	0	0	0	0
IS	131	0	0	0	0
IS	132	0	0	0	0
IS	133	0	0	0	0
IS	134	0	0	0	0
IS	135	0	0	0	0
IS	136	0	0	0	0
IS	137	0	0	0	0
IS	138	0	0	0	0
IS	139	0	0	0	0
IS	140	0	0	0	0
IS	141	0	0	0	0
IS	142	0	0	0	0
IS	143	0	0	0	0
IS	144	0	0	0	0
IS	145	0	0	0	0
IS	146	0	0	0	0
IS	147	0	0	0	0
IS	148	0	0	0	0
IS	149	0	0	0	0
IS	150	4	1	3	0
IS	151	29	9	20	0
IS	152	3	1	2	0
IS	153	8	7	1	0
IS	154	9	8	1	0
IS	155	16	16	0	0
IS	156	8	8	0	0
IS	157	18	18	0	0
IS	158	7	7	0	0
IS	159	7	7	0	0
IS	160	11	11	0	0
IS	161	15	15	0	0
IS	162	12	12	0	0
IS	163	8	8	0	0
IS	164	6	6	0	0
IS	165	8	7	1	0
IS	166	7	6	1	0
IS	167	9	9	0	0
IS	168	7	7	0	0
IS	169	7	7	0	0
IS	170	9	9	0	0
IS	171	10	10	0	0
IS	172	13	13	0	0
IS	173	5	5	0	0
IS	174	9	9	0	0
IS	175	8	8	0	0
IS	176	22	22	0	0
IS	177	9	9	0	0
IS	178	10	10	0	0
IS	179	23	23	0	0
IS	180	14	14	0	0
IS	181	8	8	0	0
IS	182	23	23	0	0
IS	183	13	13	0	0
IS	184	19	19	0	0
IS	185	9	9	0	0
IS	186	5	5	0	0
IS	187	20	20	0	0
IS	188	14	14	0	0
IS	189	12	12	0	0
IS	190	18	18	0	0
IS	191	30	30	0	0
IS	192	19	19	0	0
IS	193	18	18	0	0
IS	194	19	19	0	0
IS	195	20	20	0	0
IS	196	22	22	0	0
IS	197	23	23	0	0
IS	198	10	10	0	0
IS	199	12	12	0	0
IS	200	14	14	0	0
IS	201	20	20	0	0
IS	202	33	33	0	0
IS	203	24	24	0	0
IS	204	29	29	0	0
IS	205	18	18	0	0
IS	206	18	18	0	0
IS	207	18	18	0	0
IS	208	21	21	0	0
IS	209	33	33	0	0
IS	210	29	29	0	0
IS	211	21	21	0	0
IS	212	17	17	0	0
IS	213	24	24	0	0
IS	214	27	27	0	0
IS	215	38	38	0	0
IS	216	37	37	0	0
IS	217	23	23	0	0
IS	218	17	17	0	0
IS	219	18	18	0	0
IS	220	22	22	0	0
IS	221	14	14	0	0
IS	222	30	30	0	0
IS	223	35	35	0	0
IS	224	25	25	0	0
IS	225	30	30	0	0
IS	226	30	30	0	0
IS	227	22	22	0	0
IS	228	24	24	0	0
IS	229	29	29	0	0
IS	230	35	35	0	0
IS	231	24	24	0	0
IS	232	36	36	0	0
IS	233	18	18	0	0
IS	234	20	20	0	0
IS	235	23	23	0	0
IS	236	26	26	0	0
IS	237	20	20	0	0
IS	238	23	23	0	0
IS	239	38	38	0	0
IS	240	14	14	0	0
IS	241	23	23	0	0
IS	242	32	32	0	0
IS	243	22	22	0	0
IS	244	19	19	0	0
IS	245	30	30	0	0
IS	246	25	25	0	0
IS	247	36	36	0	0
IS	248	34	34	0	0
IS	249	18	18	0	0
IS	250	16	16	0	0
IS	251	14	14	0	0
IS	252	7	7	0	0
IS	253	20	20	0	0
IS	254	16	16	0	0
IS	255	19	19	0	0
IS	256	21	21	0	0
IS	257	26	26	0	0
IS	258	19	19	0	0
IS	259	11	11	0	0
IS	260	28	28	0	0
IS	261	24	24	0	0
IS	262	14	14	0	0
IS	263	23	23	0	0
IS	264	21	21	0	0
IS	265	22	22	0	0
IS	266	21	21	0	0
IS	267	22	22	0	0
IS	268	23	23	0	0
IS	269	36	36	0	0
IS	270	24	24	0	0
IS	271	22	22	0	0
IS	272	21	21	0	0
IS	273	16	16	0	0
IS	274	16	16	0	0
IS	275	11	11	0	0
IS	276	11	11	0	0
IS	277	15	15	0	0
IS	278	17	17	0	0
IS	279	19	19	0	0
IS	280	16	16	0	0
IS	281	16	16	0	0
IS	282	16	16	0	0
IS	283	14	14	0	0
IS	284	11	11	0	0
IS	285	17	17	0	0
IS	286	14	14	0	0
IS	287	29	29	0	0
IS	288	15	15	0	0
IS	289	17	17	0	0
IS	290	11	11	0	0
IS	291	15	15	0	0
IS	292	19	19	0	0
IS	293	15	15	0	0
IS	294	13	13	0	0
IS	295	14	14	0	0
IS	296	14	14	0	0
IS	297	8	8	0	0
IS	298	12	12	0	0
IS	299	19	19	0	0
IS	300	9	9	0	0
IS	301	13	13	0	0
IS	302	4	4	0	0
IS	303	11	11	0	0
IS	304	13	13	0	0
IS	305	6	6	0	0
IS	306	5	5	0	0
IS	307	6	6	0	0
IS	308	6	6	0	0
IS	309	8	8	0	0
IS	310	8	8	0	0
IS	311	14	14	0	0
IS	312	5	5	0	0
IS	313	2	2	0	0
IS	314	5	5	0	0
IS	315	4	4	0	0
IS	316	9	9	0	0
IS	317	6	6	0	0
IS	318	14	14	0	0
IS	319	3	3	0	0
IS	320	7	7	0	0
IS	321	12	12	0	0
IS	322	8	8	0	0
IS	323	6	6	0	0
IS	324	4	4	0	0
IS	325	4	4	0	0
IS	326	1	1	0	0
IS	327	3	3	0	0
IS	328	6	6	0	0
IS	329	0	0	0	0
IS	330	3	3	0	0
IS	331	2	2	0	0
IS	332	1	1	0	0
IS	333	0	0	0	0
IS	334	0	0	0	0
IS	335	4	4	0	0
IS	336	4	4	0	0
IS	337	0	0	0	0
IS	338	2	2	0	0
IS	339	1	1	0	0
IS	340	1	1	0	0
IS	341	1	1	0	0
IS	342	1	1	0	0
IS	343	0	0	0	0
IS	344	2	2	0	0
IS	345	1	1	0	0
IS	346	1	1	0	0
IS	347	1	1	0	0
IS	348	1	1	0	0
IS	349	0	0	0	0
IS	350	0	0	0	0
IS	351	0	0	0	0
IS	352	0	0	0	0
IS	353	3	3	0	0
IS	354	1	1	0	0
# Read lengths. Use `grep ^RL | cut -f 2-` to extract this part. The columns are: read length, count
RL	137	4
RL	138	2
RL	139	1
RL	140	7
RL	141	1
RL	143	4
RL	144	1
RL	145	4
RL	146	18
RL	147	216
RL	149	5
RL	150	8989
# Read lengths - first fragments. Use `grep ^FRL | cut -f 2-` to extract this part. The columns are: read length, count
FRL	145	1
FRL	146	13
FRL	147	127
FRL	149	1
FRL	150	4565
# Read lengths - last fragments. Use `grep ^LRL | cut -f 2-` to extract this part. The columns are: read length, count
LRL	137	4
LRL	138	2
LRL	139	1
LRL	140	7
LRL	141	1
LRL	143	4
LRL	144	1
LRL	145	3
LRL	146	5
LRL	147	89
LRL	149	4
LRL	150	4424
# Indel distribution. Use `grep ^ID | cut -f 2-` to extract this part. The columns are: length, number of insertions, number of deletions
ID	1	1	6
ID	2	0	8
ID	3	0	1
# Indels per cycle. Use `grep ^IC | cut -f 2-` to extract this part. The columns are: cycle, number of insertions (fwd), .. (rev) , number of deletions (fwd), .. (rev)
IC	40	0	0	0	1
IC	44	0	0	1	1
IC	51	0	1	0	0
IC	52	0	0	1	0
IC	55	0	0	0	1
IC	77	0	0	0	1
IC	93	0	0	2	0
IC	95	0	0	1	0
IC	97	0	0	1	0
IC	104	0	0	0	1
IC	108	0	0	0	1
IC	112	0	0	0	1
IC	122	0	0	1	1
# Coverage distribution. Use `grep ^COV | cut -f 2-` to extract this part.
COV	[1-1]	1	111
COV	[2-2]	2	224
COV	[3-3]	3	22
COV	[4-4]	4	178
COV	[5-5]	5	15
COV	[6-6]	6	34
COV	[7-7]	7	27
COV	[8-8]	8	17
COV	[9-9]	9	23
COV	[10-10]	10	16
COV	[11-11]	11	20
COV	[12-12]	12	21
COV	[13-13]	13	20
COV	[14-14]	14	6
COV	[15-15]	15	114
COV	[16-16]	16	13
COV	[17-17]	17	9
COV	[18-18]	18	10
COV	[19-19]	19	27
COV	[20-20]	20	9
COV	[21-21]	21	24
COV	[22-22]	22	37
COV	[23-23]	23	112
COV	[24-24]	24	5
COV	[25-25]	25	26
COV	[26-26]	26	23
COV	[27-27]	27	17
COV	[28-28]	28	16
COV	[30-30]	30	4
COV	[31-31]	31	9
COV	[32-32]	32	2
COV	[33-33]	33	3
COV	[34-34]	34	4
COV	[35-35]	35	13
COV	[36-36]	36	8
COV	[37-37]	37	8
COV	[38-38]	38	10
COV	[39-39]	39	2
COV	[40-40]	40	4
COV	[41-41]	41	13
COV	[42-42]	42	9
COV	[43-43]	43	34
COV	[44-44]	44	5
COV	[45-45]	45	2
COV	[46-46]	46	13
COV	[47-47]	47	13
COV	[48-48]	48	25
COV	[49-49]	49	3
COV	[50-50]	50	14
COV	[51-51]	51	2
COV	[52-52]	52	3
COV	[53-53]	53	7
COV	[54-54]	54	2
COV	[55-55]	55	5
COV	[56-56]	56	7
COV	[57-57]	57	8
COV	[58-58]	58	1
COV	[59-59]	59	9
COV	[60-60]	60	7
COV	[61-61]	61	5
COV	[62-62]	62	6
COV	[63-63]	63	3
COV	[64-64]	64	13
COV	[65-65]	65	5
COV	[66-66]	66	3
COV	[67-67]	67	5
COV	[68-68]	68	9
COV	[69-69]	69	6
COV	[70-70]	70	2
COV	[71-71]	71	6
COV	[72-72]	72	4
COV	[73-73]	73	56
COV	[74-74]	74	12
COV	[75-75]	75	2
COV	[76-76]	76	17
COV	[77-77]	77	4
COV	[78-78]	78	1
COV	[79-79]	79	21
COV	[80-80]	80	10
COV	[81-81]	81	14
COV	[82-82]	82	16
COV	[83-83]	83	5
COV	[84-84]	84	10
COV	[85-85]	85	3
COV	[86-86]	86	25
COV	[87-87]	87	20
COV	[88-88]	88	48
COV	[89-89]	89	11
COV	[90-90]	90	10
COV	[91-91]	91	2
COV	[92-92]	92	1
COV	[93-93]	93	6
COV	[94-94]	94	2
COV	[95-95]	95	4
COV	[96-96]	96	2
COV	[97-97]	97	3
COV	[98-98]	98	4
COV	[99-99]	99	4
COV	[100-100]	100	3
COV	[101-101]	101	4
COV	[102-102]	102	4
COV	[103-103]	103	19
COV	[104-104]	104	5
COV	[105-105]	105	6
COV	[106-106]	106	4
COV	[107-107]	107	16
COV	[108-108]	108	5
COV	[109-109]	109	24
COV	[110-110]	110	7
COV	[111-111]	111	1
COV	[112-112]	112	6
COV	[113-113]	113	11
COV	[114-114]	114	12
COV	[115-115]	115	19
COV	[116-116]	116	5
COV	[117-117]	117	3
COV	[118-118]	118	8
COV	[119-119]	119	24
COV	[120-120]	120	7
COV	[121-121]	121	2
COV	[122-122]	122	15
COV	[123-123]	123	12
COV	[124-124]	124	7
COV	[125-125]	125	2
COV	[126-126]	126	8
COV	[127-127]	127	11
COV	[128-128]	128	29
COV	[129-129]	129	77
COV	[130-130]	130	18
COV	[131-131]	131	5
COV	[132-132]	132	5
COV	[133-133]	133	6
COV	[134-134]	134	2
COV	[135-135]	135	5
COV	[136-136]	136	1
COV	[137-137]	137	2
COV	[138-138]	138	2
COV	[139-139]	139	3
COV	[140-140]	140	6
COV	[141-141]	141	8
COV	[142-142]	142	10
COV	[143-143]	143	2
COV	[144-144]	144	2
COV	[145-145]	145	5
COV	[146-146]	146	3
COV	[147-147]	147	8
COV	[148-148]	148	8
COV	[149-149]	149	15
COV	[150-150]	150	2
COV	[151-151]	151	12
COV	[152-152]	152	2
COV	[153-153]	153	9
COV	[154-154]	154	15
COV	[155-155]	155	2
COV	[156-156]	156	1
COV	[157-157]	157	3
COV	[158-158]	158	3
COV	[160-160]	160	2
COV	[162-162]	162	1
COV	[163-163]	163	10
COV	[164-164]	164	2
COV	[165-165]	165	1
COV	[166-166]	166	6
COV	[167-167]	167	4
COV	[168-168]	168	9
COV	[169-169]	169	7
COV	[170-170]	170	3
COV	[171-171]	171	3
COV	[172-172]	172	3
COV	[173-173]	173	10
COV	[176-176]	176	3
COV	[178-178]	178	1
COV	[179-179]	179	2
COV	[180-180]	180	3
COV	[181-181]	181	4
COV	[182-182]	182	1
COV	[183-183]	183	5
COV	[184-184]	184	6
COV	[185-185]	185	2
COV	[186-186]	186	6
COV	[187-187]	187	3
COV	[188-188]	188	2
COV	[189-189]	189	5
COV	[190-190]	190	3
COV	[191-191]	191	2
COV	[192-192]	192	2
COV	[193-193]	193	4
COV	[194-194]	194	2
COV	[195-195]	195	5
COV	[196-196]	196	2
COV	[197-197]	197	4
COV	[199-199]	199	4
COV	[200-200]	200	3
COV	[201-201]	201	9
COV	[202-202]	202	2
COV	[204-204]	204	3
COV	[205-205]	205	3
COV	[207-207]	207	4
COV	[208-208]	208	10
COV	[209-209]	209	3
COV	[210-210]	210	3
COV	[211-211]	211	4
COV	[212-212]	212	13
COV	[213-213]	213	10
COV	[214-214]	214	8
COV	[215-215]	215	5
COV	[216-216]	216	1
COV	[218-218]	218	1
COV	[219-219]	219	2
COV	[220-220]	220	8
COV	[221-221]	221	2
COV	[222-222]	222	2
COV	[223-223]	223	1
COV	[224-224]	224	3
COV	[226-226]	226	1
COV	[228-228]	228	3
COV	[229-229]	229	2
COV	[231-231]	231	7
COV	[232-232]	232	4
COV	[233-233]	233	4
COV	[234-234]	234	3
COV	[236-236]	236	2
COV	[238-238]	238	1
COV	[239-239]	239	2
COV	[240-240]	240	1
COV	[241-241]	241	2
COV	[242-242]	242	3
COV	[243-243]	243	1
COV	[244-244]	244	2
COV	[246-246]	246	3
COV	[247-247]	247	1
COV	[248-248]	248	4
COV	[249-249]	249	2
COV	[250-250]	250	1
COV	[251-251]	251	2
COV	[252-252]	252	1
COV	[253-253]	253	1
COV	[254-254]	254	7
COV	[255-255]	255	4
COV	[256-256]	256	3
COV	[257-257]	257	5
COV	[258-258]	258	1
COV	[259-259]	259	6
COV	[260-260]	260	3
COV	[261-261]	261	3
COV	[262-262]	262	5
COV	[263-263]	263	4
COV	[264-264]	264	4
COV	[265-265]	265	2
COV	[266-266]	266	1
COV	[267-267]	267	7
COV	[268-268]	268	2
COV	[269-269]	269	8
COV	[270-270]	270	7
COV	[271-271]	271	4
COV	[272-272]	272	2
COV	[273-273]	273	3
COV	[274-274]	274	2
COV	[275-275]	275	3
COV	[276-276]	276	2
COV	[277-277]	277	2
COV	[278-278]	278	3
COV	[279-279]	279	9
COV	[280-280]	280	2
COV	[281-281]	281	1
COV	[282-282]	282	4
COV	[283-283]	283	8
COV	[284-284]	284	2
COV	[285-285]	285	1
COV	[286-286]	286	1
COV	[287-287]	287	5
COV	[288-288]	288	2
COV	[289-289]	289	2
COV	[290-290]	290	2
COV	[291-291]	291	3
COV	[292-292]	292	12
COV	[293-293]	293	4
COV	[294-294]	294	1
COV	[295-295]	295	2
COV	[296-296]	296	5
COV	[297-297]	297	5
COV	[298-298]	298	4
COV	[299-299]	299	4
COV	[300-300]	300	5
COV	[301-301]	301	3
COV	[302-302]	302	7
COV	[303-303]	303	8
COV	[304-304]	304	1
COV	[305-305]	305	1
COV	[306-306]	306	7
COV	[307-307]	307	1
COV	[308-308]	308	5
COV	[309-309]	309	2
COV	[310-310]	310	3
COV	[311-311]	311	5
COV	[312-312]	312	1
COV	[313-313]	313	1
COV	[314-314]	314	1
COV	[315-315]	315	1
COV	[316-316]	316	3
COV	[318-318]	318	4
COV	[319-319]	319	2
COV	[320-320]	320	1
COV	[321-321]	321	3
COV	[322-322]	322	2
COV	[323-323]	323	3
COV	[324-324]	324	6
COV	[325-325]	325	2
COV	[326-326]	326	1
COV	[327-327]	327	2
COV	[328-328]	328	6
COV	[329-329]	329	1
COV	[330-330]	330	3
COV	[331-331]	331	4
COV	[332-332]	332	1
COV	[333-333]	333	2
COV	[334-334]	334	4
COV	[335-335]	335	7
COV	[336-336]	336	4
COV	[337-337]	337	7
COV	[339-339]	339	5
COV	[340-340]	340	2
COV	[341-341]	341	3
COV	[342-342]	342	6
COV	[343-343]	343	4
COV	[344-344]	344	3
COV	[345-345]	345	3
COV	[346-346]	346	11
COV	[347-347]	347	5
COV	[349-349]	349	6
COV	[350-350]	350	2
COV	[351-351]	351	1
COV	[352-352]	352	1
COV	[354-354]	354	10
COV	[355-355]	355	2
COV	[356-356]	356	1
COV	[357-357]	357	1
COV	[358-358]	358	2
COV	[359-359]	359	1
COV	[362-362]	362	1
COV	[365-365]	365	2
COV	[366-366]	366	1
COV	[370-370]	370	1
COV	[371-371]	371	1
COV	[372-372]	372	1
COV	[374-374]	374	1
COV	[377-377]	377	2
COV	[379-379]	379	3
COV	[380-380]	380	1
COV	[381-381]	381	1
COV	[383-383]	383	1
COV	[384-384]	384	1
COV	[386-386]	386	1
COV	[387-387]	387	1
COV	[388-388]	388	2
COV	[391-391]	391	2
COV	[392-392]	392	1
COV	[393-393]	393	1
COV	[394-394]	394	2
COV	[395-395]	395	3
COV	[396-396]	396	2
COV	[397-397]	397	2
COV	[399-399]	399	1
COV	[401-401]	401	1
COV	[403-403]	403	5
COV	[405-405]	405	5
COV	[406-406]	406	1
COV	[408-408]	408	2
COV	[409-409]	409	4
COV	[411-411]	411	3
COV	[413-413]	413	4
COV	[414-414]	414	1
COV	[415-415]	415	1
COV	[416-416]	416	2
COV	[419-419]	419	1
COV	[420-420]	420	1
COV	[422-422]	422	1
COV	[424-424]	424	1
COV	[425-425]	425	1
COV	[426-426]	426	6
COV	[427-427]	427	2
COV	[429-429]	429	1
COV	[432-432]	432	1
COV	[437-437]	437	1
COV	[438-438]	438	1
COV	[442-442]	442	2
COV	[443-443]	443	1
COV	[444-444]	444	1
COV	[445-445]	445	5
COV	[447-447]	447	1
COV	[448-448]	448	2
COV	[450-450]	450	2
COV	[451-451]	451	3
COV	[452-452]	452	2
COV	[456-456]	456	1
COV	[458-458]	458	2
COV	[459-459]	459	1
COV	[460-460]	460	1
COV	[461-461]	461	2
COV	[462-462]	462	1
COV	[464-464]	464	1
COV	[466-466]	466	2
COV	[467-467]	467	2
COV	[468-468]	468	3
COV	[472-472]	472	1
COV	[474-474]	474	3
COV	[475-475]	475	3
COV	[477-477]	477	1
COV	[479-479]	479	1
COV	[480-480]	480	3
COV	[481-481]	481	1
COV	[482-482]	482	1
COV	[483-483]	483	4
COV	[484-484]	484	3
COV	[485-485]	485	5
COV	[486-486]	486	7
COV	[487-487]	487	1
COV	[488-488]	488	2
COV	[489-489]	489	1
COV	[490-490]	490	3
COV	[491-491]	491	1
COV	[492-492]	492	1
COV	[493-493]	493	1
COV	[494-494]	494	5
COV	[495-495]	495	2
COV	[496-496]	496	1
COV	[497-497]	497	5
COV	[498-498]	498	1
COV	[499-499]	499	1
COV	[500-500]	500	1
COV	[502-502]	502	1
COV	[509-509]	509	1
COV	[510-510]	510	1
COV	[517-517]	517	1
COV	[518-518]	518	1
COV	[522-522]	522	1
COV	[524-524]	524	1
COV	[528-528]	528	1
COV	[529-529]	529	1
COV	[530-530]	530	1
COV	[531-531]	531	3
COV	[532-532]	532	2
COV	[535-535]	535	1
COV	[536-536]	536	2
COV	[537-537]	537	3
COV	[538-538]	538	1
COV	[539-539]	539	1
COV	[542-542]	542	1
COV	[555-555]	555	1
COV	[562-562]	562	4
COV	[563-563]	563	1
COV	[565-565]	565	1
COV	[566-566]	566	1
COV	[567-567]	567	1
COV	[568-568]	568	3
COV	[569-569]	569	1
COV	[570-570]	570	2
COV	[571-571]	571	3
COV	[572-572]	572	1
COV	[573-573]	573	1
COV	[585-585]	585	1
COV	[589-589]	589	1
COV	[600-600]	600	1
COV	[634-634]	634	1
COV	[683-683]	683	1
COV	[698-698]	698	1
COV	[710-710]	710	1
COV	[724-724]	724	1
COV	[744-744]	744	1
COV	[779-779]	779	1
COV	[785-785]	785	1
COV	[811-811]	811	1
COV	[841-841]	841	1
COV	[847-847]	847	1
COV	[857-857]	857	1
COV	[864-864]	864	1
COV	[877-877]	877	1
COV	[881-881]	881	1
COV	[882-882]	882	1
COV	[889-889]	889	1
COV	[890-890]	890	1
COV	[891-891]	891	1
COV	[899-899]	899	2
COV	[910-910]	910	1
COV	[911-911]	911	1
COV	[919-919]	919	1
COV	[935-935]	935	1
COV	[937-937]	937	1
COV	[938-938]	938	1
COV	[940-940]	940	1
COV	[941-941]	941	3
COV	[945-945]	945	1
COV	[947-947]	947	1
COV	[952-952]	952	1
COV	[953-953]	953	1
COV	[956-956]	956	1
COV	[958-958]	958	2
COV	[973-973]	973	1
COV	[974-974]	974	1
COV	[978-978]	978	1
COV	[979-979]	979	1
COV	[980-980]	980	2
COV	[981-981]	981	1
COV	[982-982]	982	1
COV	[984-984]	984	3
COV	[986-986]	986	1
COV	[991-991]	991	1
COV	[992-992]	992	1
COV	[995-995]	995	1
COV	[1000<]	1000	439
# GC-depth. Use `grep ^GCD | cut -f 2-` to extract this part. The columns are: GC%, unique sequence percentiles, 10th, 25th, 50th, 75th and 90th depth percentile
GCD	0.0	100.000	0.000	0.000	0.000	0.000	0.000
