# This file was produced by samtools stats (1.9+htslib-1.9) and can be plotted using plot-bamstats
# This file contains statistics for all reads.
# The command line was:  stats -@ 20 amelRNA_3/amelRNA_3_bqcv.bam
# CHK, Checksum	[2]Read Names	[3]Sequences	[4]Qualities
# CHK, CRC32 of reads which passed filtering followed by addition (32bit overflow)
CHK	e5bd8b7b	77957e2d	f094b058
# Summary Numbers. Use `grep ^SN | cut -f 2-` to extract this part.
SN	raw total sequences:	44576
SN	filtered sequences:	0
SN	sequences:	44576
SN	is sorted:	1
SN	1st fragments:	22287
SN	last fragments:	22289
SN	reads mapped:	32250
SN	reads mapped and paired:	19924	# paired-end technology bit set + both mates mapped
SN	reads unmapped:	12326
SN	reads properly paired:	19730	# proper-pair bit set
SN	reads paired:	44576	# paired-end technology bit set
SN	reads duplicated:	0	# PCR or optical duplicate bit set
SN	reads MQ0:	9	# mapped and MQ=0
SN	reads QC failed:	0
SN	non-primary alignments:	9
SN	total length:	6682928	# ignores clipping
SN	total first fragment length:	3341952	# ignores clipping
SN	total last fragment length:	3340976	# ignores clipping
SN	bases mapped:	4835650	# ignores clipping
SN	bases mapped (cigar):	4774710	# more accurate
SN	bases trimmed:	0
SN	bases duplicated:	0
SN	mismatches:	114800	# from NM fields
SN	error rate:	2.404335e-02	# mismatches / bases mapped (cigar)
SN	average length:	149
SN	average first fragment length:	150
SN	average last fragment length:	150
SN	maximum length:	150
SN	maximum first fragment length:	150
SN	maximum last fragment length:	150
SN	average quality:	36.3
SN	insert size average:	235.0
SN	insert size standard deviation:	43.3
SN	inward oriented pairs:	9690
SN	outward oriented pairs:	271
SN	pairs with other orientation:	0
SN	pairs on different chromosomes:	1
SN	percentage of properly paired reads (%):	44.3
# First Fragment Qualities. Use `grep ^FFQ | cut -f 2-` to extract this part.
# Columns correspond to qualities and rows to cycles. First column is the cycle number.
FFQ	1	0	0	0	0	0	0	0	0	0	0	0	170	0	0	0	0	0	0	0	0	0	0	0	0	0	359	0	0	0	0	0	0	0	0	0	0	0	21758	0
FFQ	2	0	0	0	0	0	0	0	0	0	0	0	165	0	0	0	0	0	0	0	0	0	0	0	0	0	378	0	0	0	0	0	0	0	0	0	0	0	21744	0
FFQ	3	0	0	0	0	0	0	0	0	0	0	0	133	0	0	0	0	0	0	0	0	0	0	0	0	0	330	0	0	0	0	0	0	0	0	0	0	0	21824	0
FFQ	4	0	0	0	0	0	0	0	0	0	0	0	139	0	0	0	0	0	0	0	0	0	0	0	0	0	317	0	0	0	0	0	0	0	0	0	0	0	21831	0
FFQ	5	0	0	0	0	0	0	0	0	0	0	0	105	0	0	0	0	0	0	0	0	0	0	0	0	0	314	0	0	0	0	0	0	0	0	0	0	0	21868	0
FFQ	6	0	0	6	0	0	0	0	0	0	0	0	104	0	0	0	0	0	0	0	0	0	0	0	0	0	314	0	0	0	0	0	0	0	0	0	0	0	21863	0
FFQ	7	0	0	0	0	0	0	0	0	0	0	0	123	0	0	0	0	0	0	0	0	0	0	0	0	0	364	0	0	0	0	0	0	0	0	0	0	0	21800	0
FFQ	8	0	0	3	0	0	0	0	0	0	0	0	123	0	0	0	0	0	0	0	0	0	0	0	0	0	366	0	0	0	0	0	0	0	0	0	0	0	21795	0
FFQ	9	0	0	0	0	0	0	0	0	0	0	0	120	0	0	0	0	0	0	0	0	0	0	0	0	0	353	0	0	0	0	0	0	0	0	0	0	0	21814	0
FFQ	10	0	0	2	0	0	0	0	0	0	0	0	93	0	0	0	0	0	0	0	0	0	0	0	0	0	346	0	0	0	0	0	0	0	0	0	0	0	21846	0
FFQ	11	0	0	0	0	0	0	0	0	0	0	0	111	0	0	0	0	0	0	0	0	0	0	0	0	0	333	0	0	0	0	0	0	0	0	0	0	0	21843	0
FFQ	12	0	0	0	0	0	0	0	0	0	0	0	117	0	0	0	0	0	0	0	0	0	0	0	0	0	367	0	0	0	0	0	0	0	0	0	0	0	21803	0
FFQ	13	0	0	0	0	0	0	0	0	0	0	0	132	0	0	0	0	0	0	0	0	0	0	0	0	0	523	0	0	0	0	0	0	0	0	0	0	0	21632	0
FFQ	14	0	0	0	0	0	0	0	0	0	0	0	100	0	0	0	0	0	0	0	0	0	0	0	0	0	396	0	0	0	0	0	0	0	0	0	0	0	21791	0
FFQ	15	0	0	0	0	0	0	0	0	0	0	0	117	0	0	0	0	0	0	0	0	0	0	0	0	0	420	0	0	0	0	0	0	0	0	0	0	0	21750	0
FFQ	16	0	0	0	0	0	0	0	0	0	0	0	120	0	0	0	0	0	0	0	0	0	0	0	0	0	467	0	0	0	0	0	0	0	0	0	0	0	21700	0
FFQ	17	0	0	0	0	0	0	0	0	0	0	0	124	0	0	0	0	0	0	0	0	0	0	0	0	0	439	0	0	0	0	0	0	0	0	0	0	0	21724	0
FFQ	18	0	0	0	0	0	0	0	0	0	0	0	107	0	0	0	0	0	0	0	0	0	0	0	0	0	457	0	0	0	0	0	0	0	0	0	0	0	21723	0
FFQ	19	0	0	0	0	0	0	0	0	0	0	0	106	0	0	0	0	0	0	0	0	0	0	0	0	0	400	0	0	0	0	0	0	0	0	0	0	0	21781	0
FFQ	20	0	0	0	0	0	0	0	0	0	0	0	95	0	0	0	0	0	0	0	0	0	0	0	0	0	386	0	0	0	0	0	0	0	0	0	0	0	21806	0
FFQ	21	0	0	0	0	0	0	0	0	0	0	0	120	0	0	0	0	0	0	0	0	0	0	0	0	0	417	0	0	0	0	0	0	0	0	0	0	0	21750	0
FFQ	22	0	0	0	0	0	0	0	0	0	0	0	116	0	0	0	0	0	0	0	0	0	0	0	0	0	402	0	0	0	0	0	0	0	0	0	0	0	21769	0
FFQ	23	0	0	0	0	0	0	0	0	0	0	0	120	0	0	0	0	0	0	0	0	0	0	0	0	0	381	0	0	0	0	0	0	0	0	0	0	0	21786	0
FFQ	24	0	0	0	0	0	0	0	0	0	0	0	114	0	0	0	0	0	0	0	0	0	0	0	0	0	395	0	0	0	0	0	0	0	0	0	0	0	21778	0
FFQ	25	0	0	0	0	0	0	0	0	0	0	0	132	0	0	0	0	0	0	0	0	0	0	0	0	0	375	0	0	0	0	0	0	0	0	0	0	0	21780	0
FFQ	26	0	0	0	0	0	0	0	0	0	0	0	127	0	0	0	0	0	0	0	0	0	0	0	0	0	337	0	0	0	0	0	0	0	0	0	0	0	21823	0
FFQ	27	0	0	0	0	0	0	0	0	0	0	0	135	0	0	0	0	0	0	0	0	0	0	0	0	0	377	0	0	0	0	0	0	0	0	0	0	0	21775	0
FFQ	28	0	0	0	0	0	0	0	0	0	0	0	128	0	0	0	0	0	0	0	0	0	0	0	0	0	395	0	0	0	0	0	0	0	0	0	0	0	21764	0
FFQ	29	0	0	0	0	0	0	0	0	0	0	0	153	0	0	0	0	0	0	0	0	0	0	0	0	0	426	0	0	0	0	0	0	0	0	0	0	0	21708	0
FFQ	30	0	0	0	0	0	0	0	0	0	0	0	180	0	0	0	0	0	0	0	0	0	0	0	0	0	428	0	0	0	0	0	0	0	0	0	0	0	21679	0
FFQ	31	0	0	0	0	0	0	0	0	0	0	0	181	0	0	0	0	0	0	0	0	0	0	0	0	0	450	0	0	0	0	0	0	0	0	0	0	0	21656	0
FFQ	32	0	0	0	0	0	0	0	0	0	0	0	166	0	0	0	0	0	0	0	0	0	0	0	0	0	435	0	0	0	0	0	0	0	0	0	0	0	21686	0
FFQ	33	0	0	0	0	0	0	0	0	0	0	0	143	0	0	0	0	0	0	0	0	0	0	0	0	0	471	0	0	0	0	0	0	0	0	0	0	0	21673	0
FFQ	34	0	0	0	0	0	0	0	0	0	0	0	146	0	0	0	0	0	0	0	0	0	0	0	0	0	388	0	0	0	0	0	0	0	0	0	0	0	21753	0
FFQ	35	0	0	0	0	0	0	0	0	0	0	0	180	0	0	0	0	0	0	0	0	0	0	0	0	0	488	0	0	0	0	0	0	0	0	0	0	0	21619	0
FFQ	36	0	0	0	0	0	0	0	0	0	0	0	201	0	0	0	0	0	0	0	0	0	0	0	0	0	566	0	0	0	0	0	0	0	0	0	0	0	21520	0
FFQ	37	0	0	0	0	0	0	0	0	0	0	0	207	0	0	0	0	0	0	0	0	0	0	0	0	0	514	0	0	0	0	0	0	0	0	0	0	0	21566	0
FFQ	38	0	0	0	0	0	0	0	0	0	0	0	157	0	0	0	0	0	0	0	0	0	0	0	0	0	476	0	0	0	0	0	0	0	0	0	0	0	21654	0
FFQ	39	0	0	0	0	0	0	0	0	0	0	0	171	0	0	0	0	0	0	0	0	0	0	0	0	0	501	0	0	0	0	0	0	0	0	0	0	0	21615	0
FFQ	40	0	0	0	0	0	0	0	0	0	0	0	174	0	0	0	0	0	0	0	0	0	0	0	0	0	503	0	0	0	0	0	0	0	0	0	0	0	21610	0
FFQ	41	0	0	0	0	0	0	0	0	0	0	0	188	0	0	0	0	0	0	0	0	0	0	0	0	0	515	0	0	0	0	0	0	0	0	0	0	0	21584	0
FFQ	42	0	0	0	0	0	0	0	0	0	0	0	183	0	0	0	0	0	0	0	0	0	0	0	0	0	562	0	0	0	0	0	0	0	0	0	0	0	21542	0
FFQ	43	0	0	0	0	0	0	0	0	0	0	0	265	0	0	0	0	0	0	0	0	0	0	0	0	0	615	0	0	0	0	0	0	0	0	0	0	0	21407	0
FFQ	44	0	0	0	0	0	0	0	0	0	0	0	234	0	0	0	0	0	0	0	0	0	0	0	0	0	577	0	0	0	0	0	0	0	0	0	0	0	21476	0
FFQ	45	0	0	0	0	0	0	0	0	0	0	0	198	0	0	0	0	0	0	0	0	0	0	0	0	0	587	0	0	0	0	0	0	0	0	0	0	0	21502	0
FFQ	46	0	0	0	0	0	0	0	0	0	0	0	236	0	0	0	0	0	0	0	0	0	0	0	0	0	558	0	0	0	0	0	0	0	0	0	0	0	21493	0
FFQ	47	0	0	0	0	0	0	0	0	0	0	0	244	0	0	0	0	0	0	0	0	0	0	0	0	0	618	0	0	0	0	0	0	0	0	0	0	0	21425	0
FFQ	48	0	0	0	0	0	0	0	0	0	0	0	236	0	0	0	0	0	0	0	0	0	0	0	0	0	558	0	0	0	0	0	0	0	0	0	0	0	21493	0
FFQ	49	0	0	0	0	0	0	0	0	0	0	0	208	0	0	0	0	0	0	0	0	0	0	0	0	0	466	0	0	0	0	0	0	0	0	0	0	0	21613	0
FFQ	50	0	0	0	0	0	0	0	0	0	0	0	202	0	0	0	0	0	0	0	0	0	0	0	0	0	453	0	0	0	0	0	0	0	0	0	0	0	21632	0
FFQ	51	0	0	0	0	0	0	0	0	0	0	0	196	0	0	0	0	0	0	0	0	0	0	0	0	0	525	0	0	0	0	0	0	0	0	0	0	0	21566	0
FFQ	52	0	0	0	0	0	0	0	0	0	0	0	175	0	0	0	0	0	0	0	0	0	0	0	0	0	521	0	0	0	0	0	0	0	0	0	0	0	21591	0
FFQ	53	0	0	0	0	0	0	0	0	0	0	0	182	0	0	0	0	0	0	0	0	0	0	0	0	0	497	0	0	0	0	0	0	0	0	0	0	0	21608	0
FFQ	54	0	0	0	0	0	0	0	0	0	0	0	207	0	0	0	0	0	0	0	0	0	0	0	0	0	484	0	0	0	0	0	0	0	0	0	0	0	21596	0
FFQ	55	0	0	0	0	0	0	0	0	0	0	0	196	0	0	0	0	0	0	0	0	0	0	0	0	0	543	0	0	0	0	0	0	0	0	0	0	0	21548	0
FFQ	56	0	0	0	0	0	0	0	0	0	0	0	219	0	0	0	0	0	0	0	0	0	0	0	0	0	611	0	0	0	0	0	0	0	0	0	0	0	21457	0
FFQ	57	0	0	0	0	0	0	0	0	0	0	0	214	0	0	0	0	0	0	0	0	0	0	0	0	0	629	0	0	0	0	0	0	0	0	0	0	0	21444	0
FFQ	58	0	0	0	0	0	0	0	0	0	0	0	212	0	0	0	0	0	0	0	0	0	0	0	0	0	691	0	0	0	0	0	0	0	0	0	0	0	21384	0
FFQ	59	0	0	0	0	0	0	0	0	0	0	0	267	0	0	0	0	0	0	0	0	0	0	0	0	0	753	0	0	0	0	0	0	0	0	0	0	0	21267	0
FFQ	60	0	0	0	0	0	0	0	0	0	0	0	269	0	0	0	0	0	0	0	0	0	0	0	0	0	673	0	0	0	0	0	0	0	0	0	0	0	21345	0
FFQ	61	0	0	0	0	0	0	0	0	0	0	0	318	0	0	0	0	0	0	0	0	0	0	0	0	0	738	0	0	0	0	0	0	0	0	0	0	0	21231	0
FFQ	62	0	0	0	0	0	0	0	0	0	0	0	319	0	0	0	0	0	0	0	0	0	0	0	0	0	806	0	0	0	0	0	0	0	0	0	0	0	21162	0
FFQ	63	0	0	0	0	0	0	0	0	0	0	0	332	0	0	0	0	0	0	0	0	0	0	0	0	0	801	0	0	0	0	0	0	0	0	0	0	0	21154	0
FFQ	64	0	0	0	0	0	0	0	0	0	0	0	314	0	0	0	0	0	0	0	0	0	0	0	0	0	808	0	0	0	0	0	0	0	0	0	0	0	21165	0
FFQ	65	0	0	0	0	0	0	0	0	0	0	0	290	0	0	0	0	0	0	0	0	0	0	0	0	0	743	0	0	0	0	0	0	0	0	0	0	0	21254	0
FFQ	66	0	0	0	0	0	0	0	0	0	0	0	328	0	0	0	0	0	0	0	0	0	0	0	0	0	833	0	0	0	0	0	0	0	0	0	0	0	21126	0
FFQ	67	0	0	0	0	0	0	0	0	0	0	0	275	0	0	0	0	0	0	0	0	0	0	0	0	0	758	0	0	0	0	0	0	0	0	0	0	0	21254	0
FFQ	68	0	0	0	0	0	0	0	0	0	0	0	274	0	0	0	0	0	0	0	0	0	0	0	0	0	819	0	0	0	0	0	0	0	0	0	0	0	21194	0
FFQ	69	0	0	0	0	0	0	0	0	0	0	0	210	0	0	0	0	0	0	0	0	0	0	0	0	0	666	0	0	0	0	0	0	0	0	0	0	0	21411	0
FFQ	70	0	0	0	0	0	0	0	0	0	0	0	240	0	0	0	0	0	0	0	0	0	0	0	0	0	603	0	0	0	0	0	0	0	0	0	0	0	21444	0
FFQ	71	0	0	0	0	0	0	0	0	0	0	0	231	0	0	0	0	0	0	0	0	0	0	0	0	0	634	0	0	0	0	0	0	0	0	0	0	0	21422	0
FFQ	72	0	0	0	0	0	0	0	0	0	0	0	206	0	0	0	0	0	0	0	0	0	0	0	0	0	613	0	0	0	0	0	0	0	0	0	0	0	21468	0
FFQ	73	0	0	0	0	0	0	0	0	0	0	0	236	0	0	0	0	0	0	0	0	0	0	0	0	0	713	0	0	0	0	0	0	0	0	0	0	0	21338	0
FFQ	74	0	0	0	0	0	0	0	0	0	0	0	212	0	0	0	0	0	0	0	0	0	0	0	0	0	647	0	0	0	0	0	0	0	0	0	0	0	21428	0
FFQ	75	0	0	0	0	0	0	0	0	0	0	0	284	0	0	0	0	0	0	0	0	0	0	0	0	0	672	0	0	0	0	0	0	0	0	0	0	0	21331	0
FFQ	76	0	0	0	0	0	0	0	0	0	0	0	259	0	0	0	0	0	0	0	0	0	0	0	0	0	658	0	0	0	0	0	0	0	0	0	0	0	21370	0
FFQ	77	0	0	0	0	0	0	0	0	0	0	0	236	0	0	0	0	0	0	0	0	0	0	0	0	0	696	0	0	0	0	0	0	0	0	0	0	0	21355	0
FFQ	78	0	0	0	0	0	0	0	0	0	0	0	261	0	0	0	0	0	0	0	0	0	0	0	0	0	662	0	0	0	0	0	0	0	0	0	0	0	21364	0
FFQ	79	0	0	0	0	0	0	0	0	0	0	0	253	0	0	0	0	0	0	0	0	0	0	0	0	0	709	0	0	0	0	0	0	0	0	0	0	0	21325	0
FFQ	80	0	0	0	0	0	0	0	0	0	0	0	214	0	0	0	0	0	0	0	0	0	0	0	0	0	680	0	0	0	0	0	0	0	0	0	0	0	21393	0
FFQ	81	0	0	0	0	0	0	0	0	0	0	0	220	0	0	0	0	0	0	0	0	0	0	0	0	0	682	0	0	0	0	0	0	0	0	0	0	0	21385	0
FFQ	82	0	0	0	0	0	0	0	0	0	0	0	293	0	0	0	0	0	0	0	0	0	0	0	0	0	769	0	0	0	0	0	0	0	0	0	0	0	21225	0
FFQ	83	0	0	0	0	0	0	0	0	0	0	0	301	0	0	0	0	0	0	0	0	0	0	0	0	0	762	0	0	0	0	0	0	0	0	0	0	0	21224	0
FFQ	84	0	0	0	0	0	0	0	0	0	0	0	367	0	0	0	0	0	0	0	0	0	0	0	0	0	866	0	0	0	0	0	0	0	0	0	0	0	21054	0
FFQ	85	0	0	0	0	0	0	0	0	0	0	0	389	0	0	0	0	0	0	0	0	0	0	0	0	0	898	0	0	0	0	0	0	0	0	0	0	0	21000	0
FFQ	86	0	0	0	0	0	0	0	0	0	0	0	368	0	0	0	0	0	0	0	0	0	0	0	0	0	825	0	0	0	0	0	0	0	0	0	0	0	21094	0
FFQ	87	0	0	0	0	0	0	0	0	0	0	0	351	0	0	0	0	0	0	0	0	0	0	0	0	0	877	0	0	0	0	0	0	0	0	0	0	0	21059	0
FFQ	88	0	0	0	0	0	0	0	0	0	0	0	355	0	0	0	0	0	0	0	0	0	0	0	0	0	885	0	0	0	0	0	0	0	0	0	0	0	21047	0
FFQ	89	0	0	0	0	0	0	0	0	0	0	0	295	0	0	0	0	0	0	0	0	0	0	0	0	0	901	0	0	0	0	0	0	0	0	0	0	0	21091	0
FFQ	90	0	0	0	0	0	0	0	0	0	0	0	273	0	0	0	0	0	0	0	0	0	0	0	0	0	805	0	0	0	0	0	0	0	0	0	0	0	21209	0
FFQ	91	0	0	0	0	0	0	0	0	0	0	0	280	0	0	0	0	0	0	0	0	0	0	0	0	0	759	0	0	0	0	0	0	0	0	0	0	0	21248	0
FFQ	92	0	0	0	0	0	0	0	0	0	0	0	305	0	0	0	0	0	0	0	0	0	0	0	0	0	780	0	0	0	0	0	0	0	0	0	0	0	21202	0
FFQ	93	0	0	0	0	0	0	0	0	0	0	0	307	0	0	0	0	0	0	0	0	0	0	0	0	0	796	0	0	0	0	0	0	0	0	0	0	0	21184	0
FFQ	94	0	0	0	0	0	0	0	0	0	0	0	305	0	0	0	0	0	0	0	0	0	0	0	0	0	765	0	0	0	0	0	0	0	0	0	0	0	21217	0
FFQ	95	0	0	0	0	0	0	0	0	0	0	0	242	0	0	0	0	0	0	0	0	0	0	0	0	0	714	0	0	0	0	0	0	0	0	0	0	0	21331	0
FFQ	96	0	0	0	0	0	0	0	0	0	0	0	323	0	0	0	0	0	0	0	0	0	0	0	0	0	698	0	0	0	0	0	0	0	0	0	0	0	21266	0
FFQ	97	0	0	0	0	0	0	0	0	0	0	0	294	0	0	0	0	0	0	0	0	0	0	0	0	0	686	0	0	0	0	0	0	0	0	0	0	0	21307	0
FFQ	98	0	0	0	0	0	0	0	0	0	0	0	367	0	0	0	0	0	0	0	0	0	0	0	0	0	809	0	0	0	0	0	0	0	0	0	0	0	21111	0
FFQ	99	0	0	0	0	0	0	0	0	0	0	0	287	0	0	0	0	0	0	0	0	0	0	0	0	0	722	0	0	0	0	0	0	0	0	0	0	0	21278	0
FFQ	100	0	0	0	0	0	0	0	0	0	0	0	287	0	0	0	0	0	0	0	0	0	0	0	0	0	755	0	0	0	0	0	0	0	0	0	0	0	21245	0
FFQ	101	0	0	0	0	0	0	0	0	0	0	0	289	0	0	0	0	0	0	0	0	0	0	0	0	0	708	0	0	0	0	0	0	0	0	0	0	0	21290	0
FFQ	102	0	0	0	0	0	0	0	0	0	0	0	320	0	0	0	0	0	0	0	0	0	0	0	0	0	743	0	0	0	0	0	0	0	0	0	0	0	21224	0
FFQ	103	0	0	0	0	0	0	0	0	0	0	0	295	0	0	0	0	0	0	0	0	0	0	0	0	0	730	0	0	0	0	0	0	0	0	0	0	0	21262	0
FFQ	104	0	0	0	0	0	0	0	0	0	0	0	293	0	0	0	0	0	0	0	0	0	0	0	0	0	717	0	0	0	0	0	0	0	0	0	0	0	21277	0
FFQ	105	0	0	0	0	0	0	0	0	0	0	0	268	0	0	0	0	0	0	0	0	0	0	0	0	0	705	0	0	0	0	0	0	0	0	0	0	0	21314	0
FFQ	106	0	0	0	0	0	0	0	0	0	0	0	272	0	0	0	0	0	0	0	0	0	0	0	0	0	661	0	0	0	0	0	0	0	0	0	0	0	21354	0
FFQ	107	0	0	0	0	0	0	0	0	0	0	0	315	0	0	0	0	0	0	0	0	0	0	0	0	0	664	0	0	0	0	0	0	0	0	0	0	0	21308	0
FFQ	108	0	0	0	0	0	0	0	0	0	0	0	349	0	0	0	0	0	0	0	0	0	0	0	0	0	771	0	0	0	0	0	0	0	0	0	0	0	21167	0
FFQ	109	0	0	0	0	0	0	0	0	0	0	0	327	0	0	0	0	0	0	0	0	0	0	0	0	0	763	0	0	0	0	0	0	0	0	0	0	0	21197	0
FFQ	110	0	0	0	0	0	0	0	0	0	0	0	387	0	0	0	0	0	0	0	0	0	0	0	0	0	793	0	0	0	0	0	0	0	0	0	0	0	21107	0
FFQ	111	0	0	0	0	0	0	0	0	0	0	0	357	0	0	0	0	0	0	0	0	0	0	0	0	0	684	0	0	0	0	0	0	0	0	0	0	0	21246	0
FFQ	112	0	0	0	0	0	0	0	0	0	0	0	336	0	0	0	0	0	0	0	0	0	0	0	0	0	706	0	0	0	0	0	0	0	0	0	0	0	21245	0
FFQ	113	0	0	0	0	0	0	0	0	0	0	0	317	0	0	0	0	0	0	0	0	0	0	0	0	0	764	0	0	0	0	0	0	0	0	0	0	0	21206	0
FFQ	114	0	0	0	0	0	0	0	0	0	0	0	360	0	0	0	0	0	0	0	0	0	0	0	0	0	820	0	0	0	0	0	0	0	0	0	0	0	21107	0
FFQ	115	0	0	0	0	0	0	0	0	0	0	0	337	0	0	0	0	0	0	0	0	0	0	0	0	0	734	0	0	0	0	0	0	0	0	0	0	0	21216	0
FFQ	116	0	0	0	0	0	0	0	0	0	0	0	335	0	0	0	0	0	0	0	0	0	0	0	0	0	832	0	0	0	0	0	0	0	0	0	0	0	21120	0
FFQ	117	0	0	0	0	0	0	0	0	0	0	0	348	0	0	0	0	0	0	0	0	0	0	0	0	0	853	0	0	0	0	0	0	0	0	0	0	0	21086	0
FFQ	118	0	0	0	0	0	0	0	0	0	0	0	342	0	0	0	0	0	0	0	0	0	0	0	0	0	777	0	0	0	0	0	0	0	0	0	0	0	21168	0
FFQ	119	0	0	0	0	0	0	0	0	0	0	0	410	0	0	0	0	0	0	0	0	0	0	0	0	0	922	0	0	0	0	0	0	0	0	0	0	0	20955	0
FFQ	120	0	0	0	0	0	0	0	0	0	0	0	393	0	0	0	0	0	0	0	0	0	0	0	0	0	878	0	0	0	0	0	0	0	0	0	0	0	21016	0
FFQ	121	0	0	0	0	0	0	0	0	0	0	0	425	0	0	0	0	0	0	0	0	0	0	0	0	0	934	0	0	0	0	0	0	0	0	0	0	0	20928	0
FFQ	122	0	0	0	0	0	0	0	0	0	0	0	391	0	0	0	0	0	0	0	0	0	0	0	0	0	881	0	0	0	0	0	0	0	0	0	0	0	21015	0
FFQ	123	0	0	0	0	0	0	0	0	0	0	0	439	0	0	0	0	0	0	0	0	0	0	0	0	0	973	0	0	0	0	0	0	0	0	0	0	0	20875	0
FFQ	124	0	0	0	0	0	0	0	0	0	0	0	433	0	0	0	0	0	0	0	0	0	0	0	0	0	917	0	0	0	0	0	0	0	0	0	0	0	20937	0
FFQ	125	0	0	0	0	0	0	0	0	0	0	0	403	0	0	0	0	0	0	0	0	0	0	0	0	0	1006	0	0	0	0	0	0	0	0	0	0	0	20878	0
FFQ	126	0	0	0	0	0	0	0	0	0	0	0	400	0	0	0	0	0	0	0	0	0	0	0	0	0	923	0	0	0	0	0	0	0	0	0	0	0	20964	0
FFQ	127	0	0	0	0	0	0	0	0	0	0	0	389	0	0	0	0	0	0	0	0	0	0	0	0	0	913	0	0	0	0	0	0	0	0	0	0	0	20985	0
FFQ	128	0	0	1	0	0	0	0	0	0	0	0	404	0	0	0	0	0	0	0	0	0	0	0	0	0	922	0	0	0	0	0	0	0	0	0	0	0	20960	0
FFQ	129	0	0	0	0	0	0	0	0	0	0	0	445	0	0	0	0	0	0	0	0	0	0	0	0	0	983	0	0	0	0	0	0	0	0	0	0	0	20859	0
FFQ	130	0	0	0	0	0	0	0	0	0	0	0	398	0	0	0	0	0	0	0	0	0	0	0	0	0	1032	0	0	0	0	0	0	0	0	0	0	0	20857	0
FFQ	131	0	0	0	0	0	0	0	0	0	0	0	379	0	0	0	0	0	0	0	0	0	0	0	0	0	860	0	0	0	0	0	0	0	0	0	0	0	21048	0
FFQ	132	0	0	0	0	0	0	0	0	0	0	0	422	0	0	0	0	0	0	0	0	0	0	0	0	0	931	0	0	0	0	0	0	0	0	0	0	0	20934	0
FFQ	133	0	0	0	0	0	0	0	0	0	0	0	488	0	0	0	0	0	0	0	0	0	0	0	0	0	1082	0	0	0	0	0	0	0	0	0	0	0	20717	0
FFQ	134	0	0	0	0	0	0	0	0	0	0	0	416	0	0	0	0	0	0	0	0	0	0	0	0	0	945	0	0	0	0	0	0	0	0	0	0	0	20926	0
FFQ	135	0	0	0	0	0	0	0	0	0	0	0	431	0	0	0	0	0	0	0	0	0	0	0	0	0	926	0	0	0	0	0	0	0	0	0	0	0	20930	0
FFQ	136	0	0	0	0	0	0	0	0	0	0	0	441	0	0	0	0	0	0	0	0	0	0	0	0	0	992	0	0	0	0	0	0	0	0	0	0	0	20854	0
FFQ	137	0	0	0	0	0	0	0	0	0	0	0	505	0	0	0	0	0	0	0	0	0	0	0	0	0	1153	0	0	0	0	0	0	0	0	0	0	0	20629	0
FFQ	138	0	0	0	0	0	0	0	0	0	0	0	430	0	0	0	0	0	0	0	0	0	0	0	0	0	1013	0	0	0	0	0	0	0	0	0	0	0	20844	0
FFQ	139	0	0	0	0	0	0	0	0	0	0	0	463	0	0	0	0	0	0	0	0	0	0	0	0	0	1041	0	0	0	0	0	0	0	0	0	0	0	20783	0
FFQ	140	0	0	0	0	0	0	0	0	0	0	0	499	0	0	0	0	0	0	0	0	0	0	0	0	0	1091	0	0	0	0	0	0	0	0	0	0	0	20697	0
FFQ	141	0	0	0	0	0	0	0	0	0	0	0	437	0	0	0	0	0	0	0	0	0	0	0	0	0	951	0	0	0	0	0	0	0	0	0	0	0	20899	0
FFQ	142	0	0	0	0	0	0	0	0	0	0	0	504	0	0	0	0	0	0	0	0	0	0	0	0	0	1046	0	0	0	0	0	0	0	0	0	0	0	20737	0
FFQ	143	0	0	0	0	0	0	0	0	0	0	0	422	0	0	0	0	0	0	0	0	0	0	0	0	0	939	0	0	0	0	0	0	0	0	0	0	0	20926	0
FFQ	144	0	0	0	0	0	0	0	0	0	0	0	496	0	0	0	0	0	0	0	0	0	0	0	0	0	1016	0	0	0	0	0	0	0	0	0	0	0	20773	0
FFQ	145	0	0	0	0	0	0	0	0	0	0	0	498	0	0	0	0	0	0	0	0	0	0	0	0	0	1071	0	0	0	0	0	0	0	0	0	0	0	20716	0
FFQ	146	0	0	0	0	0	0	0	0	0	0	0	496	0	0	0	0	0	0	0	0	0	0	0	0	0	1080	0	0	0	0	0	0	0	0	0	0	0	20709	0
FFQ	147	0	0	0	0	0	0	0	0	0	0	0	478	0	0	0	0	0	0	0	0	0	0	0	0	0	1171	0	0	0	0	0	0	0	0	0	0	0	20519	0
FFQ	148	0	0	0	0	0	0	0	0	0	0	0	547	0	0	0	0	0	0	0	0	0	0	0	0	0	1246	0	0	0	0	0	0	0	0	0	0	0	20171	0
FFQ	149	0	0	0	0	0	0	0	0	0	0	0	605	0	0	0	0	0	0	0	0	0	0	0	0	0	1199	0	0	0	0	0	0	0	0	0	0	0	20160	0
FFQ	150	0	0	0	0	0	0	0	0	0	0	0	549	0	0	0	0	0	0	0	0	0	0	0	0	0	1194	0	0	0	0	0	0	0	0	0	0	0	20217	0
# Last Fragment Qualities. Use `grep ^LFQ | cut -f 2-` to extract this part.
# Columns correspond to qualities and rows to cycles. First column is the cycle number.
LFQ	1	0	0	0	0	0	0	0	0	0	0	0	179	0	0	0	0	0	0	0	0	0	0	0	0	0	509	0	0	0	0	0	0	0	0	0	0	0	21601	0
LFQ	2	0	0	0	0	0	0	0	0	0	0	0	172	0	0	0	0	0	0	0	0	0	0	0	0	0	586	0	0	0	0	0	0	0	0	0	0	0	21531	0
LFQ	3	0	0	0	0	0	0	0	0	0	0	0	164	0	0	0	0	0	0	0	0	0	0	0	0	0	509	0	0	0	0	0	0	0	0	0	0	0	21616	0
LFQ	4	0	0	0	0	0	0	0	0	0	0	0	137	0	0	0	0	0	0	0	0	0	0	0	0	0	475	0	0	0	0	0	0	0	0	0	0	0	21677	0
LFQ	5	0	0	0	0	0	0	0	0	0	0	0	145	0	0	0	0	0	0	0	0	0	0	0	0	0	400	0	0	0	0	0	0	0	0	0	0	0	21744	0
LFQ	6	0	0	0	0	0	0	0	0	0	0	0	139	0	0	0	0	0	0	0	0	0	0	0	0	0	439	0	0	0	0	0	0	0	0	0	0	0	21711	0
LFQ	7	0	0	0	0	0	0	0	0	0	0	0	165	0	0	0	0	0	0	0	0	0	0	0	0	0	484	0	0	0	0	0	0	0	0	0	0	0	21640	0
LFQ	8	0	0	0	0	0	0	0	0	0	0	0	151	0	0	0	0	0	0	0	0	0	0	0	0	0	398	0	0	0	0	0	0	0	0	0	0	0	21740	0
LFQ	9	0	0	1	0	0	0	0	0	0	0	0	119	0	0	0	0	0	0	0	0	0	0	0	0	0	450	0	0	0	0	0	0	0	0	0	0	0	21719	0
LFQ	10	0	0	0	0	0	0	0	0	0	0	0	142	0	0	0	0	0	0	0	0	0	0	0	0	0	457	0	0	0	0	0	0	0	0	0	0	0	21690	0
LFQ	11	0	0	0	0	0	0	0	0	0	0	0	151	0	0	0	0	0	0	0	0	0	0	0	0	0	418	0	0	0	0	0	0	0	0	0	0	0	21720	0
LFQ	12	0	0	0	0	0	0	0	0	0	0	0	135	0	0	0	0	0	0	0	0	0	0	0	0	0	429	0	0	0	0	0	0	0	0	0	0	0	21725	0
LFQ	13	0	0	0	0	0	0	0	0	0	0	0	158	0	0	0	0	0	0	0	0	0	0	0	0	0	429	0	0	0	0	0	0	0	0	0	0	0	21702	0
LFQ	14	0	0	0	0	0	0	0	0	0	0	0	156	0	0	0	0	0	0	0	0	0	0	0	0	0	448	0	0	0	0	0	0	0	0	0	0	0	21685	0
LFQ	15	0	0	0	0	0	0	0	0	0	0	0	174	0	0	0	0	0	0	0	0	0	0	0	0	0	450	0	0	0	0	0	0	0	0	0	0	0	21665	0
LFQ	16	0	0	0	0	0	0	0	0	0	0	0	156	0	0	0	0	0	0	0	0	0	0	0	0	0	493	0	0	0	0	0	0	0	0	0	0	0	21640	0
LFQ	17	0	0	0	0	0	0	0	0	0	0	0	148	0	0	0	0	0	0	0	0	0	0	0	0	0	461	0	0	0	0	0	0	0	0	0	0	0	21680	0
LFQ	18	0	0	0	0	0	0	0	0	0	0	0	134	0	0	0	0	0	0	0	0	0	0	0	0	0	511	0	0	0	0	0	0	0	0	0	0	0	21644	0
LFQ	19	0	0	0	0	0	0	0	0	0	0	0	140	0	0	0	0	0	0	0	0	0	0	0	0	0	459	0	0	0	0	0	0	0	0	0	0	0	21690	0
LFQ	20	0	0	0	0	0	0	0	0	0	0	0	144	0	0	0	0	0	0	0	0	0	0	0	0	0	445	0	0	0	0	0	0	0	0	0	0	0	21700	0
LFQ	21	0	0	0	0	0	0	0	0	0	0	0	171	0	0	0	0	0	0	0	0	0	0	0	0	0	480	0	0	0	0	0	0	0	0	0	0	0	21638	0
LFQ	22	0	0	0	0	0	0	0	0	0	0	0	150	0	0	0	0	0	0	0	0	0	0	0	0	0	454	0	0	0	0	0	0	0	0	0	0	0	21685	0
LFQ	23	0	0	0	0	0	0	0	0	0	0	0	178	0	0	0	0	0	0	0	0	0	0	0	0	0	519	0	0	0	0	0	0	0	0	0	0	0	21592	0
LFQ	24	0	0	0	0	0	0	0	0	0	0	0	174	0	0	0	0	0	0	0	0	0	0	0	0	0	486	0	0	0	0	0	0	0	0	0	0	0	21629	0
LFQ	25	0	0	0	0	0	0	0	0	0	0	0	152	0	0	0	0	0	0	0	0	0	0	0	0	0	508	0	0	0	0	0	0	0	0	0	0	0	21629	0
LFQ	26	0	0	0	0	0	0	0	0	0	0	0	149	0	0	0	0	0	0	0	0	0	0	0	0	0	528	0	0	0	0	0	0	0	0	0	0	0	21612	0
LFQ	27	0	0	0	0	0	0	0	0	0	0	0	182	0	0	0	0	0	0	0	0	0	0	0	0	0	529	0	0	0	0	0	0	0	0	0	0	0	21578	0
LFQ	28	0	0	0	0	0	0	0	0	0	0	0	168	0	0	0	0	0	0	0	0	0	0	0	0	0	515	0	0	0	0	0	0	0	0	0	0	0	21606	0
LFQ	29	0	0	0	0	0	0	0	0	0	0	0	167	0	0	0	0	0	0	0	0	0	0	0	0	0	588	0	0	0	0	0	0	0	0	0	0	0	21534	0
LFQ	30	0	0	0	0	0	0	0	0	0	0	0	163	0	0	0	0	0	0	0	0	0	0	0	0	0	530	0	0	0	0	0	0	0	0	0	0	0	21596	0
LFQ	31	0	0	0	0	0	0	0	0	0	0	0	172	0	0	0	0	0	0	0	0	0	0	0	0	0	557	0	0	0	0	0	0	0	0	0	0	0	21560	0
LFQ	32	0	0	0	0	0	0	0	0	0	0	0	178	0	0	0	0	0	0	0	0	0	0	0	0	0	586	0	0	0	0	0	0	0	0	0	0	0	21525	0
LFQ	33	0	0	0	0	0	0	0	0	0	0	0	166	0	0	0	0	0	0	0	0	0	0	0	0	0	552	0	0	0	0	0	0	0	0	0	0	0	21571	0
LFQ	34	0	0	0	0	0	0	0	0	0	0	0	177	0	0	0	0	0	0	0	0	0	0	0	0	0	542	0	0	0	0	0	0	0	0	0	0	0	21570	0
LFQ	35	0	0	0	0	0	0	0	0	0	0	0	207	0	0	0	0	0	0	0	0	0	0	0	0	0	569	0	0	0	0	0	0	0	0	0	0	0	21513	0
LFQ	36	0	0	0	0	0	0	0	0	0	0	0	205	0	0	0	0	0	0	0	0	0	0	0	0	0	545	0	0	0	0	0	0	0	0	0	0	0	21539	0
LFQ	37	0	0	1	0	0	0	0	0	0	0	0	188	0	0	0	0	0	0	0	0	0	0	0	0	0	583	0	0	0	0	0	0	0	0	0	0	0	21517	0
LFQ	38	0	0	0	0	0	0	0	0	0	0	0	211	0	0	0	0	0	0	0	0	0	0	0	0	0	517	0	0	0	0	0	0	0	0	0	0	0	21561	0
LFQ	39	0	0	0	0	0	0	0	0	0	0	0	201	0	0	0	0	0	0	0	0	0	0	0	0	0	616	0	0	0	0	0	0	0	0	0	0	0	21472	0
LFQ	40	0	0	0	0	0	0	0	0	0	0	0	227	0	0	0	0	0	0	0	0	0	0	0	0	0	625	0	0	0	0	0	0	0	0	0	0	0	21437	0
LFQ	41	0	0	1	0	0	0	0	0	0	0	0	216	0	0	0	0	0	0	0	0	0	0	0	0	0	563	0	0	0	0	0	0	0	0	0	0	0	21509	0
LFQ	42	0	0	0	0	0	0	0	0	0	0	0	201	0	0	0	0	0	0	0	0	0	0	0	0	0	635	0	0	0	0	0	0	0	0	0	0	0	21453	0
LFQ	43	0	0	0	0	0	0	0	0	0	0	0	193	0	0	0	0	0	0	0	0	0	0	0	0	0	566	0	0	0	0	0	0	0	0	0	0	0	21530	0
LFQ	44	0	0	0	0	0	0	0	0	0	0	0	214	0	0	0	0	0	0	0	0	0	0	0	0	0	552	0	0	0	0	0	0	0	0	0	0	0	21523	0
LFQ	45	0	0	0	0	0	0	0	0	0	0	0	180	0	0	0	0	0	0	0	0	0	0	0	0	0	632	0	0	0	0	0	0	0	0	0	0	0	21477	0
LFQ	46	0	0	0	0	0	0	0	0	0	0	0	196	0	0	0	0	0	0	0	0	0	0	0	0	0	550	0	0	0	0	0	0	0	0	0	0	0	21543	0
LFQ	47	0	0	0	0	0	0	0	0	0	0	0	235	0	0	0	0	0	0	0	0	0	0	0	0	0	657	0	0	0	0	0	0	0	0	0	0	0	21397	0
LFQ	48	0	0	0	0	0	0	0	0	0	0	0	203	0	0	0	0	0	0	0	0	0	0	0	0	0	566	0	0	0	0	0	0	0	0	0	0	0	21520	0
LFQ	49	0	0	0	0	0	0	0	0	0	0	0	243	0	0	0	0	0	0	0	0	0	0	0	0	0	616	0	0	0	0	0	0	0	0	0	0	0	21430	0
LFQ	50	0	0	0	0	0	0	0	0	0	0	0	196	0	0	0	0	0	0	0	0	0	0	0	0	0	628	0	0	0	0	0	0	0	0	0	0	0	21465	0
LFQ	51	0	0	0	0	0	0	0	0	0	0	0	238	0	0	0	0	0	0	0	0	0	0	0	0	0	583	0	0	0	0	0	0	0	0	0	0	0	21468	0
LFQ	52	0	0	0	0	0	0	0	0	0	0	0	209	0	0	0	0	0	0	0	0	0	0	0	0	0	589	0	0	0	0	0	0	0	0	0	0	0	21491	0
LFQ	53	0	0	0	0	0	0	0	0	0	0	0	199	0	0	0	0	0	0	0	0	0	0	0	0	0	655	0	0	0	0	0	0	0	0	0	0	0	21435	0
LFQ	54	0	0	0	0	0	0	0	0	0	0	0	245	0	0	0	0	0	0	0	0	0	0	0	0	0	630	0	0	0	0	0	0	0	0	0	0	0	21414	0
LFQ	55	0	0	0	0	0	0	0	0	0	0	0	219	0	0	0	0	0	0	0	0	0	0	0	0	0	642	0	0	0	0	0	0	0	0	0	0	0	21428	0
LFQ	56	0	0	0	0	0	0	0	0	0	0	0	223	0	0	0	0	0	0	0	0	0	0	0	0	0	577	0	0	0	0	0	0	0	0	0	0	0	21489	0
LFQ	57	0	0	0	0	0	0	0	0	0	0	0	194	0	0	0	0	0	0	0	0	0	0	0	0	0	613	0	0	0	0	0	0	0	0	0	0	0	21482	0
LFQ	58	0	0	0	0	0	0	0	0	0	0	0	220	0	0	0	0	0	0	0	0	0	0	0	0	0	698	0	0	0	0	0	0	0	0	0	0	0	21371	0
LFQ	59	0	0	0	0	0	0	0	0	0	0	0	242	0	0	0	0	0	0	0	0	0	0	0	0	0	636	0	0	0	0	0	0	0	0	0	0	0	21411	0
LFQ	60	0	0	0	0	0	0	0	0	0	0	0	222	0	0	0	0	0	0	0	0	0	0	0	0	0	603	0	0	0	0	0	0	0	0	0	0	0	21464	0
LFQ	61	0	0	0	0	0	0	0	0	0	0	0	255	0	0	0	0	0	0	0	0	0	0	0	0	0	676	0	0	0	0	0	0	0	0	0	0	0	21358	0
LFQ	62	0	0	0	0	0	0	0	0	0	0	0	286	0	0	0	0	0	0	0	0	0	0	0	0	0	660	0	0	0	0	0	0	0	0	0	0	0	21343	0
LFQ	63	0	0	0	0	0	0	0	0	0	0	0	223	0	0	0	0	0	0	0	0	0	0	0	0	0	686	0	0	0	0	0	0	0	0	0	0	0	21380	0
LFQ	64	0	0	0	0	0	0	0	0	0	0	0	271	0	0	0	0	0	0	0	0	0	0	0	0	0	707	0	0	0	0	0	0	0	0	0	0	0	21311	0
LFQ	65	0	0	0	0	0	0	0	0	0	0	0	216	0	0	0	0	0	0	0	0	0	0	0	0	0	628	0	0	0	0	0	0	0	0	0	0	0	21445	0
LFQ	66	0	0	0	0	0	0	0	0	0	0	0	210	0	0	0	0	0	0	0	0	0	0	0	0	0	626	0	0	0	0	0	0	0	0	0	0	0	21453	0
LFQ	67	0	0	0	0	0	0	0	0	0	0	0	238	0	0	0	0	0	0	0	0	0	0	0	0	0	670	0	0	0	0	0	0	0	0	0	0	0	21381	0
LFQ	68	0	0	0	0	0	0	0	0	0	0	0	240	0	0	0	0	0	0	0	0	0	0	0	0	0	677	0	0	0	0	0	0	0	0	0	0	0	21372	0
LFQ	69	0	0	0	0	0	0	0	0	0	0	0	234	0	0	0	0	0	0	0	0	0	0	0	0	0	708	0	0	0	0	0	0	0	0	0	0	0	21347	0
LFQ	70	0	0	0	0	0	0	0	0	0	0	0	237	0	0	0	0	0	0	0	0	0	0	0	0	0	665	0	0	0	0	0	0	0	0	0	0	0	21387	0
LFQ	71	0	0	1	0	0	0	0	0	0	0	0	238	0	0	0	0	0	0	0	0	0	0	0	0	0	672	0	0	0	0	0	0	0	0	0	0	0	21378	0
LFQ	72	0	0	0	0	0	0	0	0	0	0	0	303	0	0	0	0	0	0	0	0	0	0	0	0	0	653	0	0	0	0	0	0	0	0	0	0	0	21333	0
LFQ	73	0	0	0	0	0	0	0	0	0	0	0	264	0	0	0	0	0	0	0	0	0	0	0	0	0	664	0	0	0	0	0	0	0	0	0	0	0	21361	0
LFQ	74	0	0	0	0	0	0	0	0	0	0	0	247	0	0	0	0	0	0	0	0	0	0	0	0	0	693	0	0	0	0	0	0	0	0	0	0	0	21349	0
LFQ	75	0	0	0	0	0	0	0	0	0	0	0	245	0	0	0	0	0	0	0	0	0	0	0	0	0	763	0	0	0	0	0	0	0	0	0	0	0	21281	0
LFQ	76	0	0	0	0	0	0	0	0	0	0	0	253	0	0	0	0	0	0	0	0	0	0	0	0	0	683	0	0	0	0	0	0	0	0	0	0	0	21353	0
LFQ	77	0	0	1	0	0	0	0	0	0	0	0	286	0	0	0	0	0	0	0	0	0	0	0	0	0	722	0	0	0	0	0	0	0	0	0	0	0	21280	0
LFQ	78	0	0	0	0	0	0	0	0	0	0	0	248	0	0	0	0	0	0	0	0	0	0	0	0	0	683	0	0	0	0	0	0	0	0	0	0	0	21358	0
LFQ	79	0	0	0	0	0	0	0	0	0	0	0	222	0	0	0	0	0	0	0	0	0	0	0	0	0	663	0	0	0	0	0	0	0	0	0	0	0	21404	0
LFQ	80	0	0	0	0	0	0	0	0	0	0	0	271	0	0	0	0	0	0	0	0	0	0	0	0	0	735	0	0	0	0	0	0	0	0	0	0	0	21283	0
LFQ	81	0	0	0	0	0	0	0	0	0	0	0	274	0	0	0	0	0	0	0	0	0	0	0	0	0	708	0	0	0	0	0	0	0	0	0	0	0	21307	0
LFQ	82	0	0	0	0	0	0	0	0	0	0	0	231	0	0	0	0	0	0	0	0	0	0	0	0	0	640	0	0	0	0	0	0	0	0	0	0	0	21418	0
LFQ	83	0	0	0	0	0	0	0	0	0	0	0	243	0	0	0	0	0	0	0	0	0	0	0	0	0	654	0	0	0	0	0	0	0	0	0	0	0	21392	0
LFQ	84	0	0	0	0	0	0	0	0	0	0	0	245	0	0	0	0	0	0	0	0	0	0	0	0	0	677	0	0	0	0	0	0	0	0	0	0	0	21367	0
LFQ	85	0	0	0	0	0	0	0	0	0	0	0	281	0	0	0	0	0	0	0	0	0	0	0	0	0	687	0	0	0	0	0	0	0	0	0	0	0	21321	0
LFQ	86	0	0	0	0	0	0	0	0	0	0	0	236	0	0	0	0	0	0	0	0	0	0	0	0	0	669	0	0	0	0	0	0	0	0	0	0	0	21384	0
LFQ	87	0	0	2	0	0	0	0	0	0	0	0	264	0	0	0	0	0	0	0	0	0	0	0	0	0	712	0	0	0	0	0	0	0	0	0	0	0	21311	0
LFQ	88	0	0	0	0	0	0	0	0	0	0	0	295	0	0	0	0	0	0	0	0	0	0	0	0	0	803	0	0	0	0	0	0	0	0	0	0	0	21191	0
LFQ	89	0	0	0	0	0	0	0	0	0	0	0	284	0	0	0	0	0	0	0	0	0	0	0	0	0	761	0	0	0	0	0	0	0	0	0	0	0	21244	0
LFQ	90	0	0	0	0	0	0	0	0	0	0	0	339	0	0	0	0	0	0	0	0	0	0	0	0	0	726	0	0	0	0	0	0	0	0	0	0	0	21224	0
LFQ	91	0	0	0	0	0	0	0	0	0	0	0	311	0	0	0	0	0	0	0	0	0	0	0	0	0	793	0	0	0	0	0	0	0	0	0	0	0	21185	0
LFQ	92	0	0	0	0	0	0	0	0	0	0	0	292	0	0	0	0	0	0	0	0	0	0	0	0	0	729	0	0	0	0	0	0	0	0	0	0	0	21268	0
LFQ	93	0	0	0	0	0	0	0	0	0	0	0	295	0	0	0	0	0	0	0	0	0	0	0	0	0	707	0	0	0	0	0	0	0	0	0	0	0	21287	0
LFQ	94	0	0	0	0	0	0	0	0	0	0	0	248	0	0	0	0	0	0	0	0	0	0	0	0	0	737	0	0	0	0	0	0	0	0	0	0	0	21304	0
LFQ	95	0	0	0	0	0	0	0	0	0	0	0	256	0	0	0	0	0	0	0	0	0	0	0	0	0	764	0	0	0	0	0	0	0	0	0	0	0	21269	0
LFQ	96	0	0	0	0	0	0	0	0	0	0	0	294	0	0	0	0	0	0	0	0	0	0	0	0	0	805	0	0	0	0	0	0	0	0	0	0	0	21190	0
LFQ	97	0	0	1	0	0	0	0	0	0	0	0	284	0	0	0	0	0	0	0	0	0	0	0	0	0	782	0	0	0	0	0	0	0	0	0	0	0	21222	0
LFQ	98	0	0	0	0	0	0	0	0	0	0	0	321	0	0	0	0	0	0	0	0	0	0	0	0	0	766	0	0	0	0	0	0	0	0	0	0	0	21202	0
LFQ	99	0	0	0	0	0	0	0	0	0	0	0	360	0	0	0	0	0	0	0	0	0	0	0	0	0	852	0	0	0	0	0	0	0	0	0	0	0	21077	0
LFQ	100	0	0	0	0	0	0	0	0	0	0	0	271	0	0	0	0	0	0	0	0	0	0	0	0	0	765	0	0	0	0	0	0	0	0	0	0	0	21253	0
LFQ	101	0	0	0	0	0	0	0	0	0	0	0	297	0	0	0	0	0	0	0	0	0	0	0	0	0	782	0	0	0	0	0	0	0	0	0	0	0	21210	0
LFQ	102	0	0	0	0	0	0	0	0	0	0	0	273	0	0	0	0	0	0	0	0	0	0	0	0	0	857	0	0	0	0	0	0	0	0	0	0	0	21159	0
LFQ	103	0	0	0	0	0	0	0	0	0	0	0	288	0	0	0	0	0	0	0	0	0	0	0	0	0	825	0	0	0	0	0	0	0	0	0	0	0	21176	0
LFQ	104	0	0	0	0	0	0	0	0	0	0	0	284	0	0	0	0	0	0	0	0	0	0	0	0	0	793	0	0	0	0	0	0	0	0	0	0	0	21212	0
LFQ	105	0	0	0	0	0	0	0	0	0	0	0	284	0	0	0	0	0	0	0	0	0	0	0	0	0	781	0	0	0	0	0	0	0	0	0	0	0	21224	0
LFQ	106	0	0	0	0	0	0	0	0	0	0	0	308	0	0	0	0	0	0	0	0	0	0	0	0	0	761	0	0	0	0	0	0	0	0	0	0	0	21220	0
LFQ	107	0	0	0	0	0	0	0	0	0	0	0	312	0	0	0	0	0	0	0	0	0	0	0	0	0	815	0	0	0	0	0	0	0	0	0	0	0	21162	0
LFQ	108	0	0	0	0	0	0	0	0	0	0	0	299	0	0	0	0	0	0	0	0	0	0	0	0	0	773	0	0	0	0	0	0	0	0	0	0	0	21217	0
LFQ	109	0	0	0	0	0	0	0	0	0	0	0	287	0	0	0	0	0	0	0	0	0	0	0	0	0	771	0	0	0	0	0	0	0	0	0	0	0	21231	0
LFQ	110	0	0	0	0	0	0	0	0	0	0	0	327	0	0	0	0	0	0	0	0	0	0	0	0	0	912	0	0	0	0	0	0	0	0	0	0	0	21050	0
LFQ	111	0	0	0	0	0	0	0	0	0	0	0	300	0	0	0	0	0	0	0	0	0	0	0	0	0	797	0	0	0	0	0	0	0	0	0	0	0	21192	0
LFQ	112	0	0	0	0	0	0	0	0	0	0	0	344	0	0	0	0	0	0	0	0	0	0	0	0	0	825	0	0	0	0	0	0	0	0	0	0	0	21120	0
LFQ	113	0	0	0	0	0	0	0	0	0	0	0	357	0	0	0	0	0	0	0	0	0	0	0	0	0	829	0	0	0	0	0	0	0	0	0	0	0	21103	0
LFQ	114	0	0	0	0	0	0	0	0	0	0	0	321	0	0	0	0	0	0	0	0	0	0	0	0	0	896	0	0	0	0	0	0	0	0	0	0	0	21072	0
LFQ	115	0	0	0	0	0	0	0	0	0	0	0	352	0	0	0	0	0	0	0	0	0	0	0	0	0	872	0	0	0	0	0	0	0	0	0	0	0	21065	0
LFQ	116	0	0	0	0	0	0	0	0	0	0	0	344	0	0	0	0	0	0	0	0	0	0	0	0	0	870	0	0	0	0	0	0	0	0	0	0	0	21075	0
LFQ	117	0	0	0	0	0	0	0	0	0	0	0	365	0	0	0	0	0	0	0	0	0	0	0	0	0	873	0	0	0	0	0	0	0	0	0	0	0	21051	0
LFQ	118	0	0	0	0	0	0	0	0	0	0	0	334	0	0	0	0	0	0	0	0	0	0	0	0	0	1015	0	0	0	0	0	0	0	0	0	0	0	20940	0
LFQ	119	0	0	0	0	0	0	0	0	0	0	0	323	0	0	0	0	0	0	0	0	0	0	0	0	0	917	0	0	0	0	0	0	0	0	0	0	0	21049	0
LFQ	120	0	0	0	0	0	0	0	0	0	0	0	360	0	0	0	0	0	0	0	0	0	0	0	0	0	1003	0	0	0	0	0	0	0	0	0	0	0	20926	0
LFQ	121	0	0	1	0	0	0	0	0	0	0	0	344	0	0	0	0	0	0	0	0	0	0	0	0	0	926	0	0	0	0	0	0	0	0	0	0	0	21018	0
LFQ	122	0	0	0	0	0	0	0	0	0	0	0	325	0	0	0	0	0	0	0	0	0	0	0	0	0	934	0	0	0	0	0	0	0	0	0	0	0	21030	0
LFQ	123	0	0	0	0	0	0	0	0	0	0	0	408	0	0	0	0	0	0	0	0	0	0	0	0	0	970	0	0	0	0	0	0	0	0	0	0	0	20911	0
LFQ	124	0	0	0	0	0	0	0	0	0	0	0	470	0	0	0	0	0	0	0	0	0	0	0	0	0	1101	0	0	0	0	0	0	0	0	0	0	0	20718	0
LFQ	125	0	0	0	0	0	0	0	0	0	0	0	488	0	0	0	0	0	0	0	0	0	0	0	0	0	1117	0	0	0	0	0	0	0	0	0	0	0	20684	0
LFQ	126	0	0	0	0	0	0	0	0	0	0	0	446	0	0	0	0	0	0	0	0	0	0	0	0	0	1082	0	0	0	0	0	0	0	0	0	0	0	20761	0
LFQ	127	0	0	0	0	0	0	0	0	0	0	0	416	0	0	0	0	0	0	0	0	0	0	0	0	0	1164	0	0	0	0	0	0	0	0	0	0	0	20709	0
LFQ	128	0	0	0	0	0	0	0	0	0	0	0	393	0	0	0	0	0	0	0	0	0	0	0	0	0	1085	0	0	0	0	0	0	0	0	0	0	0	20811	0
LFQ	129	0	0	0	0	0	0	0	0	0	0	0	451	0	0	0	0	0	0	0	0	0	0	0	0	0	1093	0	0	0	0	0	0	0	0	0	0	0	20745	0
LFQ	130	0	0	0	0	0	0	0	0	0	0	0	424	0	0	0	0	0	0	0	0	0	0	0	0	0	1027	0	0	0	0	0	0	0	0	0	0	0	20838	0
LFQ	131	0	0	0	0	0	0	0	0	0	0	0	523	0	0	0	0	0	0	0	0	0	0	0	0	0	1170	0	0	0	0	0	0	0	0	0	0	0	20596	0
LFQ	132	0	0	0	0	0	0	0	0	0	0	0	430	0	0	0	0	0	0	0	0	0	0	0	0	0	1145	0	0	0	0	0	0	0	0	0	0	0	20714	0
LFQ	133	0	0	0	0	0	0	0	0	0	0	0	475	0	0	0	0	0	0	0	0	0	0	0	0	0	1124	0	0	0	0	0	0	0	0	0	0	0	20690	0
LFQ	134	0	0	0	0	0	0	0	0	0	0	0	433	0	0	0	0	0	0	0	0	0	0	0	0	0	1024	0	0	0	0	0	0	0	0	0	0	0	20832	0
LFQ	135	0	0	0	0	0	0	0	0	0	0	0	453	0	0	0	0	0	0	0	0	0	0	0	0	0	1058	0	0	0	0	0	0	0	0	0	0	0	20778	0
LFQ	136	0	0	0	0	0	0	0	0	0	0	0	383	0	0	0	0	0	0	0	0	0	0	0	0	0	1028	0	0	0	0	0	0	0	0	0	0	0	20878	0
LFQ	137	0	0	0	0	0	0	0	0	0	0	0	406	0	0	0	0	0	0	0	0	0	0	0	0	0	1109	0	0	0	0	0	0	0	0	0	0	0	20774	0
LFQ	138	0	0	0	0	0	0	0	0	0	0	0	456	0	0	0	0	0	0	0	0	0	0	0	0	0	1078	0	0	0	0	0	0	0	0	0	0	0	20743	0
LFQ	139	0	0	0	0	0	0	0	0	0	0	0	441	0	0	0	0	0	0	0	0	0	0	0	0	0	1104	0	0	0	0	0	0	0	0	0	0	0	20720	0
LFQ	140	0	0	0	0	0	0	0	0	0	0	0	484	0	0	0	0	0	0	0	0	0	0	0	0	0	1152	0	0	0	0	0	0	0	0	0	0	0	20607	0
LFQ	141	0	0	0	0	0	0	0	0	0	0	0	499	0	0	0	0	0	0	0	0	0	0	0	0	0	1290	0	0	0	0	0	0	0	0	0	0	0	20437	0
LFQ	142	0	0	0	0	0	0	0	0	0	0	0	475	0	0	0	0	0	0	0	0	0	0	0	0	0	1156	0	0	0	0	0	0	0	0	0	0	0	20581	0
LFQ	143	0	0	0	0	0	0	0	0	0	0	0	484	0	0	0	0	0	0	0	0	0	0	0	0	0	1145	0	0	0	0	0	0	0	0	0	0	0	20564	0
LFQ	144	0	0	0	0	0	0	0	0	0	0	0	479	0	0	0	0	0	0	0	0	0	0	0	0	0	1160	0	0	0	0	0	0	0	0	0	0	0	20539	0
LFQ	145	0	0	1	0	0	0	0	0	0	0	0	471	0	0	0	0	0	0	0	0	0	0	0	0	0	1175	0	0	0	0	0	0	0	0	0	0	0	20514	0
LFQ	146	0	0	0	0	0	0	0	0	0	0	0	503	0	0	0	0	0	0	0	0	0	0	0	0	0	1126	0	0	0	0	0	0	0	0	0	0	0	20515	0
LFQ	147	0	0	0	0	0	0	0	0	0	0	0	473	0	0	0	0	0	0	0	0	0	0	0	0	0	1180	0	0	0	0	0	0	0	0	0	0	0	20431	0
LFQ	148	0	0	0	0	0	0	0	0	0	0	0	495	0	0	0	0	0	0	0	0	0	0	0	0	0	1084	0	0	0	0	0	0	0	0	0	0	0	20225	0
LFQ	149	0	0	0	0	0	0	0	0	0	0	0	509	0	0	0	0	0	0	0	0	0	0	0	0	0	1237	0	0	0	0	0	0	0	0	0	0	0	20058	0
LFQ	150	0	0	0	0	0	0	0	0	0	0	0	553	0	0	0	0	0	0	0	0	0	0	0	0	0	1316	0	0	0	0	0	0	0	0	0	0	0	19923	0
# GC Content of first fragments. Use `grep ^GCF | cut -f 2-` to extract this part.
GCF	0.25	0
GCF	0.75	1
GCF	2.76	0
GCF	4.77	2
GCF	5.28	0
GCF	6.28	1
GCF	7.29	0
GCF	8.04	2
GCF	9.05	0
GCF	10.05	1
GCF	12.06	0
GCF	14.07	1
GCF	18.84	0
GCF	23.37	1
GCF	24.12	3
GCF	25.88	2
GCF	27.39	3
GCF	28.14	10
GCF	28.89	5
GCF	29.40	8
GCF	30.15	11
GCF	30.90	13
GCF	31.41	35
GCF	32.16	41
GCF	32.91	66
GCF	33.42	252
GCF	33.92	140
GCF	34.67	215
GCF	35.43	142
GCF	35.93	146
GCF	36.43	34
GCF	36.93	35
GCF	37.44	12
GCF	37.94	54
GCF	38.44	827
GCF	38.94	825
GCF	39.45	1695
GCF	39.95	1443
GCF	40.45	1558
GCF	40.95	1553
GCF	41.46	2010
GCF	41.96	424
GCF	42.46	268
GCF	42.96	267
GCF	43.47	447
GCF	43.97	890
GCF	44.47	2061
GCF	44.97	2051
GCF	45.48	2962
GCF	45.98	3438
GCF	46.48	1911
GCF	46.98	1915
GCF	47.49	788
GCF	47.99	261
GCF	48.49	144
GCF	48.99	119
GCF	49.50	34
GCF	50.00	1
# GC Content of last fragments. Use `grep ^GCL | cut -f 2-` to extract this part.
GCL	0.75	0
GCL	2.01	1
GCL	4.02	0
GCL	6.03	1
GCL	9.55	0
GCL	12.81	1
GCL	15.08	0
GCL	17.34	1
GCL	18.59	0
GCL	20.10	1
GCL	24.12	0
GCL	28.14	2
GCL	28.89	0
GCL	29.90	1
GCL	30.90	4
GCL	31.41	12
GCL	31.91	36
GCL	32.41	41
GCL	32.91	106
GCL	33.42	85
GCL	33.92	130
GCL	34.42	123
GCL	34.92	124
GCL	35.43	143
GCL	35.93	63
GCL	36.68	126
GCL	37.44	115
GCL	37.94	141
GCL	38.44	391
GCL	38.94	396
GCL	39.45	629
GCL	39.95	1147
GCL	40.45	675
GCL	40.95	676
GCL	41.46	1164
GCL	41.96	1040
GCL	42.46	949
GCL	42.96	971
GCL	43.47	1687
GCL	43.97	2232
GCL	44.47	2942
GCL	44.97	2967
GCL	45.48	3371
GCL	45.98	2275
GCL	46.48	1144
GCL	46.98	1129
GCL	47.49	843
GCL	47.99	219
GCL	48.49	336
GCL	48.99	334
GCL	49.50	110
GCL	50.00	82
GCL	50.50	20
GCL	51.01	19
GCL	51.51	10
GCL	52.01	9
GCL	52.76	1
GCL	57.79	0
GCL	62.81	2
GCL	80.15	0
GCL	97.49	1
# ACGT content per cycle. Use `grep ^GCC | cut -f 2-` to extract this part. The columns are: cycle; A,C,G,T base counts as a percentage of all A/C/G/T bases [%]; and N and O counts as a percentage of all A/C/G/T bases [%]
GCC	1	21.34	32.09	31.79	14.78	0.00	0.00
GCC	2	26.97	19.19	27.25	26.60	0.00	0.00
GCC	3	26.16	20.53	26.81	26.49	0.00	0.00
GCC	4	24.76	25.02	25.89	24.32	0.00	0.00
GCC	5	28.81	18.89	27.75	24.55	0.00	0.00
GCC	6	28.82	18.98	20.53	31.67	0.01	0.00
GCC	7	23.40	18.76	19.89	37.96	0.00	0.00
GCC	8	25.87	19.43	20.12	34.58	0.01	0.00
GCC	9	24.21	22.03	18.63	35.13	0.00	0.00
GCC	10	31.06	15.92	20.33	32.68	0.00	0.00
GCC	11	26.33	21.62	23.43	28.62	0.00	0.00
GCC	12	24.94	22.92	24.80	27.33	0.00	0.00
GCC	13	26.46	19.86	21.09	32.59	0.00	0.00
GCC	14	26.47	18.62	22.76	32.14	0.00	0.00
GCC	15	26.81	21.21	22.69	29.28	0.00	0.00
GCC	16	27.85	19.03	20.75	32.37	0.00	0.00
GCC	17	26.06	18.83	20.67	34.44	0.00	0.00
GCC	18	28.88	19.27	17.15	34.70	0.00	0.00
GCC	19	29.90	18.07	20.39	31.64	0.00	0.00
GCC	20	26.98	21.25	21.09	30.68	0.00	0.00
GCC	21	26.95	20.17	22.28	30.60	0.00	0.00
GCC	22	24.63	20.14	25.91	29.32	0.00	0.00
GCC	23	28.83	20.82	20.66	29.69	0.00	0.00
GCC	24	26.44	21.20	22.61	29.74	0.00	0.00
GCC	25	24.14	23.19	20.67	31.99	0.00	0.00
GCC	26	28.13	20.07	22.12	29.68	0.00	0.00
GCC	27	22.41	22.27	25.44	29.88	0.00	0.00
GCC	28	26.76	22.82	22.15	28.26	0.00	0.00
GCC	29	31.46	21.85	18.80	27.89	0.00	0.00
GCC	30	26.27	21.41	22.64	29.68	0.00	0.00
GCC	31	28.11	18.58	27.22	26.09	0.00	0.00
GCC	32	28.98	17.39	24.80	28.83	0.00	0.00
GCC	33	27.10	18.91	24.11	29.88	0.00	0.00
GCC	34	26.99	20.24	22.53	30.24	0.00	0.00
GCC	35	28.54	18.78	24.63	28.05	0.00	0.00
GCC	36	25.28	18.19	26.63	29.90	0.00	0.00
GCC	37	26.86	16.77	27.28	29.08	0.00	0.00
GCC	38	28.83	18.29	25.29	27.58	0.00	0.00
GCC	39	27.15	18.78	22.18	31.89	0.00	0.00
GCC	40	25.19	15.94	25.52	33.35	0.00	0.00
GCC	41	26.90	16.75	22.90	33.46	0.00	0.00
GCC	42	27.21	18.54	21.91	32.34	0.00	0.00
GCC	43	26.59	17.64	23.31	32.46	0.00	0.00
GCC	44	25.78	20.56	22.98	30.68	0.00	0.00
GCC	45	24.12	23.51	21.27	31.11	0.00	0.00
GCC	46	25.34	21.66	22.64	30.37	0.00	0.00
GCC	47	26.03	19.73	24.27	29.98	0.00	0.00
GCC	48	28.98	18.07	22.91	30.04	0.00	0.00
GCC	49	27.08	18.82	26.13	27.97	0.00	0.00
GCC	50	30.53	18.94	22.29	28.24	0.00	0.00
GCC	51	26.22	18.57	26.07	29.14	0.00	0.00
GCC	52	31.36	17.42	22.91	28.31	0.00	0.00
GCC	53	28.95	17.77	22.85	30.43	0.00	0.00
GCC	54	26.19	20.29	23.78	29.74	0.00	0.00
GCC	55	25.69	18.90	24.42	30.99	0.00	0.00
GCC	56	28.01	19.11	24.58	28.30	0.00	0.00
GCC	57	27.25	18.66	21.69	32.40	0.00	0.00
GCC	58	30.41	19.03	19.57	30.99	0.00	0.00
GCC	59	29.13	20.07	22.06	28.74	0.00	0.00
GCC	60	29.04	20.18	21.63	29.15	0.00	0.00
GCC	61	32.90	19.73	19.41	27.96	0.00	0.00
GCC	62	33.17	22.01	18.70	26.11	0.00	0.00
GCC	63	30.14	22.11	20.21	27.54	0.00	0.00
GCC	64	31.58	21.49	19.19	27.73	0.00	0.00
GCC	65	28.63	23.80	19.65	27.92	0.00	0.00
GCC	66	30.12	22.08	20.81	26.99	0.00	0.00
GCC	67	29.13	20.33	22.27	28.28	0.00	0.00
GCC	68	27.53	21.47	22.84	28.16	0.00	0.00
GCC	69	31.48	20.80	19.54	28.18	0.00	0.00
GCC	70	27.93	20.47	22.12	29.48	0.00	0.00
GCC	71	27.83	22.15	22.29	27.74	0.00	0.00
GCC	72	28.83	21.09	20.80	29.28	0.00	0.00
GCC	73	27.82	23.42	21.17	27.58	0.00	0.00
GCC	74	26.77	22.71	18.88	31.63	0.00	0.00
GCC	75	28.22	22.87	20.97	27.93	0.00	0.00
GCC	76	26.92	25.16	18.58	29.35	0.00	0.00
GCC	77	25.08	24.54	20.17	30.21	0.00	0.00
GCC	78	20.66	24.52	22.81	32.00	0.00	0.00
GCC	79	25.69	23.58	19.95	30.78	0.00	0.00
GCC	80	25.10	21.25	21.10	32.56	0.00	0.00
GCC	81	25.16	23.41	19.79	31.64	0.00	0.00
GCC	82	26.69	20.34	25.87	27.09	0.00	0.00
GCC	83	28.36	21.51	21.02	29.11	0.00	0.00
GCC	84	31.99	20.19	20.20	27.62	0.00	0.00
GCC	85	27.46	21.69	22.47	28.38	0.00	0.00
GCC	86	26.41	24.82	18.57	30.20	0.00	0.00
GCC	87	26.68	23.73	21.68	27.90	0.00	0.00
GCC	88	26.32	22.31	19.55	31.82	0.00	0.00
GCC	89	25.15	23.29	20.77	30.80	0.00	0.00
GCC	90	25.34	19.95	20.69	34.02	0.00	0.00
GCC	91	27.35	20.27	23.06	29.32	0.00	0.00
GCC	92	28.98	21.84	21.17	28.01	0.00	0.00
GCC	93	28.60	20.21	22.04	29.15	0.00	0.00
GCC	94	28.59	19.87	20.63	30.92	0.00	0.00
GCC	95	27.17	22.92	20.70	29.20	0.00	0.00
GCC	96	27.87	22.75	21.49	27.89	0.00	0.00
GCC	97	28.48	20.45	21.58	29.49	0.00	0.00
GCC	98	25.62	20.69	22.65	31.05	0.00	0.00
GCC	99	28.55	20.46	23.47	27.52	0.00	0.00
GCC	100	27.52	21.96	20.94	29.58	0.00	0.00
GCC	101	29.03	20.40	24.18	26.38	0.00	0.00
GCC	102	29.34	22.76	21.82	26.08	0.00	0.00
GCC	103	30.63	24.97	19.91	24.49	0.00	0.00
GCC	104	26.04	23.63	26.93	23.40	0.00	0.00
GCC	105	29.82	24.65	20.81	24.72	0.00	0.00
GCC	106	27.19	25.25	22.35	25.21	0.00	0.00
GCC	107	26.07	23.38	24.90	25.65	0.00	0.00
GCC	108	25.81	22.80	24.79	26.60	0.00	0.00
GCC	109	27.70	19.23	29.15	23.92	0.00	0.00
GCC	110	29.90	22.96	23.73	23.42	0.00	0.00
GCC	111	28.42	20.03	25.64	25.91	0.00	0.00
GCC	112	25.28	19.48	27.80	27.44	0.00	0.00
GCC	113	26.53	19.92	27.59	25.96	0.00	0.00
GCC	114	26.93	18.20	23.74	31.13	0.00	0.00
GCC	115	28.90	20.81	20.11	30.18	0.00	0.00
GCC	116	25.45	19.13	21.10	34.32	0.00	0.00
GCC	117	27.84	21.20	21.26	29.69	0.00	0.00
GCC	118	22.73	21.96	20.87	34.45	0.00	0.00
GCC	119	25.90	22.37	19.40	32.34	0.00	0.00
GCC	120	25.81	23.20	21.68	29.31	0.00	0.00
GCC	121	27.20	22.91	21.31	28.58	0.00	0.00
GCC	122	26.16	23.20	19.11	31.53	0.00	0.00
GCC	123	26.56	23.90	20.11	29.43	0.00	0.00
GCC	124	27.41	22.82	21.07	28.70	0.00	0.00
GCC	125	25.69	21.73	18.04	34.54	0.00	0.00
GCC	126	28.68	21.26	18.51	31.56	0.00	0.00
GCC	127	27.40	21.71	20.04	30.85	0.00	0.00
GCC	128	24.71	22.50	22.22	30.57	0.00	0.00
GCC	129	29.65	19.24	21.98	29.12	0.00	0.00
GCC	130	25.75	23.24	18.98	32.04	0.00	0.00
GCC	131	25.30	23.37	22.32	29.01	0.00	0.00
GCC	132	25.96	23.04	21.10	29.90	0.00	0.00
GCC	133	29.85	21.94	21.67	26.54	0.00	0.00
GCC	134	26.63	20.92	22.35	30.10	0.00	0.00
GCC	135	32.19	21.15	21.89	24.76	0.00	0.00
GCC	136	27.74	21.25	21.61	29.41	0.00	0.00
GCC	137	29.35	21.83	22.60	26.21	0.00	0.00
GCC	138	29.01	18.82	25.53	26.65	0.00	0.00
GCC	139	26.60	19.97	24.34	29.09	0.00	0.00
GCC	140	30.98	19.85	22.74	26.43	0.00	0.00
GCC	141	28.48	18.77	25.97	26.77	0.00	0.00
GCC	142	27.46	19.14	25.71	27.70	0.00	0.00
GCC	143	27.25	19.25	24.49	29.02	0.00	0.00
GCC	144	29.00	19.89	22.52	28.59	0.00	0.00
GCC	145	30.07	18.49	23.13	28.31	0.00	0.00
GCC	146	26.38	20.96	22.89	29.76	0.00	0.00
GCC	147	28.25	19.99	22.58	29.18	0.00	0.00
GCC	148	23.56	20.13	22.95	33.37	0.00	0.00
GCC	149	27.35	21.83	23.01	27.81	0.00	0.00
GCC	150	23.04	24.08	22.94	29.94	0.00	0.00
# ACGT content per cycle for first fragments. Use `grep ^FBC | cut -f 2-` to extract this part. The columns are: cycle; A,C,G,T base counts as a percentage of all A/C/G/T bases [%]; and N and O counts as a percentage of all A/C/G/T bases [%]
FBC	1	13.66	34.72	37.07	14.55	0.00	0.00
FBC	2	23.23	25.39	30.90	20.48	0.00	0.00
FBC	3	22.08	21.68	33.19	23.05	0.00	0.00
FBC	4	18.00	27.45	29.50	25.05	0.00	0.00
FBC	5	22.65	21.92	28.15	27.28	0.00	0.00
FBC	6	19.10	19.64	23.30	37.97	0.03	0.00
FBC	7	24.74	19.13	19.46	36.67	0.00	0.00
FBC	8	26.44	15.63	20.14	37.78	0.01	0.00
FBC	9	23.97	20.43	21.15	34.45	0.00	0.00
FBC	10	23.54	15.27	19.46	41.74	0.01	0.00
FBC	11	22.99	20.25	24.60	32.16	0.00	0.00
FBC	12	23.95	21.52	24.21	30.31	0.00	0.00
FBC	13	24.77	17.54	20.19	37.50	0.00	0.00
FBC	14	24.09	17.36	24.26	34.29	0.00	0.00
FBC	15	26.93	20.94	22.84	29.29	0.00	0.00
FBC	16	26.34	19.50	19.17	34.99	0.00	0.00
FBC	17	26.93	17.86	18.67	36.54	0.00	0.00
FBC	18	29.25	17.93	16.44	36.38	0.00	0.00
FBC	19	30.00	16.17	19.15	34.69	0.00	0.00
FBC	20	25.95	21.21	20.33	32.50	0.00	0.00
FBC	21	27.03	19.23	20.55	33.19	0.00	0.00
FBC	22	24.31	19.53	25.83	30.33	0.00	0.00
FBC	23	26.76	22.57	20.92	29.76	0.00	0.00
FBC	24	22.65	21.45	22.87	33.04	0.00	0.00
FBC	25	21.89	23.78	19.08	35.25	0.00	0.00
FBC	26	25.77	18.20	23.06	32.96	0.00	0.00
FBC	27	21.29	19.85	26.85	32.01	0.00	0.00
FBC	28	27.30	21.42	24.13	27.15	0.00	0.00
FBC	29	33.75	19.52	19.50	27.24	0.00	0.00
FBC	30	25.89	19.42	24.88	29.82	0.00	0.00
FBC	31	25.97	16.96	30.00	27.08	0.00	0.00
FBC	32	31.42	16.16	25.55	26.86	0.00	0.00
FBC	33	26.07	18.95	26.26	28.73	0.00	0.00
FBC	34	25.69	19.12	23.70	31.49	0.00	0.00
FBC	35	28.15	15.81	27.52	28.52	0.00	0.00
FBC	36	23.19	16.19	30.09	30.52	0.00	0.00
FBC	37	27.21	14.00	30.33	28.46	0.00	0.00
FBC	38	30.97	14.70	28.32	26.02	0.00	0.00
FBC	39	26.28	14.70	22.59	36.43	0.00	0.00
FBC	40	23.21	11.87	27.98	36.94	0.00	0.00
FBC	41	24.32	14.18	24.20	37.30	0.00	0.00
FBC	42	28.64	14.25	23.19	33.92	0.00	0.00
FBC	43	24.86	14.48	25.19	35.46	0.00	0.00
FBC	44	27.39	17.72	20.94	33.95	0.00	0.00
FBC	45	23.24	23.48	20.41	32.87	0.00	0.00
FBC	46	24.30	23.65	19.47	32.58	0.00	0.00
FBC	47	29.45	15.56	25.06	29.94	0.00	0.00
FBC	48	27.61	17.32	26.01	29.07	0.00	0.00
FBC	49	25.59	14.65	30.47	29.29	0.00	0.00
FBC	50	30.91	16.07	22.07	30.95	0.00	0.00
FBC	51	26.67	14.22	27.37	31.74	0.00	0.00
FBC	52	35.92	11.82	24.70	27.55	0.00	0.00
FBC	53	31.21	15.61	22.17	31.01	0.00	0.00
FBC	54	26.62	17.41	25.89	30.07	0.00	0.00
FBC	55	22.86	18.72	24.43	33.99	0.00	0.00
FBC	56	31.61	14.81	24.35	29.23	0.00	0.00
FBC	57	28.93	14.90	20.46	35.71	0.00	0.00
FBC	58	35.32	17.66	16.13	30.89	0.00	0.00
FBC	59	32.54	18.93	21.30	27.22	0.00	0.00
FBC	60	31.94	19.89	20.94	27.23	0.00	0.00
FBC	61	37.55	17.83	17.67	26.95	0.00	0.00
FBC	62	37.66	20.35	15.56	26.44	0.00	0.00
FBC	63	34.15	21.98	17.17	26.70	0.00	0.00
FBC	64	34.96	19.37	16.49	29.17	0.00	0.00
FBC	65	28.99	24.32	17.01	29.68	0.00	0.00
FBC	66	34.07	20.63	17.95	27.36	0.00	0.00
FBC	67	31.82	19.67	20.23	28.29	0.00	0.00
FBC	68	27.86	21.98	22.21	27.96	0.00	0.00
FBC	69	34.61	20.69	17.50	27.20	0.00	0.00
FBC	70	29.80	19.84	20.73	29.62	0.00	0.00
FBC	71	28.66	22.58	21.68	27.08	0.00	0.00
FBC	72	29.70	21.78	19.27	29.25	0.00	0.00
FBC	73	26.89	26.10	17.38	29.62	0.00	0.00
FBC	74	24.84	25.93	16.03	33.20	0.00	0.00
FBC	75	28.02	24.09	17.17	30.72	0.00	0.00
FBC	76	25.26	25.58	18.37	30.78	0.00	0.00
FBC	77	24.09	28.53	16.97	30.40	0.00	0.00
FBC	78	19.32	29.07	22.16	29.46	0.00	0.00
FBC	79	24.71	24.96	20.22	30.12	0.00	0.00
FBC	80	23.45	21.22	22.73	32.59	0.00	0.00
FBC	81	24.17	23.91	20.64	31.27	0.00	0.00
FBC	82	28.29	19.52	26.99	25.20	0.00	0.00
FBC	83	30.21	21.82	19.53	28.44	0.00	0.00
FBC	84	32.68	18.54	20.36	28.42	0.00	0.00
FBC	85	27.45	22.07	22.46	28.03	0.00	0.00
FBC	86	27.46	25.98	15.65	30.91	0.00	0.00
FBC	87	25.75	26.46	22.37	25.41	0.00	0.00
FBC	88	24.28	22.91	17.32	35.48	0.00	0.00
FBC	89	23.31	24.81	20.12	31.76	0.00	0.00
FBC	90	22.63	19.36	21.67	36.34	0.00	0.00
FBC	91	25.82	21.45	24.93	27.79	0.00	0.00
FBC	92	30.72	22.03	21.09	26.17	0.00	0.00
FBC	93	29.98	20.25	21.15	28.62	0.00	0.00
FBC	94	29.84	19.83	18.27	32.05	0.00	0.00
FBC	95	26.63	22.81	18.09	32.47	0.00	0.00
FBC	96	26.47	23.38	18.62	31.53	0.00	0.00
FBC	97	29.20	18.96	19.04	32.79	0.00	0.00
FBC	98	25.32	21.69	21.08	31.91	0.00	0.00
FBC	99	28.12	21.69	22.73	27.46	0.00	0.00
FBC	100	26.24	24.11	19.68	29.97	0.00	0.00
FBC	101	29.95	19.70	25.53	24.82	0.00	0.00
FBC	102	32.84	20.99	21.22	24.96	0.00	0.00
FBC	103	31.79	27.72	20.79	19.70	0.00	0.00
FBC	104	25.70	25.52	29.82	18.96	0.00	0.00
FBC	105	31.33	28.29	20.51	19.87	0.00	0.00
FBC	106	27.72	26.50	24.09	21.70	0.00	0.00
FBC	107	25.27	26.82	27.11	20.80	0.00	0.00
FBC	108	27.09	25.01	24.85	23.04	0.00	0.00
FBC	109	28.00	19.05	33.56	19.39	0.00	0.00
FBC	110	30.78	23.35	24.97	20.91	0.00	0.00
FBC	111	27.34	19.68	27.90	25.08	0.00	0.00
FBC	112	23.19	18.86	32.00	25.94	0.00	0.00
FBC	113	26.76	20.64	33.14	19.46	0.00	0.00
FBC	114	25.85	17.45	25.99	30.71	0.00	0.00
FBC	115	30.30	18.07	19.51	32.12	0.00	0.00
FBC	116	27.93	16.61	21.23	34.23	0.00	0.00
FBC	117	27.45	20.14	21.44	30.97	0.00	0.00
FBC	118	21.84	22.71	18.75	36.69	0.00	0.00
FBC	119	25.01	22.59	16.89	35.51	0.00	0.00
FBC	120	23.97	25.27	23.12	27.63	0.00	0.00
FBC	121	27.65	23.28	20.92	28.15	0.00	0.00
FBC	122	22.98	23.99	18.95	34.08	0.00	0.00
FBC	123	25.21	24.58	19.17	31.04	0.00	0.00
FBC	124	28.85	21.38	21.20	28.57	0.00	0.00
FBC	125	24.37	22.67	17.01	35.96	0.00	0.00
FBC	126	28.75	20.47	17.68	33.10	0.00	0.00
FBC	127	25.93	20.24	19.09	34.74	0.00	0.00
FBC	128	26.35	22.74	20.94	29.98	0.00	0.00
FBC	129	30.47	15.94	21.25	32.35	0.00	0.00
FBC	130	25.30	22.37	16.62	35.71	0.00	0.00
FBC	131	23.66	21.56	23.02	31.76	0.00	0.00
FBC	132	26.29	22.37	21.37	29.97	0.00	0.00
FBC	133	28.83	23.22	22.44	25.50	0.00	0.00
FBC	134	25.80	20.80	23.07	30.34	0.00	0.00
FBC	135	35.08	20.92	21.82	22.19	0.00	0.00
FBC	136	28.28	20.31	23.12	28.29	0.00	0.00
FBC	137	30.35	20.55	24.31	24.80	0.00	0.00
FBC	138	29.51	16.16	29.25	25.08	0.00	0.00
FBC	139	28.33	17.78	26.10	27.78	0.00	0.00
FBC	140	34.27	16.22	24.57	24.94	0.00	0.00
FBC	141	28.57	16.81	30.00	24.62	0.00	0.00
FBC	142	29.17	16.40	29.12	25.32	0.00	0.00
FBC	143	26.94	16.96	29.24	26.87	0.00	0.00
FBC	144	31.47	16.97	23.48	28.07	0.00	0.00
FBC	145	29.14	16.69	27.16	27.01	0.00	0.00
FBC	146	26.60	20.35	22.47	30.59	0.00	0.00
FBC	147	27.29	17.53	24.58	30.60	0.00	0.00
FBC	148	22.71	16.25	23.49	37.54	0.00	0.00
FBC	149	24.13	21.49	25.68	28.70	0.00	0.00
FBC	150	21.24	25.49	21.80	31.47	0.00	0.00
# ACGT content per cycle for last fragments. Use `grep ^LBC | cut -f 2-` to extract this part. The columns are: cycle; A,C,G,T base counts as a percentage of all A/C/G/T bases [%]; and N and O counts as a percentage of all A/C/G/T bases [%]
LBC	1	29.03	29.46	26.50	15.01	0.00	0.00
LBC	2	30.70	12.98	23.61	32.71	0.00	0.00
LBC	3	30.24	19.39	20.43	29.93	0.00	0.00
LBC	4	31.52	22.59	22.28	23.60	0.00	0.00
LBC	5	34.97	15.86	27.35	21.82	0.00	0.00
LBC	6	38.54	18.33	17.75	25.38	0.00	0.00
LBC	7	22.07	18.38	20.31	39.24	0.00	0.00
LBC	8	25.30	23.22	20.10	31.37	0.00	0.00
LBC	9	24.45	23.62	16.12	35.81	0.00	0.00
LBC	10	38.59	16.58	21.21	23.62	0.00	0.00
LBC	11	29.67	23.00	22.25	25.08	0.00	0.00
LBC	12	25.94	24.32	25.40	24.34	0.00	0.00
LBC	13	28.16	22.17	22.00	27.67	0.00	0.00
LBC	14	28.86	19.88	21.26	30.00	0.00	0.00
LBC	15	26.69	21.49	22.54	29.28	0.00	0.00
LBC	16	29.35	18.56	22.34	29.75	0.00	0.00
LBC	17	25.19	19.79	22.68	32.33	0.00	0.00
LBC	18	28.52	20.60	17.86	33.02	0.00	0.00
LBC	19	29.80	19.97	21.63	28.60	0.00	0.00
LBC	20	28.01	21.29	21.84	28.86	0.00	0.00
LBC	21	26.87	21.10	24.00	28.02	0.00	0.00
LBC	22	24.95	20.75	25.99	28.31	0.00	0.00
LBC	23	30.90	19.07	20.40	29.62	0.00	0.00
LBC	24	30.24	20.96	22.35	26.45	0.00	0.00
LBC	25	26.40	22.60	22.26	28.74	0.00	0.00
LBC	26	30.49	21.93	21.18	26.40	0.00	0.00
LBC	27	23.52	24.70	24.03	27.75	0.00	0.00
LBC	28	26.22	24.22	20.18	29.38	0.00	0.00
LBC	29	29.17	24.18	18.10	28.55	0.00	0.00
LBC	30	26.66	23.40	20.40	29.54	0.00	0.00
LBC	31	30.25	20.20	24.44	25.11	0.00	0.00
LBC	32	26.54	18.61	24.04	30.80	0.00	0.00
LBC	33	28.12	18.88	21.97	31.03	0.00	0.00
LBC	34	28.28	21.36	21.36	29.00	0.00	0.00
LBC	35	28.94	21.74	21.73	27.59	0.00	0.00
LBC	36	27.36	20.18	23.17	29.29	0.00	0.00
LBC	37	26.52	19.54	24.23	29.71	0.00	0.00
LBC	38	26.69	21.89	22.27	29.15	0.00	0.00
LBC	39	28.02	22.87	21.76	27.35	0.00	0.00
LBC	40	27.17	20.01	23.05	29.77	0.00	0.00
LBC	41	29.48	19.32	21.59	29.61	0.00	0.00
LBC	42	25.78	22.83	20.64	30.75	0.00	0.00
LBC	43	28.32	20.80	21.43	29.45	0.00	0.00
LBC	44	24.17	23.40	25.02	27.40	0.00	0.00
LBC	45	24.99	23.53	22.13	29.35	0.00	0.00
LBC	46	26.38	19.66	25.81	28.16	0.00	0.00
LBC	47	22.60	23.91	23.47	30.01	0.00	0.00
LBC	48	30.34	18.83	19.82	31.02	0.00	0.00
LBC	49	28.57	22.98	21.80	26.65	0.00	0.00
LBC	50	30.14	21.81	22.52	25.53	0.00	0.00
LBC	51	25.77	22.92	24.77	26.54	0.00	0.00
LBC	52	26.79	23.03	21.12	29.06	0.00	0.00
LBC	53	26.69	19.92	23.54	29.86	0.00	0.00
LBC	54	25.76	23.16	21.67	29.41	0.00	0.00
LBC	55	28.52	19.09	24.40	28.00	0.00	0.00
LBC	56	24.42	23.41	24.80	27.37	0.00	0.00
LBC	57	25.56	22.43	22.91	29.10	0.00	0.00
LBC	58	25.51	20.40	23.01	31.08	0.00	0.00
LBC	59	25.71	21.21	22.81	30.26	0.00	0.00
LBC	60	26.13	20.47	22.32	31.08	0.00	0.00
LBC	61	28.25	21.64	21.15	28.96	0.00	0.00
LBC	62	28.69	23.67	21.85	25.79	0.00	0.00
LBC	63	26.12	22.24	23.26	28.38	0.00	0.00
LBC	64	28.21	23.62	21.89	26.28	0.00	0.00
LBC	65	28.27	23.28	22.29	26.16	0.00	0.00
LBC	66	26.17	23.53	23.68	26.63	0.00	0.00
LBC	67	26.44	21.00	24.30	28.27	0.00	0.00
LBC	68	27.19	20.97	23.48	28.36	0.00	0.00
LBC	69	28.35	20.91	21.58	29.16	0.00	0.00
LBC	70	26.06	21.09	23.50	29.35	0.00	0.00
LBC	71	26.99	21.71	22.90	28.40	0.00	0.00
LBC	72	27.96	20.40	22.32	29.31	0.00	0.00
LBC	73	28.75	20.74	24.96	25.55	0.00	0.00
LBC	74	28.70	19.49	21.74	30.06	0.00	0.00
LBC	75	28.43	21.66	24.77	25.15	0.00	0.00
LBC	76	28.57	24.73	18.78	27.92	0.00	0.00
LBC	77	26.06	20.55	23.36	30.03	0.00	0.00
LBC	78	22.01	19.97	23.47	34.55	0.00	0.00
LBC	79	26.67	22.20	19.68	31.45	0.00	0.00
LBC	80	26.74	21.27	19.47	32.52	0.00	0.00
LBC	81	26.14	22.91	18.94	32.01	0.00	0.00
LBC	82	25.09	21.17	24.76	28.98	0.00	0.00
LBC	83	26.50	21.21	22.50	29.79	0.00	0.00
LBC	84	31.30	21.84	20.04	26.82	0.00	0.00
LBC	85	27.48	21.31	22.49	28.73	0.00	0.00
LBC	86	25.36	23.66	21.49	29.49	0.00	0.00
LBC	87	27.61	21.00	21.00	30.39	0.01	0.00
LBC	88	28.35	21.71	21.78	28.16	0.00	0.00
LBC	89	26.99	21.76	21.42	29.83	0.00	0.00
LBC	90	28.05	20.54	19.71	31.70	0.00	0.00
LBC	91	28.88	19.09	21.19	30.84	0.00	0.00
LBC	92	27.25	21.66	21.24	29.84	0.00	0.00
LBC	93	27.22	20.18	22.93	29.67	0.00	0.00
LBC	94	27.33	19.90	22.98	29.79	0.00	0.00
LBC	95	27.72	23.03	23.32	25.93	0.00	0.00
LBC	96	29.27	22.11	24.36	24.25	0.00	0.00
LBC	97	27.76	21.94	24.11	26.18	0.00	0.00
LBC	98	25.91	19.68	24.23	30.19	0.00	0.00
LBC	99	28.98	19.23	24.22	27.57	0.00	0.00
LBC	100	28.80	19.80	22.20	29.19	0.00	0.00
LBC	101	28.11	21.10	22.84	27.95	0.00	0.00
LBC	102	25.85	24.52	22.42	27.21	0.00	0.00
LBC	103	29.47	22.22	19.03	29.28	0.00	0.00
LBC	104	26.38	21.74	24.04	27.84	0.00	0.00
LBC	105	28.30	21.01	21.11	29.57	0.00	0.00
LBC	106	26.67	23.99	20.61	28.73	0.00	0.00
LBC	107	26.87	19.94	22.69	30.50	0.00	0.00
LBC	108	24.53	20.58	24.73	30.16	0.00	0.00
LBC	109	27.39	19.40	24.75	28.45	0.00	0.00
LBC	110	29.01	22.57	22.50	25.92	0.00	0.00
LBC	111	29.49	20.39	23.39	26.73	0.00	0.00
LBC	112	27.37	20.10	23.59	28.94	0.00	0.00
LBC	113	26.30	19.20	22.04	32.46	0.00	0.00
LBC	114	28.00	18.96	21.48	31.55	0.00	0.00
LBC	115	27.51	23.55	20.71	28.23	0.00	0.00
LBC	116	22.97	21.66	20.97	34.41	0.00	0.00
LBC	117	28.24	22.27	21.09	28.40	0.00	0.00
LBC	118	23.61	21.20	22.98	32.20	0.00	0.00
LBC	119	26.78	22.15	21.90	29.16	0.00	0.00
LBC	120	27.65	21.12	20.24	30.99	0.00	0.00
LBC	121	26.75	22.54	21.71	29.00	0.00	0.00
LBC	122	29.34	22.41	19.26	28.99	0.00	0.00
LBC	123	27.92	23.22	21.05	27.82	0.00	0.00
LBC	124	25.97	24.26	20.94	28.83	0.00	0.00
LBC	125	27.01	20.80	19.07	33.12	0.00	0.00
LBC	126	28.61	22.05	19.33	30.01	0.00	0.00
LBC	127	28.87	23.18	20.99	26.96	0.00	0.00
LBC	128	23.07	22.27	23.51	31.15	0.00	0.00
LBC	129	28.84	22.54	22.72	25.90	0.00	0.00
LBC	130	26.20	24.11	21.33	28.36	0.00	0.00
LBC	131	26.95	25.17	21.62	26.26	0.00	0.00
LBC	132	25.63	23.71	20.83	29.83	0.00	0.00
LBC	133	30.87	20.65	20.90	27.58	0.00	0.00
LBC	134	27.47	21.04	21.63	29.86	0.00	0.00
LBC	135	29.31	21.39	21.96	27.34	0.00	0.00
LBC	136	27.20	22.19	20.10	30.52	0.00	0.00
LBC	137	28.36	23.11	20.90	27.63	0.00	0.00
LBC	138	28.50	21.48	21.80	28.22	0.00	0.00
LBC	139	24.86	22.16	22.58	30.39	0.00	0.00
LBC	140	27.68	23.49	20.90	27.93	0.00	0.00
LBC	141	28.40	20.74	21.93	28.93	0.00	0.00
LBC	142	25.75	21.88	22.29	30.08	0.00	0.00
LBC	143	27.56	21.55	19.72	31.18	0.00	0.00
LBC	144	26.52	22.82	21.56	29.10	0.00	0.00
LBC	145	31.01	20.29	19.09	29.61	0.00	0.00
LBC	146	26.17	21.58	23.32	28.94	0.00	0.00
LBC	147	29.22	22.46	20.57	27.74	0.00	0.00
LBC	148	24.40	24.03	22.39	29.17	0.00	0.00
LBC	149	30.59	22.17	20.33	26.91	0.00	0.00
LBC	150	24.85	22.65	24.10	28.40	0.00	0.00
# Insert sizes. Use `grep ^IS | cut -f 2-` to extract this part. The columns are: insert size, pairs total, inward oriented pairs, outward oriented pairs, other pairs
IS	0	16	1	15	0
IS	1	0	0	0	0
IS	2	0	0	0	0
IS	3	0	0	0	0
IS	4	0	0	0	0
IS	5	0	0	0	0
IS	6	0	0	0	0
IS	7	0	0	0	0
IS	8	0	0	0	0
IS	9	0	0	0	0
IS	10	0	0	0	0
IS	11	0	0	0	0
IS	12	0	0	0	0
IS	13	0	0	0	0
IS	14	0	0	0	0
IS	15	0	0	0	0
IS	16	0	0	0	0
IS	17	0	0	0	0
IS	18	0	0	0	0
IS	19	0	0	0	0
IS	20	0	0	0	0
IS	21	0	0	0	0
IS	22	0	0	0	0
IS	23	0	0	0	0
IS	24	0	0	0	0
IS	25	0	0	0	0
IS	26	0	0	0	0
IS	27	0	0	0	0
IS	28	0	0	0	0
IS	29	0	0	0	0
IS	30	0	0	0	0
IS	31	0	0	0	0
IS	32	0	0	0	0
IS	33	0	0	0	0
IS	34	0	0	0	0
IS	35	0	0	0	0
IS	36	0	0	0	0
IS	37	0	0	0	0
IS	38	0	0	0	0
IS	39	0	0	0	0
IS	40	0	0	0	0
IS	41	0	0	0	0
IS	42	0	0	0	0
IS	43	0	0	0	0
IS	44	0	0	0	0
IS	45	0	0	0	0
IS	46	0	0	0	0
IS	47	0	0	0	0
IS	48	0	0	0	0
IS	49	0	0	0	0
IS	50	0	0	0	0
IS	51	0	0	0	0
IS	52	0	0	0	0
IS	53	0	0	0	0
IS	54	0	0	0	0
IS	55	0	0	0	0
IS	56	0	0	0	0
IS	57	0	0	0	0
IS	58	0	0	0	0
IS	59	0	0	0	0
IS	60	0	0	0	0
IS	61	0	0	0	0
IS	62	0	0	0	0
IS	63	0	0	0	0
IS	64	0	0	0	0
IS	65	0	0	0	0
IS	66	0	0	0	0
IS	67	0	0	0	0
IS	68	0	0	0	0
IS	69	0	0	0	0
IS	70	0	0	0	0
IS	71	0	0	0	0
IS	72	0	0	0	0
IS	73	0	0	0	0
IS	74	0	0	0	0
IS	75	0	0	0	0
IS	76	0	0	0	0
IS	77	0	0	0	0
IS	78	0	0	0	0
IS	79	0	0	0	0
IS	80	0	0	0	0
IS	81	0	0	0	0
IS	82	0	0	0	0
IS	83	0	0	0	0
IS	84	0	0	0	0
IS	85	0	0	0	0
IS	86	0	0	0	0
IS	87	0	0	0	0
IS	88	0	0	0	0
IS	89	0	0	0	0
IS	90	0	0	0	0
IS	91	0	0	0	0
IS	92	0	0	0	0
IS	93	0	0	0	0
IS	94	0	0	0	0
IS	95	0	0	0	0
IS	96	0	0	0	0
IS	97	0	0	0	0
IS	98	0	0	0	0
IS	99	0	0	0	0
IS	100	0	0	0	0
IS	101	0	0	0	0
IS	102	0	0	0	0
IS	103	0	0	0	0
IS	104	0	0	0	0
IS	105	0	0	0	0
IS	106	0	0	0	0
IS	107	0	0	0	0
IS	108	0	0	0	0
IS	109	0	0	0	0
IS	110	0	0	0	0
IS	111	0	0	0	0
IS	112	0	0	0	0
IS	113	0	0	0	0
IS	114	0	0	0	0
IS	115	0	0	0	0
IS	116	0	0	0	0
IS	117	0	0	0	0
IS	118	0	0	0	0
IS	119	0	0	0	0
IS	120	0	0	0	0
IS	121	0	0	0	0
IS	122	0	0	0	0
IS	123	0	0	0	0
IS	124	0	0	0	0
IS	125	0	0	0	0
IS	126	0	0	0	0
IS	127	0	0	0	0
IS	128	0	0	0	0
IS	129	0	0	0	0
IS	130	0	0	0	0
IS	131	0	0	0	0
IS	132	0	0	0	0
IS	133	0	0	0	0
IS	134	0	0	0	0
IS	135	0	0	0	0
IS	136	0	0	0	0
IS	137	0	0	0	0
IS	138	0	0	0	0
IS	139	0	0	0	0
IS	140	0	0	0	0
IS	141	0	0	0	0
IS	142	0	0	0	0
IS	143	0	0	0	0
IS	144	0	0	0	0
IS	145	0	0	0	0
IS	146	0	0	0	0
IS	147	0	0	0	0
IS	148	0	0	0	0
IS	149	0	0	0	0
IS	150	17	4	13	0
IS	151	113	14	99	0
IS	152	77	18	59	0
IS	153	32	9	23	0
IS	154	33	21	12	0
IS	155	20	19	1	0
IS	156	10	10	0	0
IS	157	19	19	0	0
IS	158	13	12	1	0
IS	159	19	17	2	0
IS	160	20	17	3	0
IS	161	23	22	1	0
IS	162	32	25	7	0
IS	163	27	25	2	0
IS	164	30	29	1	0
IS	165	35	29	6	0
IS	166	51	45	6	0
IS	167	63	57	6	0
IS	168	48	44	4	0
IS	169	36	34	2	0
IS	170	43	39	4	0
IS	171	45	44	1	0
IS	172	27	26	1	0
IS	173	29	29	0	0
IS	174	27	25	2	0
IS	175	27	27	0	0
IS	176	35	35	0	0
IS	177	25	25	0	0
IS	178	48	48	0	0
IS	179	46	46	0	0
IS	180	48	48	0	0
IS	181	39	39	0	0
IS	182	56	56	0	0
IS	183	39	39	0	0
IS	184	38	38	0	0
IS	185	55	55	0	0
IS	186	46	46	0	0
IS	187	56	56	0	0
IS	188	62	62	0	0
IS	189	46	46	0	0
IS	190	57	57	0	0
IS	191	44	44	0	0
IS	192	52	52	0	0
IS	193	50	50	0	0
IS	194	55	55	0	0
IS	195	48	48	0	0
IS	196	52	52	0	0
IS	197	61	61	0	0
IS	198	66	66	0	0
IS	199	62	62	0	0
IS	200	83	83	0	0
IS	201	64	64	0	0
IS	202	77	77	0	0
IS	203	76	76	0	0
IS	204	59	59	0	0
IS	205	68	68	0	0
IS	206	75	75	0	0
IS	207	57	57	0	0
IS	208	49	49	0	0
IS	209	69	69	0	0
IS	210	75	75	0	0
IS	211	105	105	0	0
IS	212	91	91	0	0
IS	213	101	101	0	0
IS	214	81	81	0	0
IS	215	57	57	0	0
IS	216	89	89	0	0
IS	217	59	59	0	0
IS	218	95	95	0	0
IS	219	66	66	0	0
IS	220	89	89	0	0
IS	221	106	106	0	0
IS	222	82	82	0	0
IS	223	52	52	0	0
IS	224	63	63	0	0
IS	225	61	61	0	0
IS	226	64	64	0	0
IS	227	77	77	0	0
IS	228	63	63	0	0
IS	229	70	70	0	0
IS	230	75	75	0	0
IS	231	85	85	0	0
IS	232	117	117	0	0
IS	233	94	94	0	0
IS	234	87	87	0	0
IS	235	121	121	0	0
IS	236	143	143	0	0
IS	237	121	121	0	0
IS	238	110	110	0	0
IS	239	111	111	0	0
IS	240	101	101	0	0
IS	241	61	61	0	0
IS	242	95	95	0	0
IS	243	96	96	0	0
IS	244	93	93	0	0
IS	245	66	66	0	0
IS	246	70	70	0	0
IS	247	65	65	0	0
IS	248	77	77	0	0
IS	249	92	92	0	0
IS	250	90	90	0	0
IS	251	109	109	0	0
IS	252	79	79	0	0
IS	253	104	104	0	0
IS	254	101	101	0	0
IS	255	117	117	0	0
IS	256	108	108	0	0
IS	257	69	69	0	0
IS	258	70	70	0	0
IS	259	78	78	0	0
IS	260	63	63	0	0
IS	261	78	78	0	0
IS	262	54	54	0	0
IS	263	91	91	0	0
IS	264	48	48	0	0
IS	265	69	69	0	0
IS	266	64	64	0	0
IS	267	54	54	0	0
IS	268	59	59	0	0
IS	269	67	67	0	0
IS	270	73	73	0	0
IS	271	51	51	0	0
IS	272	42	42	0	0
IS	273	59	59	0	0
IS	274	43	43	0	0
IS	275	43	43	0	0
IS	276	64	64	0	0
IS	277	84	84	0	0
IS	278	44	44	0	0
IS	279	44	44	0	0
IS	280	45	45	0	0
IS	281	51	51	0	0
IS	282	40	40	0	0
IS	283	41	41	0	0
IS	284	45	45	0	0
IS	285	43	43	0	0
IS	286	29	29	0	0
IS	287	39	39	0	0
IS	288	46	46	0	0
IS	289	23	23	0	0
IS	290	30	30	0	0
IS	291	36	36	0	0
IS	292	58	58	0	0
IS	293	46	46	0	0
IS	294	33	33	0	0
IS	295	39	39	0	0
IS	296	17	17	0	0
IS	297	29	29	0	0
IS	298	23	23	0	0
IS	299	34	34	0	0
IS	300	28	28	0	0
IS	301	34	34	0	0
IS	302	26	26	0	0
IS	303	37	37	0	0
IS	304	25	25	0	0
IS	305	20	20	0	0
IS	306	20	20	0	0
IS	307	12	12	0	0
IS	308	10	10	0	0
IS	309	31	31	0	0
IS	310	33	33	0	0
IS	311	13	13	0	0
IS	312	26	26	0	0
IS	313	22	22	0	0
IS	314	25	25	0	0
IS	315	33	33	0	0
IS	316	22	22	0	0
IS	317	17	17	0	0
IS	318	10	10	0	0
IS	319	20	20	0	0
IS	320	13	13	0	0
IS	321	17	17	0	0
IS	322	9	9	0	0
IS	323	14	14	0	0
IS	324	6	6	0	0
IS	325	7	7	0	0
IS	326	20	20	0	0
IS	327	5	5	0	0
IS	328	5	5	0	0
IS	329	9	9	0	0
IS	330	12	12	0	0
IS	331	8	8	0	0
IS	332	15	15	0	0
IS	333	6	6	0	0
IS	334	9	9	0	0
IS	335	3	3	0	0
IS	336	10	10	0	0
IS	337	16	16	0	0
IS	338	9	9	0	0
IS	339	12	12	0	0
IS	340	9	9	0	0
IS	341	10	10	0	0
IS	342	6	6	0	0
IS	343	7	7	0	0
IS	344	3	3	0	0
IS	345	4	4	0	0
IS	346	7	7	0	0
IS	347	4	4	0	0
IS	348	3	3	0	0
IS	349	6	6	0	0
IS	350	4	4	0	0
IS	351	4	4	0	0
IS	352	5	5	0	0
IS	353	10	10	0	0
IS	354	5	5	0	0
IS	355	3	3	0	0
IS	356	1	1	0	0
IS	357	0	0	0	0
IS	358	0	0	0	0
IS	359	4	4	0	0
IS	360	3	3	0	0
IS	361	1	1	0	0
IS	362	2	2	0	0
IS	363	6	6	0	0
# Read lengths. Use `grep ^RL | cut -f 2-` to extract this part. The columns are: read length, count
RL	137	12
RL	138	12
RL	139	22
RL	140	17
RL	141	14
RL	142	19
RL	143	17
RL	144	17
RL	145	17
RL	146	177
RL	147	484
RL	149	16
RL	150	43752
# Read lengths - first fragments. Use `grep ^FRL | cut -f 2-` to extract this part. The columns are: read length, count
FRL	143	2
FRL	146	117
FRL	147	204
FRL	149	4
FRL	150	21960
# Read lengths - last fragments. Use `grep ^LRL | cut -f 2-` to extract this part. The columns are: read length, count
LRL	137	12
LRL	138	12
LRL	139	22
LRL	140	17
LRL	141	14
LRL	142	19
LRL	143	15
LRL	144	17
LRL	145	17
LRL	146	60
LRL	147	280
LRL	149	12
LRL	150	21792
# Indel distribution. Use `grep ^ID | cut -f 2-` to extract this part. The columns are: length, number of insertions, number of deletions
ID	1	851	7135
ID	2	4	18
ID	3	0	1
# Indels per cycle. Use `grep ^IC | cut -f 2-` to extract this part. The columns are: cycle, number of insertions (fwd), .. (rev) , number of deletions (fwd), .. (rev)
IC	15	0	3	0	0
IC	16	1	12	0	0
IC	17	0	8	1	3
IC	18	0	7	0	0
IC	19	2	10	0	1
IC	20	0	2	2	0
IC	21	0	6	6	12
IC	22	0	3	11	12
IC	23	0	39	7	2
IC	24	0	10	11	1
IC	25	0	7	33	3
IC	26	0	6	52	0
IC	27	1	4	136	10
IC	28	0	49	40	10
IC	29	0	12	94	1
IC	30	0	1	42	0
IC	31	0	14	20	0
IC	32	0	10	28	0
IC	33	1	23	10	0
IC	34	1	3	45	2
IC	35	0	22	32	1
IC	36	0	7	0	1
IC	37	0	0	3	0
IC	39	0	0	1	6
IC	40	0	6	5	1
IC	41	0	0	11	2
IC	42	0	3	7	0
IC	43	0	2	6	1
IC	44	0	1	72	0
IC	45	0	19	72	1
IC	46	0	4	25	1
IC	47	0	0	4	1
IC	48	0	4	13	2
IC	49	0	5	0	0
IC	50	0	11	0	17
IC	51	1	33	1	5
IC	52	0	29	0	0
IC	53	5	70	1	13
IC	54	0	4	4	2
IC	55	2	7	0	22
IC	56	0	0	2	0
IC	57	0	0	0	3
IC	58	0	0	0	1
IC	59	0	0	0	9
IC	60	0	0	1	5
IC	61	0	0	2	18
IC	63	0	0	5	34
IC	64	0	0	1	8
IC	65	0	0	2	12
IC	66	0	0	6	2
IC	67	1	0	8	0
IC	68	0	0	5	12
IC	69	2	0	14	13
IC	70	0	0	158	7
IC	71	0	0	22	7
IC	72	0	0	75	11
IC	73	0	0	14	15
IC	74	0	0	232	2
IC	75	0	0	103	3
IC	76	0	0	87	20
IC	77	0	0	12	3
IC	78	0	0	3	6
IC	79	0	0	29	9
IC	80	0	0	39	1
IC	81	0	0	343	2
IC	82	0	0	196	1
IC	83	0	0	104	45
IC	84	0	0	72	30
IC	85	0	0	204	11
IC	86	0	0	126	38
IC	87	0	0	20	11
IC	88	0	0	48	34
IC	89	0	0	7	64
IC	90	0	0	1	5
IC	91	0	0	0	21
IC	92	0	0	24	6
IC	93	0	0	19	9
IC	94	0	0	56	40
IC	95	0	0	108	17
IC	96	33	0	32	149
IC	97	7	0	31	49
IC	98	3	0	18	1
IC	99	4	0	6	32
IC	100	0	0	9	8
IC	101	0	0	7	17
IC	102	1	0	2	27
IC	103	1	0	6	27
IC	104	1	0	3	63
IC	105	0	0	0	22
IC	106	0	0	5	12
IC	107	5	0	18	0
IC	108	12	1	40	2
IC	109	55	0	1	18
IC	110	1	0	34	54
IC	111	115	0	193	7
IC	112	26	0	48	7
IC	113	1	0	158	10
IC	114	12	0	420	20
IC	115	2	0	744	41
IC	116	3	0	351	6
IC	117	0	0	32	7
IC	118	3	1	50	39
IC	119	26	0	37	14
IC	120	12	0	6	131
IC	121	0	0	2	80
IC	122	0	0	1	141
IC	123	2	1	1	115
IC	124	0	0	1	13
IC	125	1	0	0	23
IC	126	1	0	2	7
IC	127	0	0	1	42
IC	128	0	0	2	40
IC	129	2	0	1	3
IC	130	5	2	0	2
IC	131	24	0	0	12
IC	132	4	0	0	13
IC	133	0	0	0	27
IC	134	5	0	0	0
IC	135	4	0	0	0
IC	136	5	1	0	0
# Coverage distribution. Use `grep ^COV | cut -f 2-` to extract this part.
COV	[1-1]	1	180
COV	[2-2]	2	11
COV	[3-3]	3	8
COV	[4-4]	4	8
COV	[5-5]	5	7
COV	[6-6]	6	142
COV	[7-7]	7	2
COV	[10-10]	10	1
COV	[11-11]	11	2
COV	[13-13]	13	3
COV	[14-14]	14	1
COV	[15-15]	15	3
COV	[17-17]	17	1
COV	[18-18]	18	4
COV	[19-19]	19	11
COV	[20-20]	20	101
COV	[21-21]	21	8
COV	[23-23]	23	1
COV	[25-25]	25	1
COV	[28-28]	28	1
COV	[30-30]	30	1
COV	[32-32]	32	1
COV	[34-34]	34	1
COV	[35-35]	35	7
COV	[36-36]	36	2
COV	[37-37]	37	5
COV	[38-38]	38	5
COV	[39-39]	39	4
COV	[40-40]	40	1
COV	[41-41]	41	1
COV	[42-42]	42	2
COV	[44-44]	44	1
COV	[45-45]	45	1
COV	[46-46]	46	5
COV	[47-47]	47	2
COV	[48-48]	48	7
COV	[50-50]	50	3
COV	[53-53]	53	10
COV	[54-54]	54	15
COV	[55-55]	55	15
COV	[57-57]	57	10
COV	[58-58]	58	3
COV	[59-59]	59	2
COV	[60-60]	60	4
COV	[61-61]	61	5
COV	[62-62]	62	3
COV	[63-63]	63	4
COV	[66-66]	66	2
COV	[67-67]	67	1
COV	[68-68]	68	3
COV	[69-69]	69	4
COV	[70-70]	70	1
COV	[71-71]	71	7
COV	[72-72]	72	10
COV	[73-73]	73	1
COV	[74-74]	74	2
COV	[75-75]	75	2
COV	[76-76]	76	3
COV	[77-77]	77	1
COV	[78-78]	78	2
COV	[79-79]	79	1
COV	[80-80]	80	5
COV	[81-81]	81	2
COV	[83-83]	83	1
COV	[84-84]	84	1
COV	[85-85]	85	2
COV	[86-86]	86	1
COV	[87-87]	87	1
COV	[89-89]	89	1
COV	[91-91]	91	1
COV	[93-93]	93	1
COV	[94-94]	94	1
COV	[95-95]	95	3
COV	[96-96]	96	1
COV	[97-97]	97	1
COV	[99-99]	99	3
COV	[100-100]	100	8
COV	[101-101]	101	3
COV	[102-102]	102	3
COV	[103-103]	103	3
COV	[104-104]	104	4
COV	[105-105]	105	3
COV	[106-106]	106	3
COV	[107-107]	107	4
COV	[108-108]	108	6
COV	[109-109]	109	5
COV	[110-110]	110	2
COV	[111-111]	111	4
COV	[112-112]	112	3
COV	[114-114]	114	3
COV	[116-116]	116	1
COV	[117-117]	117	4
COV	[118-118]	118	4
COV	[119-119]	119	5
COV	[120-120]	120	4
COV	[121-121]	121	2
COV	[122-122]	122	2
COV	[123-123]	123	10
COV	[124-124]	124	5
COV	[125-125]	125	20
COV	[126-126]	126	10
COV	[127-127]	127	5
COV	[128-128]	128	4
COV	[129-129]	129	10
COV	[130-130]	130	2
COV	[131-131]	131	1
COV	[142-142]	142	2
COV	[145-145]	145	1
COV	[152-152]	152	1
COV	[153-153]	153	6
COV	[169-169]	169	1
COV	[199-199]	199	1
COV	[206-206]	206	1
COV	[223-223]	223	1
COV	[224-224]	224	1
COV	[229-229]	229	1
COV	[232-232]	232	1
COV	[234-234]	234	1
COV	[239-239]	239	1
COV	[244-244]	244	1
COV	[262-262]	262	1
COV	[268-268]	268	3
COV	[270-270]	270	2
COV	[275-275]	275	1
COV	[282-282]	282	1
COV	[288-288]	288	3
COV	[289-289]	289	1
COV	[294-294]	294	1
COV	[300-300]	300	2
COV	[302-302]	302	1
COV	[303-303]	303	6
COV	[304-304]	304	2
COV	[305-305]	305	1
COV	[306-306]	306	1
COV	[310-310]	310	2
COV	[313-313]	313	1
COV	[318-318]	318	1
COV	[321-321]	321	1
COV	[328-328]	328	1
COV	[329-329]	329	1
COV	[333-333]	333	1
COV	[334-334]	334	1
COV	[335-335]	335	1
COV	[337-337]	337	4
COV	[338-338]	338	1
COV	[346-346]	346	1
COV	[350-350]	350	1
COV	[355-355]	355	2
COV	[357-357]	357	1
COV	[359-359]	359	3
COV	[364-364]	364	4
COV	[366-366]	366	1
COV	[376-376]	376	1
COV	[394-394]	394	1
COV	[409-409]	409	1
COV	[414-414]	414	3
COV	[424-424]	424	1
COV	[452-452]	452	5
COV	[464-464]	464	8
COV	[465-465]	465	1
COV	[472-472]	472	1
COV	[473-473]	473	4
COV	[474-474]	474	1
COV	[490-490]	490	1
COV	[500-500]	500	2
COV	[502-502]	502	3
COV	[505-505]	505	1
COV	[511-511]	511	1
COV	[513-513]	513	1
COV	[523-523]	523	1
COV	[545-545]	545	1
COV	[546-546]	546	1
COV	[556-556]	556	1
COV	[575-575]	575	1
COV	[578-578]	578	1
COV	[582-582]	582	1
COV	[593-593]	593	1
COV	[596-596]	596	1
COV	[599-599]	599	1
COV	[608-608]	608	1
COV	[610-610]	610	1
COV	[625-625]	625	1
COV	[633-633]	633	1
COV	[642-642]	642	1
COV	[650-650]	650	1
COV	[655-655]	655	1
COV	[669-669]	669	1
COV	[680-680]	680	2
COV	[685-685]	685	1
COV	[686-686]	686	1
COV	[692-692]	692	1
COV	[698-698]	698	1
COV	[700-700]	700	2
COV	[709-709]	709	1
COV	[712-712]	712	2
COV	[713-713]	713	5
COV	[715-715]	715	1
COV	[719-719]	719	1
COV	[720-720]	720	1
COV	[721-721]	721	1
COV	[722-722]	722	1
COV	[729-729]	729	1
COV	[735-735]	735	1
COV	[744-744]	744	1
COV	[749-749]	749	1
COV	[754-754]	754	1
COV	[756-756]	756	1
COV	[757-757]	757	1
COV	[767-767]	767	1
COV	[772-772]	772	2
COV	[777-777]	777	1
COV	[788-788]	788	1
COV	[793-793]	793	1
COV	[808-808]	808	1
COV	[809-809]	809	1
COV	[816-816]	816	1
COV	[819-819]	819	1
COV	[829-829]	829	1
COV	[834-834]	834	1
COV	[839-839]	839	1
COV	[846-846]	846	1
COV	[852-852]	852	1
COV	[855-855]	855	14
COV	[862-862]	862	1
COV	[871-871]	871	1
COV	[874-874]	874	1
COV	[878-878]	878	1
COV	[882-882]	882	1
COV	[889-889]	889	1
COV	[890-890]	890	1
COV	[893-893]	893	1
COV	[902-902]	902	1
COV	[905-905]	905	1
COV	[906-906]	906	1
COV	[911-911]	911	1
COV	[917-917]	917	1
COV	[918-918]	918	1
COV	[926-926]	926	1
COV	[928-928]	928	2
COV	[934-934]	934	1
COV	[939-939]	939	1
COV	[940-940]	940	2
COV	[946-946]	946	1
COV	[953-953]	953	1
COV	[958-958]	958	1
COV	[967-967]	967	1
COV	[969-969]	969	1
COV	[981-981]	981	1
COV	[984-984]	984	1
COV	[988-988]	988	1
COV	[990-990]	990	1
COV	[992-992]	992	1
COV	[994-994]	994	2
COV	[995-995]	995	1
COV	[999-999]	999	2
COV	[1000<]	1000	1056
# GC-depth. Use `grep ^GCD | cut -f 2-` to extract this part. The columns are: GC%, unique sequence percentiles, 10th, 25th, 50th, 75th and 90th depth percentile
GCD	0.0	100.000	0.000	0.000	0.000	0.000	0.000
