# This file was produced by samtools stats (1.9+htslib-1.9) and can be plotted using plot-bamstats
# This file contains statistics for all reads.
# The command line was:  stats -@ 20 amelRNA_1/amelRNA_1_kv.bam
# CHK, Checksum	[2]Read Names	[3]Sequences	[4]Qualities
# CHK, CRC32 of reads which passed filtering followed by addition (32bit overflow)
CHK	e34625c1	5c25b63b	e1c8b54d
# Summary Numbers. Use `grep ^SN | cut -f 2-` to extract this part.
SN	raw total sequences:	1143253
SN	filtered sequences:	0
SN	sequences:	1143253
SN	is sorted:	1
SN	1st fragments:	572181
SN	last fragments:	571072
SN	reads mapped:	1046388
SN	reads mapped and paired:	949523	# paired-end technology bit set + both mates mapped
SN	reads unmapped:	96865
SN	reads properly paired:	928618	# proper-pair bit set
SN	reads paired:	1143253	# paired-end technology bit set
SN	reads duplicated:	0	# PCR or optical duplicate bit set
SN	reads MQ0:	5809	# mapped and MQ=0
SN	reads QC failed:	0
SN	non-primary alignments:	8162
SN	total length:	171363152	# ignores clipping
SN	total first fragment length:	85773425	# ignores clipping
SN	total last fragment length:	85589727	# ignores clipping
SN	bases mapped:	156842667	# ignores clipping
SN	bases mapped (cigar):	155964930	# more accurate
SN	bases trimmed:	0
SN	bases duplicated:	0
SN	mismatches:	2838222	# from NM fields
SN	error rate:	1.819782e-02	# mismatches / bases mapped (cigar)
SN	average length:	149
SN	average first fragment length:	150
SN	average last fragment length:	150
SN	maximum length:	150
SN	maximum first fragment length:	150
SN	maximum last fragment length:	150
SN	average quality:	36.1
SN	insert size average:	238.8
SN	insert size standard deviation:	44.6
SN	inward oriented pairs:	460093
SN	outward oriented pairs:	7328
SN	pairs with other orientation:	5
SN	pairs on different chromosomes:	7335
SN	percentage of properly paired reads (%):	81.2
# First Fragment Qualities. Use `grep ^FFQ | cut -f 2-` to extract this part.
# Columns correspond to qualities and rows to cycles. First column is the cycle number.
FFQ	1	0	0	0	0	0	0	0	0	0	0	0	4598	0	0	0	0	0	0	0	0	0	0	0	0	0	8023	0	0	0	0	0	0	0	0	0	0	0	559560	0
FFQ	2	0	0	8	0	0	0	0	0	0	0	0	4232	0	0	0	0	0	0	0	0	0	0	0	0	0	8566	0	0	0	0	0	0	0	0	0	0	0	559375	0
FFQ	3	0	0	33	0	0	0	0	0	0	0	0	3545	0	0	0	0	0	0	0	0	0	0	0	0	0	7125	0	0	0	0	0	0	0	0	0	0	0	561478	0
FFQ	4	0	0	0	0	0	0	0	0	0	0	0	3268	0	0	0	0	0	0	0	0	0	0	0	0	0	7297	0	0	0	0	0	0	0	0	0	0	0	561616	0
FFQ	5	0	0	0	0	0	0	0	0	0	0	0	3100	0	0	0	0	0	0	0	0	0	0	0	0	0	7252	0	0	0	0	0	0	0	0	0	0	0	561829	0
FFQ	6	0	0	153	0	0	0	0	0	0	0	0	3972	0	0	0	0	0	0	0	0	0	0	0	0	0	7564	0	0	0	0	0	0	0	0	0	0	0	560492	0
FFQ	7	0	0	0	0	0	0	0	0	0	0	0	4740	0	0	0	0	0	0	0	0	0	0	0	0	0	9251	0	0	0	0	0	0	0	0	0	0	0	558190	0
FFQ	8	0	0	77	0	0	0	0	0	0	0	0	4386	0	0	0	0	0	0	0	0	0	0	0	0	0	8847	0	0	0	0	0	0	0	0	0	0	0	558871	0
FFQ	9	0	0	2	0	0	0	0	0	0	0	0	4455	0	0	0	0	0	0	0	0	0	0	0	0	0	8228	0	0	0	0	0	0	0	0	0	0	0	559496	0
FFQ	10	0	0	15	0	0	0	0	0	0	0	0	4717	0	0	0	0	0	0	0	0	0	0	0	0	0	8419	0	0	0	0	0	0	0	0	0	0	0	559030	0
FFQ	11	0	0	5	0	0	0	0	0	0	0	0	5292	0	0	0	0	0	0	0	0	0	0	0	0	0	7875	0	0	0	0	0	0	0	0	0	0	0	559009	0
FFQ	12	0	0	2	0	0	0	0	0	0	0	0	4806	0	0	0	0	0	0	0	0	0	0	0	0	0	8424	0	0	0	0	0	0	0	0	0	0	0	558949	0
FFQ	13	0	0	0	0	0	0	0	0	0	0	0	3525	0	0	0	0	0	0	0	0	0	0	0	0	0	8807	0	0	0	0	0	0	0	0	0	0	0	559849	0
FFQ	14	0	0	0	0	0	0	0	0	0	0	0	4010	0	0	0	0	0	0	0	0	0	0	0	0	0	8142	0	0	0	0	0	0	0	0	0	0	0	560029	0
FFQ	15	0	0	0	0	0	0	0	0	0	0	0	4104	0	0	0	0	0	0	0	0	0	0	0	0	0	8932	0	0	0	0	0	0	0	0	0	0	0	559145	0
FFQ	16	0	0	0	0	0	0	0	0	0	0	0	3980	0	0	0	0	0	0	0	0	0	0	0	0	0	8776	0	0	0	0	0	0	0	0	0	0	0	559425	0
FFQ	17	0	0	0	0	0	0	0	0	0	0	0	4087	0	0	0	0	0	0	0	0	0	0	0	0	0	8856	0	0	0	0	0	0	0	0	0	0	0	559238	0
FFQ	18	0	0	0	0	0	0	0	0	0	0	0	3264	0	0	0	0	0	0	0	0	0	0	0	0	0	8758	0	0	0	0	0	0	0	0	0	0	0	560159	0
FFQ	19	0	0	0	0	0	0	0	0	0	0	0	3090	0	0	0	0	0	0	0	0	0	0	0	0	0	8501	0	0	0	0	0	0	0	0	0	0	0	560590	0
FFQ	20	0	0	0	0	0	0	0	0	0	0	0	2842	0	0	0	0	0	0	0	0	0	0	0	0	0	8748	0	0	0	0	0	0	0	0	0	0	0	560591	0
FFQ	21	0	0	0	0	0	0	0	0	0	0	0	2867	0	0	0	0	0	0	0	0	0	0	0	0	0	8940	0	0	0	0	0	0	0	0	0	0	0	560374	0
FFQ	22	0	0	0	0	0	0	0	0	0	0	0	2759	0	0	0	0	0	0	0	0	0	0	0	0	0	8941	0	0	0	0	0	0	0	0	0	0	0	560481	0
FFQ	23	0	0	0	0	0	0	0	0	0	0	0	2702	0	0	0	0	0	0	0	0	0	0	0	0	0	8958	0	0	0	0	0	0	0	0	0	0	0	560521	0
FFQ	24	0	0	0	0	0	0	0	0	0	0	0	3011	0	0	0	0	0	0	0	0	0	0	0	0	0	8936	0	0	0	0	0	0	0	0	0	0	0	560234	0
FFQ	25	0	0	0	0	0	0	0	0	0	0	0	2820	0	0	0	0	0	0	0	0	0	0	0	0	0	8425	0	0	0	0	0	0	0	0	0	0	0	560936	0
FFQ	26	0	0	0	0	0	0	0	0	0	0	0	3055	0	0	0	0	0	0	0	0	0	0	0	0	0	8643	0	0	0	0	0	0	0	0	0	0	0	560483	0
FFQ	27	0	0	0	0	0	0	0	0	0	0	0	3171	0	0	0	0	0	0	0	0	0	0	0	0	0	8843	0	0	0	0	0	0	0	0	0	0	0	560167	0
FFQ	28	0	0	0	0	0	0	0	0	0	0	0	3567	0	0	0	0	0	0	0	0	0	0	0	0	0	8830	0	0	0	0	0	0	0	0	0	0	0	559784	0
FFQ	29	0	0	0	0	0	0	0	0	0	0	0	3478	0	0	0	0	0	0	0	0	0	0	0	0	0	8652	0	0	0	0	0	0	0	0	0	0	0	560051	0
FFQ	30	0	0	0	0	0	0	0	0	0	0	0	3370	0	0	0	0	0	0	0	0	0	0	0	0	0	8611	0	0	0	0	0	0	0	0	0	0	0	560200	0
FFQ	31	0	0	0	0	0	0	0	0	0	0	0	3478	0	0	0	0	0	0	0	0	0	0	0	0	0	8577	0	0	0	0	0	0	0	0	0	0	0	560126	0
FFQ	32	0	0	0	0	0	0	0	0	0	0	0	3508	0	0	0	0	0	0	0	0	0	0	0	0	0	8704	0	0	0	0	0	0	0	0	0	0	0	559969	0
FFQ	33	0	0	0	0	0	0	0	0	0	0	0	4082	0	0	0	0	0	0	0	0	0	0	0	0	0	8603	0	0	0	0	0	0	0	0	0	0	0	559496	0
FFQ	34	0	0	0	0	0	0	0	0	0	0	0	4209	0	0	0	0	0	0	0	0	0	0	0	0	0	9301	0	0	0	0	0	0	0	0	0	0	0	558671	0
FFQ	35	0	0	0	0	0	0	0	0	0	0	0	4041	0	0	0	0	0	0	0	0	0	0	0	0	0	10047	0	0	0	0	0	0	0	0	0	0	0	558093	0
FFQ	36	0	0	0	0	0	0	0	0	0	0	0	3771	0	0	0	0	0	0	0	0	0	0	0	0	0	10506	0	0	0	0	0	0	0	0	0	0	0	557904	0
FFQ	37	0	0	0	0	0	0	0	0	0	0	0	3760	0	0	0	0	0	0	0	0	0	0	0	0	0	10204	0	0	0	0	0	0	0	0	0	0	0	558217	0
FFQ	38	0	0	0	0	0	0	0	0	0	0	0	4107	0	0	0	0	0	0	0	0	0	0	0	0	0	10657	0	0	0	0	0	0	0	0	0	0	0	557417	0
FFQ	39	0	0	0	0	0	0	0	0	0	0	0	5494	0	0	0	0	0	0	0	0	0	0	0	0	0	10734	0	0	0	0	0	0	0	0	0	0	0	555953	0
FFQ	40	0	0	0	0	0	0	0	0	0	0	0	7320	0	0	0	0	0	0	0	0	0	0	0	0	0	10081	0	0	0	0	0	0	0	0	0	0	0	554780	0
FFQ	41	0	0	0	0	0	0	0	0	0	0	0	9030	0	0	0	0	0	0	0	0	0	0	0	0	0	12107	0	0	0	0	0	0	0	0	0	0	0	551044	0
FFQ	42	0	0	0	0	0	0	0	0	0	0	0	14825	0	0	0	0	0	0	0	0	0	0	0	0	0	13360	0	0	0	0	0	0	0	0	0	0	0	543996	0
FFQ	43	0	0	5	0	0	0	0	0	0	0	0	21563	0	0	0	0	0	0	0	0	0	0	0	0	0	13580	0	0	0	0	0	0	0	0	0	0	0	537033	0
FFQ	44	0	0	0	0	0	0	0	0	0	0	0	21603	0	0	0	0	0	0	0	0	0	0	0	0	0	13654	0	0	0	0	0	0	0	0	0	0	0	536924	0
FFQ	45	0	0	0	0	0	0	0	0	0	0	0	15321	0	0	0	0	0	0	0	0	0	0	0	0	0	14234	0	0	0	0	0	0	0	0	0	0	0	542626	0
FFQ	46	0	0	0	0	0	0	0	0	0	0	0	8063	0	0	0	0	0	0	0	0	0	0	0	0	0	13978	0	0	0	0	0	0	0	0	0	0	0	550140	0
FFQ	47	0	0	0	0	0	0	0	0	0	0	0	7594	0	0	0	0	0	0	0	0	0	0	0	0	0	14295	0	0	0	0	0	0	0	0	0	0	0	550292	0
FFQ	48	0	0	3	0	0	0	0	0	0	0	0	6954	0	0	0	0	0	0	0	0	0	0	0	0	0	12720	0	0	0	0	0	0	0	0	0	0	0	552504	0
FFQ	49	0	0	0	0	0	0	0	0	0	0	0	6304	0	0	0	0	0	0	0	0	0	0	0	0	0	12394	0	0	0	0	0	0	0	0	0	0	0	553483	0
FFQ	50	0	0	0	0	0	0	0	0	0	0	0	5889	0	0	0	0	0	0	0	0	0	0	0	0	0	11574	0	0	0	0	0	0	0	0	0	0	0	554718	0
FFQ	51	0	0	0	0	0	0	0	0	0	0	0	4773	0	0	0	0	0	0	0	0	0	0	0	0	0	11080	0	0	0	0	0	0	0	0	0	0	0	556328	0
FFQ	52	0	0	0	0	0	0	0	0	0	0	0	4448	0	0	0	0	0	0	0	0	0	0	0	0	0	10121	0	0	0	0	0	0	0	0	0	0	0	557612	0
FFQ	53	0	0	0	0	0	0	0	0	0	0	0	4094	0	0	0	0	0	0	0	0	0	0	0	0	0	10551	0	0	0	0	0	0	0	0	0	0	0	557536	0
FFQ	54	0	0	0	0	0	0	0	0	0	0	0	4031	0	0	0	0	0	0	0	0	0	0	0	0	0	10292	0	0	0	0	0	0	0	0	0	0	0	557858	0
FFQ	55	0	0	0	0	0	0	0	0	0	0	0	4140	0	0	0	0	0	0	0	0	0	0	0	0	0	11029	0	0	0	0	0	0	0	0	0	0	0	557012	0
FFQ	56	0	0	0	0	0	0	0	0	0	0	0	4006	0	0	0	0	0	0	0	0	0	0	0	0	0	11098	0	0	0	0	0	0	0	0	0	0	0	557077	0
FFQ	57	0	0	0	0	0	0	0	0	0	0	0	4506	0	0	0	0	0	0	0	0	0	0	0	0	0	11194	0	0	0	0	0	0	0	0	0	0	0	556481	0
FFQ	58	0	0	0	0	0	0	0	0	0	0	0	5031	0	0	0	0	0	0	0	0	0	0	0	0	0	11862	0	0	0	0	0	0	0	0	0	0	0	555288	0
FFQ	59	0	0	0	0	0	0	0	0	0	0	0	6316	0	0	0	0	0	0	0	0	0	0	0	0	0	13217	0	0	0	0	0	0	0	0	0	0	0	552648	0
FFQ	60	0	0	0	0	0	0	0	0	0	0	0	7359	0	0	0	0	0	0	0	0	0	0	0	0	0	11280	0	0	0	0	0	0	0	0	0	0	0	553542	0
FFQ	61	0	0	0	0	0	0	0	0	0	0	0	7492	0	0	0	0	0	0	0	0	0	0	0	0	0	12002	0	0	0	0	0	0	0	0	0	0	0	552687	0
FFQ	62	0	0	0	0	0	0	0	0	0	0	0	5699	0	0	0	0	0	0	0	0	0	0	0	0	0	12878	0	0	0	0	0	0	0	0	0	0	0	553604	0
FFQ	63	0	0	0	0	0	0	0	0	0	0	0	5887	0	0	0	0	0	0	0	0	0	0	0	0	0	13380	0	0	0	0	0	0	0	0	0	0	0	552914	0
FFQ	64	0	0	0	0	0	0	0	0	0	0	0	5545	0	0	0	0	0	0	0	0	0	0	0	0	0	13276	0	0	0	0	0	0	0	0	0	0	0	553360	0
FFQ	65	0	0	0	0	0	0	0	0	0	0	0	5308	0	0	0	0	0	0	0	0	0	0	0	0	0	14184	0	0	0	0	0	0	0	0	0	0	0	552689	0
FFQ	66	0	0	0	0	0	0	0	0	0	0	0	5418	0	0	0	0	0	0	0	0	0	0	0	0	0	13790	0	0	0	0	0	0	0	0	0	0	0	552973	0
FFQ	67	0	0	0	0	0	0	0	0	0	0	0	5594	0	0	0	0	0	0	0	0	0	0	0	0	0	13336	0	0	0	0	0	0	0	0	0	0	0	553251	0
FFQ	68	0	0	0	0	0	0	0	0	0	0	0	5789	0	0	0	0	0	0	0	0	0	0	0	0	0	14113	0	0	0	0	0	0	0	0	0	0	0	552279	0
FFQ	69	0	0	0	0	0	0	0	0	0	0	0	5225	0	0	0	0	0	0	0	0	0	0	0	0	0	13660	0	0	0	0	0	0	0	0	0	0	0	553296	0
FFQ	70	0	0	0	0	0	0	0	0	0	0	0	5526	0	0	0	0	0	0	0	0	0	0	0	0	0	14613	0	0	0	0	0	0	0	0	0	0	0	552042	0
FFQ	71	0	0	0	0	0	0	0	0	0	0	0	6456	0	0	0	0	0	0	0	0	0	0	0	0	0	13468	0	0	0	0	0	0	0	0	0	0	0	552257	0
FFQ	72	0	0	0	0	0	0	0	0	0	0	0	7385	0	0	0	0	0	0	0	0	0	0	0	0	0	13980	0	0	0	0	0	0	0	0	0	0	0	550816	0
FFQ	73	0	0	0	0	0	0	0	0	0	0	0	6932	0	0	0	0	0	0	0	0	0	0	0	0	0	12453	0	0	0	0	0	0	0	0	0	0	0	552796	0
FFQ	74	0	0	0	0	0	0	0	0	0	0	0	7273	0	0	0	0	0	0	0	0	0	0	0	0	0	13463	0	0	0	0	0	0	0	0	0	0	0	551445	0
FFQ	75	0	0	6	0	0	0	0	0	0	0	0	6508	0	0	0	0	0	0	0	0	0	0	0	0	0	13867	0	0	0	0	0	0	0	0	0	0	0	551800	0
FFQ	76	0	0	0	0	0	0	0	0	0	0	0	7582	0	0	0	0	0	0	0	0	0	0	0	0	0	14313	0	0	0	0	0	0	0	0	0	0	0	550286	0
FFQ	77	0	0	0	0	0	0	0	0	0	0	0	8210	0	0	0	0	0	0	0	0	0	0	0	0	0	15999	0	0	0	0	0	0	0	0	0	0	0	547972	0
FFQ	78	0	0	0	0	0	0	0	0	0	0	0	8234	0	0	0	0	0	0	0	0	0	0	0	0	0	16829	0	0	0	0	0	0	0	0	0	0	0	547118	0
FFQ	79	0	0	0	0	0	0	0	0	0	0	0	6417	0	0	0	0	0	0	0	0	0	0	0	0	0	15842	0	0	0	0	0	0	0	0	0	0	0	549922	0
FFQ	80	0	0	0	0	0	0	0	0	0	0	0	5305	0	0	0	0	0	0	0	0	0	0	0	0	0	15306	0	0	0	0	0	0	0	0	0	0	0	551570	0
FFQ	81	0	0	0	0	0	0	0	0	0	0	0	5176	0	0	0	0	0	0	0	0	0	0	0	0	0	13761	0	0	0	0	0	0	0	0	0	0	0	553244	0
FFQ	82	0	0	0	0	0	0	0	0	0	0	0	5294	0	0	0	0	0	0	0	0	0	0	0	0	0	13974	0	0	0	0	0	0	0	0	0	0	0	552913	0
FFQ	83	0	0	0	0	0	0	0	0	0	0	0	5914	0	0	0	0	0	0	0	0	0	0	0	0	0	14184	0	0	0	0	0	0	0	0	0	0	0	552083	0
FFQ	84	0	0	0	0	0	0	0	0	0	0	0	6000	0	0	0	0	0	0	0	0	0	0	0	0	0	14339	0	0	0	0	0	0	0	0	0	0	0	551842	0
FFQ	85	0	0	0	0	0	0	0	0	0	0	0	6558	0	0	0	0	0	0	0	0	0	0	0	0	0	15811	0	0	0	0	0	0	0	0	0	0	0	549812	0
FFQ	86	0	0	0	0	0	0	0	0	0	0	0	6459	0	0	0	0	0	0	0	0	0	0	0	0	0	15885	0	0	0	0	0	0	0	0	0	0	0	549837	0
FFQ	87	0	0	0	0	0	0	0	0	0	0	0	6602	0	0	0	0	0	0	0	0	0	0	0	0	0	15699	0	0	0	0	0	0	0	0	0	0	0	549880	0
FFQ	88	0	0	0	0	0	0	0	0	0	0	0	6829	0	0	0	0	0	0	0	0	0	0	0	0	0	15791	0	0	0	0	0	0	0	0	0	0	0	549561	0
FFQ	89	0	0	0	0	0	0	0	0	0	0	0	6803	0	0	0	0	0	0	0	0	0	0	0	0	0	16155	0	0	0	0	0	0	0	0	0	0	0	549223	0
FFQ	90	0	0	0	0	0	0	0	0	0	0	0	5993	0	0	0	0	0	0	0	0	0	0	0	0	0	15247	0	0	0	0	0	0	0	0	0	0	0	550941	0
FFQ	91	0	0	0	0	0	0	0	0	0	0	0	5966	0	0	0	0	0	0	0	0	0	0	0	0	0	15009	0	0	0	0	0	0	0	0	0	0	0	551206	0
FFQ	92	0	0	0	0	0	0	0	0	0	0	0	6096	0	0	0	0	0	0	0	0	0	0	0	0	0	15625	0	0	0	0	0	0	0	0	0	0	0	550460	0
FFQ	93	0	0	0	0	0	0	0	0	0	0	0	5793	0	0	0	0	0	0	0	0	0	0	0	0	0	15121	0	0	0	0	0	0	0	0	0	0	0	551267	0
FFQ	94	0	0	0	0	0	0	0	0	0	0	0	5587	0	0	0	0	0	0	0	0	0	0	0	0	0	14389	0	0	0	0	0	0	0	0	0	0	0	552205	0
FFQ	95	0	0	0	0	0	0	0	0	0	0	0	5475	0	0	0	0	0	0	0	0	0	0	0	0	0	15334	0	0	0	0	0	0	0	0	0	0	0	551372	0
FFQ	96	0	0	0	0	0	0	0	0	0	0	0	5546	0	0	0	0	0	0	0	0	0	0	0	0	0	15494	0	0	0	0	0	0	0	0	0	0	0	551141	0
FFQ	97	0	0	0	0	0	0	0	0	0	0	0	5380	0	0	0	0	0	0	0	0	0	0	0	0	0	14789	0	0	0	0	0	0	0	0	0	0	0	552012	0
FFQ	98	0	0	0	0	0	0	0	0	0	0	0	6174	0	0	0	0	0	0	0	0	0	0	0	0	0	15622	0	0	0	0	0	0	0	0	0	0	0	550385	0
FFQ	99	0	0	0	0	0	0	0	0	0	0	0	6168	0	0	0	0	0	0	0	0	0	0	0	0	0	16242	0	0	0	0	0	0	0	0	0	0	0	549771	0
FFQ	100	0	0	0	0	0	0	0	0	0	0	0	6550	0	0	0	0	0	0	0	0	0	0	0	0	0	16772	0	0	0	0	0	0	0	0	0	0	0	548859	0
FFQ	101	0	0	0	0	0	0	0	0	0	0	0	6599	0	0	0	0	0	0	0	0	0	0	0	0	0	16776	0	0	0	0	0	0	0	0	0	0	0	548806	0
FFQ	102	0	0	0	0	0	0	0	0	0	0	0	7055	0	0	0	0	0	0	0	0	0	0	0	0	0	18720	0	0	0	0	0	0	0	0	0	0	0	546406	0
FFQ	103	0	0	0	0	0	0	0	0	0	0	0	6512	0	0	0	0	0	0	0	0	0	0	0	0	0	17045	0	0	0	0	0	0	0	0	0	0	0	548624	0
FFQ	104	0	0	0	0	0	0	0	0	0	0	0	5950	0	0	0	0	0	0	0	0	0	0	0	0	0	15748	0	0	0	0	0	0	0	0	0	0	0	550483	0
FFQ	105	0	0	0	0	0	0	0	0	0	0	0	5976	0	0	0	0	0	0	0	0	0	0	0	0	0	16011	0	0	0	0	0	0	0	0	0	0	0	550194	0
FFQ	106	0	0	0	0	0	0	0	0	0	0	0	6968	0	0	0	0	0	0	0	0	0	0	0	0	0	17064	0	0	0	0	0	0	0	0	0	0	0	548149	0
FFQ	107	0	0	0	0	0	0	0	0	0	0	0	7109	0	0	0	0	0	0	0	0	0	0	0	0	0	17944	0	0	0	0	0	0	0	0	0	0	0	547128	0
FFQ	108	0	0	0	0	0	0	0	0	0	0	0	8574	0	0	0	0	0	0	0	0	0	0	0	0	0	20084	0	0	0	0	0	0	0	0	0	0	0	543523	0
FFQ	109	0	0	0	0	0	0	0	0	0	0	0	8359	0	0	0	0	0	0	0	0	0	0	0	0	0	20828	0	0	0	0	0	0	0	0	0	0	0	542994	0
FFQ	110	0	0	0	0	0	0	0	0	0	0	0	8424	0	0	0	0	0	0	0	0	0	0	0	0	0	20688	0	0	0	0	0	0	0	0	0	0	0	543069	0
FFQ	111	0	0	0	0	0	0	0	0	0	0	0	7310	0	0	0	0	0	0	0	0	0	0	0	0	0	18510	0	0	0	0	0	0	0	0	0	0	0	546361	0
FFQ	112	0	0	0	0	0	0	0	0	0	0	0	6773	0	0	0	0	0	0	0	0	0	0	0	0	0	16865	0	0	0	0	0	0	0	0	0	0	0	548543	0
FFQ	113	0	0	0	0	0	0	0	0	0	0	0	7395	0	0	0	0	0	0	0	0	0	0	0	0	0	18939	0	0	0	0	0	0	0	0	0	0	0	545847	0
FFQ	114	0	0	0	0	0	0	0	0	0	0	0	7894	0	0	0	0	0	0	0	0	0	0	0	0	0	19680	0	0	0	0	0	0	0	0	0	0	0	544607	0
FFQ	115	0	0	0	0	0	0	0	0	0	0	0	7361	0	0	0	0	0	0	0	0	0	0	0	0	0	18152	0	0	0	0	0	0	0	0	0	0	0	546668	0
FFQ	116	0	0	0	0	0	0	0	0	0	0	0	7816	0	0	0	0	0	0	0	0	0	0	0	0	0	18866	0	0	0	0	0	0	0	0	0	0	0	545499	0
FFQ	117	0	0	0	0	0	0	0	0	0	0	0	8524	0	0	0	0	0	0	0	0	0	0	0	0	0	19564	0	0	0	0	0	0	0	0	0	0	0	544093	0
FFQ	118	0	0	0	0	0	0	0	0	0	0	0	8971	0	0	0	0	0	0	0	0	0	0	0	0	0	20038	0	0	0	0	0	0	0	0	0	0	0	543172	0
FFQ	119	0	0	0	0	0	0	0	0	0	0	0	8915	0	0	0	0	0	0	0	0	0	0	0	0	0	20745	0	0	0	0	0	0	0	0	0	0	0	542521	0
FFQ	120	0	0	0	0	0	0	0	0	0	0	0	9298	0	0	0	0	0	0	0	0	0	0	0	0	0	21560	0	0	0	0	0	0	0	0	0	0	0	541323	0
FFQ	121	0	0	0	0	0	0	0	0	0	0	0	9931	0	0	0	0	0	0	0	0	0	0	0	0	0	21397	0	0	0	0	0	0	0	0	0	0	0	540853	0
FFQ	122	0	0	0	0	0	0	0	0	0	0	0	10510	0	0	0	0	0	0	0	0	0	0	0	0	0	21722	0	0	0	0	0	0	0	0	0	0	0	539949	0
FFQ	123	0	0	0	0	0	0	0	0	0	0	0	11212	0	0	0	0	0	0	0	0	0	0	0	0	0	22463	0	0	0	0	0	0	0	0	0	0	0	538506	0
FFQ	124	0	0	0	0	0	0	0	0	0	0	0	10476	0	0	0	0	0	0	0	0	0	0	0	0	0	21789	0	0	0	0	0	0	0	0	0	0	0	539916	0
FFQ	125	0	0	0	0	0	0	0	0	0	0	0	9739	0	0	0	0	0	0	0	0	0	0	0	0	0	22880	0	0	0	0	0	0	0	0	0	0	0	539562	0
FFQ	126	0	0	0	0	0	0	0	0	0	0	0	10023	0	0	0	0	0	0	0	0	0	0	0	0	0	22749	0	0	0	0	0	0	0	0	0	0	0	539409	0
FFQ	127	0	0	0	0	0	0	0	0	0	0	0	8154	0	0	0	0	0	0	0	0	0	0	0	0	0	20919	0	0	0	0	0	0	0	0	0	0	0	543108	0
FFQ	128	0	0	17	0	0	0	0	0	0	0	0	9684	0	0	0	0	0	0	0	0	0	0	0	0	0	23953	0	0	0	0	0	0	0	0	0	0	0	538527	0
FFQ	129	0	0	0	0	0	0	0	0	0	0	0	9822	0	0	0	0	0	0	0	0	0	0	0	0	0	23727	0	0	0	0	0	0	0	0	0	0	0	538632	0
FFQ	130	0	0	0	0	0	0	0	0	0	0	0	9426	0	0	0	0	0	0	0	0	0	0	0	0	0	22740	0	0	0	0	0	0	0	0	0	0	0	540015	0
FFQ	131	0	0	0	0	0	0	0	0	0	0	0	10537	0	0	0	0	0	0	0	0	0	0	0	0	0	24266	0	0	0	0	0	0	0	0	0	0	0	537378	0
FFQ	132	0	0	0	0	0	0	0	0	0	0	0	9565	0	0	0	0	0	0	0	0	0	0	0	0	0	22509	0	0	0	0	0	0	0	0	0	0	0	540107	0
FFQ	133	0	0	0	0	0	0	0	0	0	0	0	10119	0	0	0	0	0	0	0	0	0	0	0	0	0	23943	0	0	0	0	0	0	0	0	0	0	0	538119	0
FFQ	134	0	0	0	0	0	0	0	0	0	0	0	10433	0	0	0	0	0	0	0	0	0	0	0	0	0	24700	0	0	0	0	0	0	0	0	0	0	0	537048	0
FFQ	135	0	0	0	0	0	0	0	0	0	0	0	11875	0	0	0	0	0	0	0	0	0	0	0	0	0	26068	0	0	0	0	0	0	0	0	0	0	0	534238	0
FFQ	136	0	0	0	0	0	0	0	0	0	0	0	11546	0	0	0	0	0	0	0	0	0	0	0	0	0	27052	0	0	0	0	0	0	0	0	0	0	0	533583	0
FFQ	137	0	0	0	0	0	0	0	0	0	0	0	10455	0	0	0	0	0	0	0	0	0	0	0	0	0	25731	0	0	0	0	0	0	0	0	0	0	0	535995	0
FFQ	138	0	0	0	0	0	0	0	0	0	0	0	11134	0	0	0	0	0	0	0	0	0	0	0	0	0	26882	0	0	0	0	0	0	0	0	0	0	0	534165	0
FFQ	139	0	0	0	0	0	0	0	0	0	0	0	13107	0	0	0	0	0	0	0	0	0	0	0	0	0	29334	0	0	0	0	0	0	0	0	0	0	0	529740	0
FFQ	140	0	0	0	0	0	0	0	0	0	0	0	12960	0	0	0	0	0	0	0	0	0	0	0	0	0	28680	0	0	0	0	0	0	0	0	0	0	0	530541	0
FFQ	141	0	0	0	0	0	0	0	0	0	0	0	11538	0	0	0	0	0	0	0	0	0	0	0	0	0	26394	0	0	0	0	0	0	0	0	0	0	0	534249	0
FFQ	142	0	0	0	0	0	0	0	0	0	0	0	12052	0	0	0	0	0	0	0	0	0	0	0	0	0	28137	0	0	0	0	0	0	0	0	0	0	0	531992	0
FFQ	143	0	0	0	0	0	0	0	0	0	0	0	10625	0	0	0	0	0	0	0	0	0	0	0	0	0	25509	0	0	0	0	0	0	0	0	0	0	0	536047	0
FFQ	144	0	0	0	0	0	0	0	0	0	0	0	11022	0	0	0	0	0	0	0	0	0	0	0	0	0	26601	0	0	0	0	0	0	0	0	0	0	0	534558	0
FFQ	145	0	0	0	0	0	0	0	0	0	0	0	12782	0	0	0	0	0	0	0	0	0	0	0	0	0	29915	0	0	0	0	0	0	0	0	0	0	0	529482	0
FFQ	146	0	0	0	0	0	0	0	0	0	0	0	11555	0	0	0	0	0	0	0	0	0	0	0	0	0	27123	0	0	0	0	0	0	0	0	0	0	0	533436	0
FFQ	147	0	0	0	0	0	0	0	0	0	0	0	11882	0	0	0	0	0	0	0	0	0	0	0	0	0	27476	0	0	0	0	0	0	0	0	0	0	0	530843	0
FFQ	148	0	0	0	0	0	0	0	0	0	0	0	12114	0	0	0	0	0	0	0	0	0	0	0	0	0	28257	0	0	0	0	0	0	0	0	0	0	0	514605	0
FFQ	149	0	0	0	0	0	0	0	0	0	0	0	12343	0	0	0	0	0	0	0	0	0	0	0	0	0	28791	0	0	0	0	0	0	0	0	0	0	0	513842	0
FFQ	150	0	0	0	0	0	0	0	0	0	0	0	13049	0	0	0	0	0	0	0	0	0	0	0	0	0	29584	0	0	0	0	0	0	0	0	0	0	0	512282	0
# Last Fragment Qualities. Use `grep ^LFQ | cut -f 2-` to extract this part.
# Columns correspond to qualities and rows to cycles. First column is the cycle number.
LFQ	1	0	0	0	0	0	0	0	0	0	0	0	7056	0	0	0	0	0	0	0	0	0	0	0	0	0	17785	0	0	0	0	0	0	0	0	0	0	0	546231	0
LFQ	2	0	0	0	0	0	0	0	0	0	0	0	6798	0	0	0	0	0	0	0	0	0	0	0	0	0	20460	0	0	0	0	0	0	0	0	0	0	0	543814	0
LFQ	3	0	0	0	0	0	0	0	0	0	0	0	6224	0	0	0	0	0	0	0	0	0	0	0	0	0	17405	0	0	0	0	0	0	0	0	0	0	0	547443	0
LFQ	4	0	0	0	0	0	0	0	0	0	0	0	5334	0	0	0	0	0	0	0	0	0	0	0	0	0	16023	0	0	0	0	0	0	0	0	0	0	0	549715	0
LFQ	5	0	0	0	0	0	0	0	0	0	0	0	4909	0	0	0	0	0	0	0	0	0	0	0	0	0	14206	0	0	0	0	0	0	0	0	0	0	0	551957	0
LFQ	6	0	0	0	0	0	0	0	0	0	0	0	5057	0	0	0	0	0	0	0	0	0	0	0	0	0	14657	0	0	0	0	0	0	0	0	0	0	0	551358	0
LFQ	7	0	0	0	0	0	0	0	0	0	0	0	5636	0	0	0	0	0	0	0	0	0	0	0	0	0	15724	0	0	0	0	0	0	0	0	0	0	0	549712	0
LFQ	8	0	0	0	0	0	0	0	0	0	0	0	4976	0	0	0	0	0	0	0	0	0	0	0	0	0	14254	0	0	0	0	0	0	0	0	0	0	0	551842	0
LFQ	9	0	0	12	0	0	0	0	0	0	0	0	4749	0	0	0	0	0	0	0	0	0	0	0	0	0	13408	0	0	0	0	0	0	0	0	0	0	0	552903	0
LFQ	10	0	0	4	0	0	0	0	0	0	0	0	5220	0	0	0	0	0	0	0	0	0	0	0	0	0	14949	0	0	0	0	0	0	0	0	0	0	0	550899	0
LFQ	11	0	0	0	0	0	0	0	0	0	0	0	4664	0	0	0	0	0	0	0	0	0	0	0	0	0	13179	0	0	0	0	0	0	0	0	0	0	0	553229	0
LFQ	12	0	0	0	0	0	0	0	0	0	0	0	4933	0	0	0	0	0	0	0	0	0	0	0	0	0	13781	0	0	0	0	0	0	0	0	0	0	0	552358	0
LFQ	13	0	0	0	0	0	0	0	0	0	0	0	4678	0	0	0	0	0	0	0	0	0	0	0	0	0	13409	0	0	0	0	0	0	0	0	0	0	0	552985	0
LFQ	14	0	0	0	0	0	0	0	0	0	0	0	4866	0	0	0	0	0	0	0	0	0	0	0	0	0	14213	0	0	0	0	0	0	0	0	0	0	0	551993	0
LFQ	15	0	0	0	0	0	0	0	0	0	0	0	4849	0	0	0	0	0	0	0	0	0	0	0	0	0	14133	0	0	0	0	0	0	0	0	0	0	0	552090	0
LFQ	16	0	0	0	0	0	0	0	0	0	0	0	4949	0	0	0	0	0	0	0	0	0	0	0	0	0	14274	0	0	0	0	0	0	0	0	0	0	0	551849	0
LFQ	17	0	0	0	0	0	0	0	0	0	0	0	5277	0	0	0	0	0	0	0	0	0	0	0	0	0	15059	0	0	0	0	0	0	0	0	0	0	0	550736	0
LFQ	18	0	0	0	0	0	0	0	0	0	0	0	5174	0	0	0	0	0	0	0	0	0	0	0	0	0	14646	0	0	0	0	0	0	0	0	0	0	0	551252	0
LFQ	19	0	0	0	0	0	0	0	0	0	0	0	5318	0	0	0	0	0	0	0	0	0	0	0	0	0	15763	0	0	0	0	0	0	0	0	0	0	0	549991	0
LFQ	20	0	0	0	0	0	0	0	0	0	0	0	5481	0	0	0	0	0	0	0	0	0	0	0	0	0	15282	0	0	0	0	0	0	0	0	0	0	0	550309	0
LFQ	21	0	0	0	0	0	0	0	0	0	0	0	6082	0	0	0	0	0	0	0	0	0	0	0	0	0	15997	0	0	0	0	0	0	0	0	0	0	0	548993	0
LFQ	22	0	0	0	0	0	0	0	0	0	0	0	5881	0	0	0	0	0	0	0	0	0	0	0	0	0	15972	0	0	0	0	0	0	0	0	0	0	0	549219	0
LFQ	23	0	0	0	0	0	0	0	0	0	0	0	6171	0	0	0	0	0	0	0	0	0	0	0	0	0	16310	0	0	0	0	0	0	0	0	0	0	0	548591	0
LFQ	24	0	0	0	0	0	0	0	0	0	0	0	5820	0	0	0	0	0	0	0	0	0	0	0	0	0	16813	0	0	0	0	0	0	0	0	0	0	0	548439	0
LFQ	25	0	0	0	0	0	0	0	0	0	0	0	6252	0	0	0	0	0	0	0	0	0	0	0	0	0	18052	0	0	0	0	0	0	0	0	0	0	0	546768	0
LFQ	26	0	0	0	0	0	0	0	0	0	0	0	6268	0	0	0	0	0	0	0	0	0	0	0	0	0	17844	0	0	0	0	0	0	0	0	0	0	0	546960	0
LFQ	27	0	0	0	0	0	0	0	0	0	0	0	6075	0	0	0	0	0	0	0	0	0	0	0	0	0	17699	0	0	0	0	0	0	0	0	0	0	0	547298	0
LFQ	28	0	0	0	0	0	0	0	0	0	0	0	6501	0	0	0	0	0	0	0	0	0	0	0	0	0	18620	0	0	0	0	0	0	0	0	0	0	0	545951	0
LFQ	29	0	0	0	0	0	0	0	0	0	0	0	6626	0	0	0	0	0	0	0	0	0	0	0	0	0	18337	0	0	0	0	0	0	0	0	0	0	0	546109	0
LFQ	30	0	0	0	0	0	0	0	0	0	0	0	7072	0	0	0	0	0	0	0	0	0	0	0	0	0	19142	0	0	0	0	0	0	0	0	0	0	0	544858	0
LFQ	31	0	0	0	0	0	0	0	0	0	0	0	6778	0	0	0	0	0	0	0	0	0	0	0	0	0	19080	0	0	0	0	0	0	0	0	0	0	0	545214	0
LFQ	32	0	0	0	0	0	0	0	0	0	0	0	7204	0	0	0	0	0	0	0	0	0	0	0	0	0	19711	0	0	0	0	0	0	0	0	0	0	0	544157	0
LFQ	33	0	0	0	0	0	0	0	0	0	0	0	6255	0	0	0	0	0	0	0	0	0	0	0	0	0	18156	0	0	0	0	0	0	0	0	0	0	0	546661	0
LFQ	34	0	0	0	0	0	0	0	0	0	0	0	5908	0	0	0	0	0	0	0	0	0	0	0	0	0	17123	0	0	0	0	0	0	0	0	0	0	0	548041	0
LFQ	35	0	0	0	0	0	0	0	0	0	0	0	6358	0	0	0	0	0	0	0	0	0	0	0	0	0	18540	0	0	0	0	0	0	0	0	0	0	0	546174	0
LFQ	36	0	0	0	0	0	0	0	0	0	0	0	6591	0	0	0	0	0	0	0	0	0	0	0	0	0	18615	0	0	0	0	0	0	0	0	0	0	0	545866	0
LFQ	37	0	0	11	0	0	0	0	0	0	0	0	6394	0	0	0	0	0	0	0	0	0	0	0	0	0	18606	0	0	0	0	0	0	0	0	0	0	0	546061	0
LFQ	38	0	0	0	0	0	0	0	0	0	0	0	6390	0	0	0	0	0	0	0	0	0	0	0	0	0	17994	0	0	0	0	0	0	0	0	0	0	0	546688	0
LFQ	39	0	0	0	0	0	0	0	0	0	0	0	6589	0	0	0	0	0	0	0	0	0	0	0	0	0	18892	0	0	0	0	0	0	0	0	0	0	0	545591	0
LFQ	40	0	0	0	0	0	0	0	0	0	0	0	7060	0	0	0	0	0	0	0	0	0	0	0	0	0	19228	0	0	0	0	0	0	0	0	0	0	0	544784	0
LFQ	41	0	0	10	0	0	0	0	0	0	0	0	7465	0	0	0	0	0	0	0	0	0	0	0	0	0	19811	0	0	0	0	0	0	0	0	0	0	0	543786	0
LFQ	42	0	0	0	0	0	0	0	0	0	0	0	7842	0	0	0	0	0	0	0	0	0	0	0	0	0	20347	0	0	0	0	0	0	0	0	0	0	0	542883	0
LFQ	43	0	0	0	0	0	0	0	0	0	0	0	8273	0	0	0	0	0	0	0	0	0	0	0	0	0	21048	0	0	0	0	0	0	0	0	0	0	0	541751	0
LFQ	44	0	0	0	0	0	0	0	0	0	0	0	7846	0	0	0	0	0	0	0	0	0	0	0	0	0	20197	0	0	0	0	0	0	0	0	0	0	0	543029	0
LFQ	45	0	0	0	0	0	0	0	0	0	0	0	7702	0	0	0	0	0	0	0	0	0	0	0	0	0	20800	0	0	0	0	0	0	0	0	0	0	0	542570	0
LFQ	46	0	0	0	0	0	0	0	0	0	0	0	7713	0	0	0	0	0	0	0	0	0	0	0	0	0	19645	0	0	0	0	0	0	0	0	0	0	0	543714	0
LFQ	47	0	0	0	0	0	0	0	0	0	0	0	7734	0	0	0	0	0	0	0	0	0	0	0	0	0	20708	0	0	0	0	0	0	0	0	0	0	0	542630	0
LFQ	48	0	0	0	0	0	0	0	0	0	0	0	7403	0	0	0	0	0	0	0	0	0	0	0	0	0	20263	0	0	0	0	0	0	0	0	0	0	0	543406	0
LFQ	49	0	0	0	0	0	0	0	0	0	0	0	7724	0	0	0	0	0	0	0	0	0	0	0	0	0	20856	0	0	0	0	0	0	0	0	0	0	0	542492	0
LFQ	50	0	0	0	0	0	0	0	0	0	0	0	7715	0	0	0	0	0	0	0	0	0	0	0	0	0	20796	0	0	0	0	0	0	0	0	0	0	0	542561	0
LFQ	51	0	0	0	0	0	0	0	0	0	0	0	8800	0	0	0	0	0	0	0	0	0	0	0	0	0	21266	0	0	0	0	0	0	0	0	0	0	0	541006	0
LFQ	52	0	0	0	0	0	0	0	0	0	0	0	8306	0	0	0	0	0	0	0	0	0	0	0	0	0	20814	0	0	0	0	0	0	0	0	0	0	0	541952	0
LFQ	53	0	0	0	0	0	0	0	0	0	0	0	7972	0	0	0	0	0	0	0	0	0	0	0	0	0	20877	0	0	0	0	0	0	0	0	0	0	0	542223	0
LFQ	54	0	0	0	0	0	0	0	0	0	0	0	8142	0	0	0	0	0	0	0	0	0	0	0	0	0	20786	0	0	0	0	0	0	0	0	0	0	0	542144	0
LFQ	55	0	0	0	0	0	0	0	0	0	0	0	7569	0	0	0	0	0	0	0	0	0	0	0	0	0	20430	0	0	0	0	0	0	0	0	0	0	0	543073	0
LFQ	56	0	0	0	0	0	0	0	0	0	0	0	7723	0	0	0	0	0	0	0	0	0	0	0	0	0	20663	0	0	0	0	0	0	0	0	0	0	0	542686	0
LFQ	57	0	0	0	0	0	0	0	0	0	0	0	7943	0	0	0	0	0	0	0	0	0	0	0	0	0	21020	0	0	0	0	0	0	0	0	0	0	0	542109	0
LFQ	58	0	0	0	0	0	0	0	0	0	0	0	7766	0	0	0	0	0	0	0	0	0	0	0	0	0	20826	0	0	0	0	0	0	0	0	0	0	0	542480	0
LFQ	59	0	0	0	0	0	0	0	0	0	0	0	9586	0	0	0	0	0	0	0	0	0	0	0	0	0	23332	0	0	0	0	0	0	0	0	0	0	0	538154	0
LFQ	60	0	0	0	0	0	0	0	0	0	0	0	7961	0	0	0	0	0	0	0	0	0	0	0	0	0	20785	0	0	0	0	0	0	0	0	0	0	0	542326	0
LFQ	61	0	0	0	0	0	0	0	0	0	0	0	8518	0	0	0	0	0	0	0	0	0	0	0	0	0	21109	0	0	0	0	0	0	0	0	0	0	0	541445	0
LFQ	62	0	0	0	0	0	0	0	0	0	0	0	8733	0	0	0	0	0	0	0	0	0	0	0	0	0	21830	0	0	0	0	0	0	0	0	0	0	0	540509	0
LFQ	63	0	0	0	0	0	0	0	0	0	0	0	9169	0	0	0	0	0	0	0	0	0	0	0	0	0	22966	0	0	0	0	0	0	0	0	0	0	0	538937	0
LFQ	64	0	0	0	0	0	0	0	0	0	0	0	9924	0	0	0	0	0	0	0	0	0	0	0	0	0	23850	0	0	0	0	0	0	0	0	0	0	0	537298	0
LFQ	65	0	0	0	0	0	0	0	0	0	0	0	9390	0	0	0	0	0	0	0	0	0	0	0	0	0	23008	0	0	0	0	0	0	0	0	0	0	0	538674	0
LFQ	66	0	0	0	0	0	0	0	0	0	0	0	8778	0	0	0	0	0	0	0	0	0	0	0	0	0	22596	0	0	0	0	0	0	0	0	0	0	0	539698	0
LFQ	67	0	0	0	0	0	0	0	0	0	0	0	8484	0	0	0	0	0	0	0	0	0	0	0	0	0	22153	0	0	0	0	0	0	0	0	0	0	0	540435	0
LFQ	68	0	0	0	0	0	0	0	0	0	0	0	8761	0	0	0	0	0	0	0	0	0	0	0	0	0	22548	0	0	0	0	0	0	0	0	0	0	0	539763	0
LFQ	69	0	0	0	0	0	0	0	0	0	0	0	9049	0	0	0	0	0	0	0	0	0	0	0	0	0	24182	0	0	0	0	0	0	0	0	0	0	0	537841	0
LFQ	70	0	0	0	0	0	0	0	0	0	0	0	9314	0	0	0	0	0	0	0	0	0	0	0	0	0	24120	0	0	0	0	0	0	0	0	0	0	0	537638	0
LFQ	71	0	0	14	0	0	0	0	0	0	0	0	8579	0	0	0	0	0	0	0	0	0	0	0	0	0	21853	0	0	0	0	0	0	0	0	0	0	0	540626	0
LFQ	72	0	0	0	0	0	0	0	0	0	0	0	9177	0	0	0	0	0	0	0	0	0	0	0	0	0	23166	0	0	0	0	0	0	0	0	0	0	0	538729	0
LFQ	73	0	0	0	0	0	0	0	0	0	0	0	9277	0	0	0	0	0	0	0	0	0	0	0	0	0	23796	0	0	0	0	0	0	0	0	0	0	0	537999	0
LFQ	74	0	0	0	0	0	0	0	0	0	0	0	9008	0	0	0	0	0	0	0	0	0	0	0	0	0	23696	0	0	0	0	0	0	0	0	0	0	0	538368	0
LFQ	75	0	0	0	0	0	0	0	0	0	0	0	9044	0	0	0	0	0	0	0	0	0	0	0	0	0	23814	0	0	0	0	0	0	0	0	0	0	0	538214	0
LFQ	76	0	0	0	0	0	0	0	0	0	0	0	9682	0	0	0	0	0	0	0	0	0	0	0	0	0	24729	0	0	0	0	0	0	0	0	0	0	0	536661	0
LFQ	77	0	0	8	0	0	0	0	0	0	0	0	9518	0	0	0	0	0	0	0	0	0	0	0	0	0	24679	0	0	0	0	0	0	0	0	0	0	0	536867	0
LFQ	78	0	0	0	0	0	0	0	0	0	0	0	9374	0	0	0	0	0	0	0	0	0	0	0	0	0	24491	0	0	0	0	0	0	0	0	0	0	0	537207	0
LFQ	79	0	0	0	0	0	0	0	0	0	0	0	10464	0	0	0	0	0	0	0	0	0	0	0	0	0	24712	0	0	0	0	0	0	0	0	0	0	0	535896	0
LFQ	80	0	0	0	0	0	0	0	0	0	0	0	10814	0	0	0	0	0	0	0	0	0	0	0	0	0	26781	0	0	0	0	0	0	0	0	0	0	0	533477	0
LFQ	81	0	0	0	0	0	0	0	0	0	0	0	10345	0	0	0	0	0	0	0	0	0	0	0	0	0	25905	0	0	0	0	0	0	0	0	0	0	0	534822	0
LFQ	82	0	0	0	0	0	0	0	0	0	0	0	9848	0	0	0	0	0	0	0	0	0	0	0	0	0	24997	0	0	0	0	0	0	0	0	0	0	0	536227	0
LFQ	83	0	0	0	0	0	0	0	0	0	0	0	10203	0	0	0	0	0	0	0	0	0	0	0	0	0	25894	0	0	0	0	0	0	0	0	0	0	0	534975	0
LFQ	84	0	0	0	0	0	0	0	0	0	0	0	10273	0	0	0	0	0	0	0	0	0	0	0	0	0	26130	0	0	0	0	0	0	0	0	0	0	0	534669	0
LFQ	85	0	0	0	0	0	0	0	0	0	0	0	10710	0	0	0	0	0	0	0	0	0	0	0	0	0	25769	0	0	0	0	0	0	0	0	0	0	0	534593	0
LFQ	86	0	0	0	0	0	0	0	0	0	0	0	10937	0	0	0	0	0	0	0	0	0	0	0	0	0	26961	0	0	0	0	0	0	0	0	0	0	0	533174	0
LFQ	87	0	0	14	0	0	0	0	0	0	0	0	11449	0	0	0	0	0	0	0	0	0	0	0	0	0	26946	0	0	0	0	0	0	0	0	0	0	0	532663	0
LFQ	88	0	0	0	0	0	0	0	0	0	0	0	11801	0	0	0	0	0	0	0	0	0	0	0	0	0	28517	0	0	0	0	0	0	0	0	0	0	0	530754	0
LFQ	89	0	0	0	0	0	0	0	0	0	0	0	12655	0	0	0	0	0	0	0	0	0	0	0	0	0	28633	0	0	0	0	0	0	0	0	0	0	0	529784	0
LFQ	90	0	0	0	0	0	0	0	0	0	0	0	10897	0	0	0	0	0	0	0	0	0	0	0	0	0	26945	0	0	0	0	0	0	0	0	0	0	0	533230	0
LFQ	91	0	0	0	0	0	0	0	0	0	0	0	11978	0	0	0	0	0	0	0	0	0	0	0	0	0	28129	0	0	0	0	0	0	0	0	0	0	0	530965	0
LFQ	92	0	0	0	0	0	0	0	0	0	0	0	12257	0	0	0	0	0	0	0	0	0	0	0	0	0	28144	0	0	0	0	0	0	0	0	0	0	0	530671	0
LFQ	93	0	0	0	0	0	0	0	0	0	0	0	11784	0	0	0	0	0	0	0	0	0	0	0	0	0	28044	0	0	0	0	0	0	0	0	0	0	0	531244	0
LFQ	94	0	0	0	0	0	0	0	0	0	0	0	12457	0	0	0	0	0	0	0	0	0	0	0	0	0	29409	0	0	0	0	0	0	0	0	0	0	0	529206	0
LFQ	95	0	0	0	0	0	0	0	0	0	0	0	12645	0	0	0	0	0	0	0	0	0	0	0	0	0	29421	0	0	0	0	0	0	0	0	0	0	0	529006	0
LFQ	96	0	0	0	0	0	0	0	0	0	0	0	13505	0	0	0	0	0	0	0	0	0	0	0	0	0	30605	0	0	0	0	0	0	0	0	0	0	0	526962	0
LFQ	97	0	0	12	0	0	0	0	0	0	0	0	12377	0	0	0	0	0	0	0	0	0	0	0	0	0	28790	0	0	0	0	0	0	0	0	0	0	0	529893	0
LFQ	98	0	0	0	0	0	0	0	0	0	0	0	12844	0	0	0	0	0	0	0	0	0	0	0	0	0	29875	0	0	0	0	0	0	0	0	0	0	0	528353	0
LFQ	99	0	0	0	0	0	0	0	0	0	0	0	13141	0	0	0	0	0	0	0	0	0	0	0	0	0	30137	0	0	0	0	0	0	0	0	0	0	0	527794	0
LFQ	100	0	0	0	0	0	0	0	0	0	0	0	12558	0	0	0	0	0	0	0	0	0	0	0	0	0	29416	0	0	0	0	0	0	0	0	0	0	0	529098	0
LFQ	101	0	0	0	0	0	0	0	0	0	0	0	12702	0	0	0	0	0	0	0	0	0	0	0	0	0	29236	0	0	0	0	0	0	0	0	0	0	0	529134	0
LFQ	102	0	0	0	0	0	0	0	0	0	0	0	12771	0	0	0	0	0	0	0	0	0	0	0	0	0	30083	0	0	0	0	0	0	0	0	0	0	0	528218	0
LFQ	103	0	0	0	0	0	0	0	0	0	0	0	13809	0	0	0	0	0	0	0	0	0	0	0	0	0	31557	0	0	0	0	0	0	0	0	0	0	0	525706	0
LFQ	104	0	0	0	0	0	0	0	0	0	0	0	13744	0	0	0	0	0	0	0	0	0	0	0	0	0	31366	0	0	0	0	0	0	0	0	0	0	0	525962	0
LFQ	105	0	0	0	0	0	0	0	0	0	0	0	13564	0	0	0	0	0	0	0	0	0	0	0	0	0	31774	0	0	0	0	0	0	0	0	0	0	0	525734	0
LFQ	106	0	0	0	0	0	0	0	0	0	0	0	14036	0	0	0	0	0	0	0	0	0	0	0	0	0	30447	0	0	0	0	0	0	0	0	0	0	0	526589	0
LFQ	107	0	0	0	0	0	0	0	0	0	0	0	12751	0	0	0	0	0	0	0	0	0	0	0	0	0	29897	0	0	0	0	0	0	0	0	0	0	0	528424	0
LFQ	108	0	0	0	0	0	0	0	0	0	0	0	13473	0	0	0	0	0	0	0	0	0	0	0	0	0	31682	0	0	0	0	0	0	0	0	0	0	0	525917	0
LFQ	109	0	0	0	0	0	0	0	0	0	0	0	13265	0	0	0	0	0	0	0	0	0	0	0	0	0	31403	0	0	0	0	0	0	0	0	0	0	0	526404	0
LFQ	110	0	0	0	0	0	0	0	0	0	0	0	13976	0	0	0	0	0	0	0	0	0	0	0	0	0	32036	0	0	0	0	0	0	0	0	0	0	0	525060	0
LFQ	111	0	0	0	0	0	0	0	0	0	0	0	14192	0	0	0	0	0	0	0	0	0	0	0	0	0	31812	0	0	0	0	0	0	0	0	0	0	0	525068	0
LFQ	112	0	0	7	0	0	0	0	0	0	0	0	13374	0	0	0	0	0	0	0	0	0	0	0	0	0	30886	0	0	0	0	0	0	0	0	0	0	0	526805	0
LFQ	113	0	0	2	0	0	0	0	0	0	0	0	14257	0	0	0	0	0	0	0	0	0	0	0	0	0	32305	0	0	0	0	0	0	0	0	0	0	0	524508	0
LFQ	114	0	0	0	0	0	0	0	0	0	0	0	14923	0	0	0	0	0	0	0	0	0	0	0	0	0	33233	0	0	0	0	0	0	0	0	0	0	0	522916	0
LFQ	115	0	0	0	0	0	0	0	0	0	0	0	15086	0	0	0	0	0	0	0	0	0	0	0	0	0	32917	0	0	0	0	0	0	0	0	0	0	0	523069	0
LFQ	116	0	0	4	0	0	0	0	0	0	0	0	14207	0	0	0	0	0	0	0	0	0	0	0	0	0	31787	0	0	0	0	0	0	0	0	0	0	0	525074	0
LFQ	117	0	0	0	0	0	0	0	0	0	0	0	14869	0	0	0	0	0	0	0	0	0	0	0	0	0	33201	0	0	0	0	0	0	0	0	0	0	0	523002	0
LFQ	118	0	0	19	0	0	0	0	0	0	0	0	15464	0	0	0	0	0	0	0	0	0	0	0	0	0	33426	0	0	0	0	0	0	0	0	0	0	0	522163	0
LFQ	119	0	0	0	0	0	0	0	0	0	0	0	15305	0	0	0	0	0	0	0	0	0	0	0	0	0	33519	0	0	0	0	0	0	0	0	0	0	0	522248	0
LFQ	120	0	0	0	0	0	0	0	0	0	0	0	16630	0	0	0	0	0	0	0	0	0	0	0	0	0	35843	0	0	0	0	0	0	0	0	0	0	0	518599	0
LFQ	121	0	0	18	0	0	0	0	0	0	0	0	16164	0	0	0	0	0	0	0	0	0	0	0	0	0	34919	0	0	0	0	0	0	0	0	0	0	0	519971	0
LFQ	122	0	0	0	0	0	0	0	0	0	0	0	16911	0	0	0	0	0	0	0	0	0	0	0	0	0	34960	0	0	0	0	0	0	0	0	0	0	0	519201	0
LFQ	123	0	0	0	0	0	0	0	0	0	0	0	16499	0	0	0	0	0	0	0	0	0	0	0	0	0	34922	0	0	0	0	0	0	0	0	0	0	0	519651	0
LFQ	124	0	0	1	0	0	0	0	0	0	0	0	17816	0	0	0	0	0	0	0	0	0	0	0	0	0	36961	0	0	0	0	0	0	0	0	0	0	0	516294	0
LFQ	125	0	0	0	0	0	0	0	0	0	0	0	18004	0	0	0	0	0	0	0	0	0	0	0	0	0	37539	0	0	0	0	0	0	0	0	0	0	0	515529	0
LFQ	126	0	0	0	0	0	0	0	0	0	0	0	17039	0	0	0	0	0	0	0	0	0	0	0	0	0	35412	0	0	0	0	0	0	0	0	0	0	0	518621	0
LFQ	127	0	0	0	0	0	0	0	0	0	0	0	17321	0	0	0	0	0	0	0	0	0	0	0	0	0	36735	0	0	0	0	0	0	0	0	0	0	0	517016	0
LFQ	128	0	0	0	0	0	0	0	0	0	0	0	18464	0	0	0	0	0	0	0	0	0	0	0	0	0	37052	0	0	0	0	0	0	0	0	0	0	0	515556	0
LFQ	129	0	0	0	0	0	0	0	0	0	0	0	19399	0	0	0	0	0	0	0	0	0	0	0	0	0	39135	0	0	0	0	0	0	0	0	0	0	0	512538	0
LFQ	130	0	0	0	0	0	0	0	0	0	0	0	20176	0	0	0	0	0	0	0	0	0	0	0	0	0	40494	0	0	0	0	0	0	0	0	0	0	0	510402	0
LFQ	131	0	0	0	0	0	0	0	0	0	0	0	19207	0	0	0	0	0	0	0	0	0	0	0	0	0	38092	0	0	0	0	0	0	0	0	0	0	0	513773	0
LFQ	132	0	0	0	0	0	0	0	0	0	0	0	19168	0	0	0	0	0	0	0	0	0	0	0	0	0	38945	0	0	0	0	0	0	0	0	0	0	0	512959	0
LFQ	133	0	0	0	0	0	0	0	0	0	0	0	18148	0	0	0	0	0	0	0	0	0	0	0	0	0	38284	0	0	0	0	0	0	0	0	0	0	0	514640	0
LFQ	134	0	0	0	0	0	0	0	0	0	0	0	17595	0	0	0	0	0	0	0	0	0	0	0	0	0	36782	0	0	0	0	0	0	0	0	0	0	0	516695	0
LFQ	135	0	0	0	0	0	0	0	0	0	0	0	16736	0	0	0	0	0	0	0	0	0	0	0	0	0	36053	0	0	0	0	0	0	0	0	0	0	0	518283	0
LFQ	136	0	0	0	0	0	0	0	0	0	0	0	18013	0	0	0	0	0	0	0	0	0	0	0	0	0	39232	0	0	0	0	0	0	0	0	0	0	0	513827	0
LFQ	137	0	0	0	0	0	0	0	0	0	0	0	19536	0	0	0	0	0	0	0	0	0	0	0	0	0	39566	0	0	0	0	0	0	0	0	0	0	0	511968	0
LFQ	138	0	0	0	0	0	0	0	0	0	0	0	19658	0	0	0	0	0	0	0	0	0	0	0	0	0	39958	0	0	0	0	0	0	0	0	0	0	0	511042	0
LFQ	139	0	0	0	0	0	0	0	0	0	0	0	19307	0	0	0	0	0	0	0	0	0	0	0	0	0	39398	0	0	0	0	0	0	0	0	0	0	0	511593	0
LFQ	140	0	0	0	0	0	0	0	0	0	0	0	20651	0	0	0	0	0	0	0	0	0	0	0	0	0	40361	0	0	0	0	0	0	0	0	0	0	0	508981	0
LFQ	141	0	0	0	0	0	0	0	0	0	0	0	22953	0	0	0	0	0	0	0	0	0	0	0	0	0	43672	0	0	0	0	0	0	0	0	0	0	0	502974	0
LFQ	142	0	0	0	0	0	0	0	0	0	0	0	22022	0	0	0	0	0	0	0	0	0	0	0	0	0	42727	0	0	0	0	0	0	0	0	0	0	0	504455	0
LFQ	143	0	0	0	0	0	0	0	0	0	0	0	20534	0	0	0	0	0	0	0	0	0	0	0	0	0	42305	0	0	0	0	0	0	0	0	0	0	0	505865	0
LFQ	144	0	0	0	0	0	0	0	0	0	0	0	21617	0	0	0	0	0	0	0	0	0	0	0	0	0	41903	0	0	0	0	0	0	0	0	0	0	0	504725	0
LFQ	145	0	0	13	0	0	0	0	0	0	0	0	21507	0	0	0	0	0	0	0	0	0	0	0	0	0	41240	0	0	0	0	0	0	0	0	0	0	0	505055	0
LFQ	146	0	0	0	0	0	0	0	0	0	0	0	21961	0	0	0	0	0	0	0	0	0	0	0	0	0	42349	0	0	0	0	0	0	0	0	0	0	0	502943	0
LFQ	147	0	0	0	0	0	0	0	0	0	0	0	22328	0	0	0	0	0	0	0	0	0	0	0	0	0	42546	0	0	0	0	0	0	0	0	0	0	0	500941	0
LFQ	148	0	0	0	0	0	0	0	0	0	0	0	21673	0	0	0	0	0	0	0	0	0	0	0	0	0	41463	0	0	0	0	0	0	0	0	0	0	0	492072	0
LFQ	149	0	0	0	0	0	0	0	0	0	0	0	23279	0	0	0	0	0	0	0	0	0	0	0	0	0	43366	0	0	0	0	0	0	0	0	0	0	0	488563	0
LFQ	150	0	0	0	0	0	0	0	0	0	0	0	24124	0	0	0	0	0	0	0	0	0	0	0	0	0	44778	0	0	0	0	0	0	0	0	0	0	0	485963	0
# GC Content of first fragments. Use `grep ^GCF | cut -f 2-` to extract this part.
GCF	0.25	2
GCF	1.01	3
GCF	2.26	4
GCF	3.27	7
GCF	3.77	5
GCF	4.27	6
GCF	4.77	4
GCF	5.28	7
GCF	5.78	11
GCF	6.28	9
GCF	6.78	6
GCF	7.29	8
GCF	8.29	5
GCF	9.30	7
GCF	9.80	9
GCF	10.30	7
GCF	10.80	8
GCF	11.31	2
GCF	11.81	1
GCF	12.31	2
GCF	12.81	3
GCF	13.32	6
GCF	14.07	8
GCF	14.82	5
GCF	15.33	4
GCF	16.08	3
GCF	16.83	1
GCF	17.34	7
GCF	17.84	4
GCF	18.34	3
GCF	18.84	7
GCF	19.35	5
GCF	19.85	10
GCF	20.35	11
GCF	20.85	7
GCF	21.36	14
GCF	21.86	5
GCF	22.36	6
GCF	22.86	7
GCF	23.37	9
GCF	23.87	16
GCF	24.37	15
GCF	24.87	14
GCF	25.38	16
GCF	26.13	21
GCF	26.88	30
GCF	27.39	40
GCF	28.14	72
GCF	28.89	638
GCF	29.40	5668
GCF	29.90	8121
GCF	30.40	8196
GCF	30.90	5643
GCF	31.41	9318
GCF	31.91	8304
GCF	32.41	8560
GCF	32.91	19554
GCF	33.42	37989
GCF	33.92	43084
GCF	34.42	34259
GCF	34.92	34177
GCF	35.43	23333
GCF	35.93	24949
GCF	36.43	27005
GCF	36.93	26897
GCF	37.44	17648
GCF	37.94	12649
GCF	38.44	16983
GCF	38.94	16925
GCF	39.45	29827
GCF	39.95	24591
GCF	40.45	33156
GCF	40.95	33948
GCF	41.46	48275
GCF	41.96	20110
GCF	42.46	13066
GCF	42.96	12358
GCF	43.47	8003
GCF	43.97	9232
GCF	44.47	11141
GCF	44.97	11340
GCF	45.48	8786
GCF	45.98	16999
GCF	46.48	6174
GCF	46.98	6170
GCF	47.49	18438
GCF	47.99	21172
GCF	48.49	3493
GCF	48.99	3494
GCF	49.50	3931
GCF	50.00	856
GCF	50.50	93
GCF	51.01	92
GCF	51.51	15
GCF	52.01	9
GCF	52.76	5
GCF	53.77	11
GCF	54.77	7
GCF	55.53	2
GCF	56.03	1
GCF	56.78	2
GCF	57.54	0
GCF	58.04	1
GCF	59.05	0
GCF	60.05	2
GCF	61.06	0
GCF	62.06	1
GCF	63.07	0
GCF	64.07	1
GCF	65.08	0
GCF	66.08	1
GCF	67.09	0
GCF	68.09	1
GCF	70.35	0
GCF	72.61	1
# GC Content of last fragments. Use `grep ^GCL | cut -f 2-` to extract this part.
GCL	0.50	1
GCL	1.26	2
GCL	2.51	3
GCL	4.02	6
GCL	4.77	4
GCL	5.28	2
GCL	6.03	4
GCL	6.78	3
GCL	7.29	1
GCL	8.04	4
GCL	8.79	7
GCL	9.30	3
GCL	10.05	2
GCL	10.80	4
GCL	11.31	1
GCL	12.06	9
GCL	12.81	2
GCL	13.32	3
GCL	14.07	4
GCL	14.82	7
GCL	15.33	9
GCL	16.08	7
GCL	16.83	11
GCL	18.09	5
GCL	19.35	13
GCL	20.10	12
GCL	21.61	11
GCL	22.86	19
GCL	23.37	30
GCL	23.87	36
GCL	24.37	37
GCL	24.87	48
GCL	25.38	56
GCL	25.88	85
GCL	26.38	89
GCL	26.88	117
GCL	27.39	244
GCL	27.89	599
GCL	28.39	622
GCL	28.89	4691
GCL	29.40	16815
GCL	29.90	15925
GCL	30.40	15833
GCL	30.90	9274
GCL	31.41	10162
GCL	31.91	15016
GCL	32.41	15071
GCL	32.91	19070
GCL	33.42	20780
GCL	33.92	28629
GCL	34.42	26939
GCL	34.92	26947
GCL	35.43	27050
GCL	35.93	13779
GCL	36.43	17512
GCL	36.93	17368
GCL	37.44	23270
GCL	37.94	23237
GCL	38.44	30585
GCL	38.94	31664
GCL	39.45	30409
GCL	39.95	26633
GCL	40.45	25678
GCL	40.95	25175
GCL	41.46	27839
GCL	41.96	15902
GCL	42.46	18218
GCL	42.96	18787
GCL	43.47	12081
GCL	43.97	14552
GCL	44.47	24682
GCL	44.97	24328
GCL	45.48	19664
GCL	45.98	15602
GCL	46.48	8358
GCL	46.98	8278
GCL	47.49	13289
GCL	47.99	9751
GCL	48.49	1929
GCL	48.99	1942
GCL	49.50	2488
GCL	50.00	240
GCL	50.50	98
GCL	51.01	94
GCL	51.51	21
GCL	52.01	17
GCL	52.76	12
GCL	53.52	13
GCL	54.02	7
GCL	54.77	5
GCL	55.53	3
GCL	56.03	7
GCL	57.04	1
GCL	58.04	4
GCL	58.79	0
GCL	59.55	1
GCL	60.05	2
GCL	60.80	3
GCL	61.56	5
GCL	62.06	1
GCL	63.07	0
GCL	64.82	1
GCL	66.08	0
GCL	66.58	1
GCL	67.34	0
GCL	68.09	1
GCL	68.59	2
GCL	69.35	0
GCL	70.35	1
GCL	71.36	0
GCL	72.11	1
GCL	72.61	2
GCL	73.37	1
GCL	75.38	0
GCL	77.39	1
GCL	78.14	0
GCL	79.15	1
GCL	80.15	0
GCL	80.65	1
GCL	81.41	2
GCL	82.16	1
GCL	82.66	0
GCL	83.42	1
GCL	84.92	0
GCL	86.18	1
GCL	87.19	0
GCL	88.19	1
GCL	88.69	0
GCL	89.45	2
GCL	90.20	0
GCL	90.70	1
GCL	93.47	0
GCL	96.23	1
GCL	97.24	0
GCL	98.49	1
# ACGT content per cycle. Use `grep ^GCC | cut -f 2-` to extract this part. The columns are: cycle; A,C,G,T base counts as a percentage of all A/C/G/T bases [%]; and N and O counts as a percentage of all A/C/G/T bases [%]
GCC	1	22.13	22.21	37.23	18.43	0.00	0.00
GCC	2	31.04	13.33	31.71	23.92	0.00	0.00
GCC	3	31.11	13.65	29.94	25.30	0.00	0.00
GCC	4	29.98	14.35	31.85	23.82	0.00	0.00
GCC	5	32.06	15.90	25.78	26.25	0.00	0.00
GCC	6	33.64	15.32	23.78	27.26	0.01	0.00
GCC	7	33.57	12.64	19.36	34.44	0.00	0.00
GCC	8	31.54	15.86	21.03	31.57	0.01	0.00
GCC	9	29.19	16.22	22.85	31.74	0.00	0.00
GCC	10	32.92	13.39	20.45	33.24	0.00	0.00
GCC	11	28.41	18.59	24.08	28.92	0.00	0.00
GCC	12	25.51	18.93	22.05	33.51	0.00	0.00
GCC	13	27.80	18.14	20.30	33.76	0.00	0.00
GCC	14	29.35	16.26	19.97	34.43	0.00	0.00
GCC	15	29.80	14.19	20.02	35.99	0.00	0.00
GCC	16	30.50	15.88	21.70	31.91	0.00	0.00
GCC	17	29.48	16.68	23.97	29.87	0.00	0.00
GCC	18	30.90	15.46	23.49	30.14	0.00	0.00
GCC	19	29.72	13.24	25.74	31.30	0.00	0.00
GCC	20	32.38	13.73	21.92	31.97	0.00	0.00
GCC	21	30.91	14.96	20.86	33.27	0.00	0.00
GCC	22	30.19	13.48	24.84	31.49	0.00	0.00
GCC	23	30.10	14.72	22.20	32.97	0.00	0.00
GCC	24	30.21	15.24	22.52	32.04	0.00	0.00
GCC	25	33.08	16.06	19.00	31.87	0.00	0.00
GCC	26	28.10	15.82	24.05	32.02	0.00	0.00
GCC	27	28.94	17.58	23.64	29.85	0.00	0.00
GCC	28	32.75	16.29	23.90	27.06	0.00	0.00
GCC	29	30.47	14.88	24.68	29.97	0.00	0.00
GCC	30	27.99	14.53	25.47	32.01	0.00	0.00
GCC	31	28.15	14.12	25.14	32.59	0.00	0.00
GCC	32	30.77	14.18	23.18	31.87	0.00	0.00
GCC	33	27.30	16.53	20.71	35.46	0.00	0.00
GCC	34	27.11	18.06	20.85	33.98	0.00	0.00
GCC	35	25.71	20.21	22.39	31.69	0.00	0.00
GCC	36	30.26	16.88	20.41	32.45	0.00	0.00
GCC	37	28.75	18.59	23.39	29.27	0.00	0.00
GCC	38	28.62	18.59	24.49	28.29	0.00	0.00
GCC	39	30.17	18.04	20.93	30.86	0.00	0.00
GCC	40	28.00	17.33	22.45	32.21	0.00	0.00
GCC	41	30.49	16.70	20.77	32.03	0.00	0.00
GCC	42	28.60	16.95	20.36	34.09	0.00	0.00
GCC	43	28.26	14.86	23.82	33.06	0.00	0.00
GCC	44	30.03	16.17	23.48	30.32	0.00	0.00
GCC	45	29.82	18.75	23.00	28.43	0.00	0.00
GCC	46	32.76	15.85	24.44	26.95	0.00	0.00
GCC	47	31.38	15.09	25.02	28.50	0.00	0.00
GCC	48	32.23	14.05	25.01	28.72	0.00	0.00
GCC	49	32.40	15.54	20.69	31.37	0.00	0.00
GCC	50	31.51	16.52	22.65	29.31	0.00	0.00
GCC	51	32.99	14.33	22.09	30.60	0.00	0.00
GCC	52	30.79	15.68	23.01	30.53	0.00	0.00
GCC	53	29.59	15.97	22.74	31.70	0.00	0.00
GCC	54	32.20	16.08	21.07	30.65	0.00	0.00
GCC	55	32.35	16.78	20.97	29.90	0.00	0.00
GCC	56	30.03	15.86	22.31	31.80	0.00	0.00
GCC	57	29.35	17.59	23.18	29.89	0.00	0.00
GCC	58	33.87	13.09	21.22	31.82	0.00	0.00
GCC	59	31.23	14.90	19.53	34.34	0.00	0.00
GCC	60	31.87	14.12	22.42	31.60	0.00	0.00
GCC	61	31.12	14.77	21.52	32.59	0.00	0.00
GCC	62	31.19	13.34	22.67	32.80	0.00	0.00
GCC	63	29.11	13.62	24.76	32.51	0.00	0.00
GCC	64	30.06	14.53	23.40	32.01	0.00	0.00
GCC	65	30.86	15.70	21.95	31.49	0.00	0.00
GCC	66	30.37	13.60	23.21	32.82	0.00	0.00
GCC	67	28.41	15.76	21.55	34.29	0.00	0.00
GCC	68	27.89	15.20	22.38	34.52	0.00	0.00
GCC	69	32.28	14.84	22.62	30.26	0.00	0.00
GCC	70	30.04	14.42	22.65	32.89	0.00	0.00
GCC	71	30.03	17.32	23.04	29.61	0.00	0.00
GCC	72	30.55	16.23	22.18	31.04	0.00	0.00
GCC	73	29.68	14.46	21.88	33.99	0.00	0.00
GCC	74	29.25	15.65	21.39	33.71	0.00	0.00
GCC	75	30.91	12.67	20.73	35.69	0.00	0.00
GCC	76	29.26	13.88	22.13	34.73	0.00	0.00
GCC	77	30.64	16.32	20.62	32.42	0.00	0.00
GCC	78	30.35	16.82	21.45	31.38	0.00	0.00
GCC	79	29.62	14.22	21.49	34.67	0.00	0.00
GCC	80	31.44	12.36	23.00	33.19	0.00	0.00
GCC	81	29.36	15.34	23.62	31.68	0.00	0.00
GCC	82	29.03	14.28	24.25	32.44	0.00	0.00
GCC	83	29.84	14.66	23.94	31.56	0.00	0.00
GCC	84	30.75	15.49	22.02	31.74	0.00	0.00
GCC	85	30.10	18.29	20.35	31.26	0.00	0.00
GCC	86	31.35	15.25	19.90	33.50	0.00	0.00
GCC	87	29.52	14.94	23.98	31.55	0.00	0.00
GCC	88	30.12	15.32	22.74	31.83	0.00	0.00
GCC	89	32.11	15.12	24.42	28.35	0.00	0.00
GCC	90	32.35	14.67	24.01	28.97	0.00	0.00
GCC	91	32.23	14.51	20.66	32.59	0.00	0.00
GCC	92	32.22	15.81	22.94	29.03	0.00	0.00
GCC	93	31.37	16.36	23.99	28.28	0.00	0.00
GCC	94	29.82	15.22	22.56	32.40	0.00	0.00
GCC	95	29.63	16.82	21.60	31.95	0.00	0.00
GCC	96	29.82	14.13	20.59	35.45	0.00	0.00
GCC	97	29.78	14.36	20.65	35.21	0.00	0.00
GCC	98	30.16	15.95	22.77	31.12	0.00	0.00
GCC	99	28.95	18.21	20.60	32.24	0.00	0.00
GCC	100	30.44	15.07	22.36	32.13	0.00	0.00
GCC	101	31.19	15.99	21.58	31.23	0.00	0.00
GCC	102	31.57	15.19	20.26	32.97	0.00	0.00
GCC	103	31.14	15.66	20.93	32.27	0.00	0.00
GCC	104	28.59	16.28	23.37	31.76	0.00	0.00
GCC	105	28.74	16.37	22.19	32.70	0.00	0.00
GCC	106	29.27	15.34	23.12	32.26	0.00	0.00
GCC	107	30.61	13.60	23.53	32.26	0.00	0.00
GCC	108	27.21	15.73	23.59	33.46	0.00	0.00
GCC	109	30.32	16.21	23.24	30.24	0.00	0.00
GCC	110	28.80	17.75	24.55	28.89	0.00	0.00
GCC	111	30.13	18.44	22.54	28.89	0.00	0.00
GCC	112	31.11	14.71	25.91	28.27	0.00	0.00
GCC	113	32.77	14.18	24.77	28.29	0.00	0.00
GCC	114	31.57	15.46	23.12	29.84	0.00	0.00
GCC	115	29.78	17.57	23.10	29.54	0.00	0.00
GCC	116	33.30	15.08	22.13	29.48	0.00	0.00
GCC	117	31.81	18.06	21.57	28.56	0.00	0.00
GCC	118	35.07	13.62	21.61	29.70	0.00	0.00
GCC	119	31.48	15.24	22.23	31.06	0.00	0.00
GCC	120	29.78	18.61	22.24	29.38	0.00	0.00
GCC	121	29.78	16.04	23.70	30.49	0.00	0.00
GCC	122	30.50	14.58	22.59	32.33	0.00	0.00
GCC	123	32.17	14.71	22.16	30.96	0.00	0.00
GCC	124	33.67	16.07	19.55	30.71	0.00	0.00
GCC	125	31.31	13.12	24.06	31.51	0.00	0.00
GCC	126	30.48	15.12	23.39	31.01	0.00	0.00
GCC	127	29.86	13.86	23.45	32.84	0.00	0.00
GCC	128	32.06	15.05	22.00	30.88	0.00	0.00
GCC	129	29.53	15.57	23.85	31.05	0.00	0.00
GCC	130	32.11	13.58	24.19	30.12	0.00	0.00
GCC	131	31.34	16.55	23.82	28.29	0.00	0.00
GCC	132	29.32	18.96	23.45	28.27	0.00	0.00
GCC	133	30.64	16.50	22.86	30.01	0.00	0.00
GCC	134	31.99	14.10	22.27	31.64	0.00	0.00
GCC	135	31.67	15.73	22.66	29.94	0.00	0.00
GCC	136	31.50	14.72	25.03	28.75	0.00	0.00
GCC	137	31.71	16.29	22.71	29.30	0.00	0.00
GCC	138	30.30	17.43	22.17	30.11	0.00	0.00
GCC	139	31.10	16.42	23.60	28.88	0.00	0.00
GCC	140	30.29	15.10	22.36	32.25	0.00	0.00
GCC	141	28.52	16.31	25.69	29.47	0.00	0.00
GCC	142	29.77	19.18	22.44	28.60	0.00	0.00
GCC	143	30.78	16.35	23.06	29.81	0.00	0.00
GCC	144	30.89	16.44	23.22	29.45	0.00	0.00
GCC	145	29.56	17.81	20.60	32.04	0.00	0.00
GCC	146	28.97	16.65	21.25	33.13	0.00	0.00
GCC	147	28.41	16.70	22.87	32.02	0.00	0.00
GCC	148	27.87	13.78	25.36	32.99	0.00	0.00
GCC	149	29.26	14.97	26.00	29.77	0.00	0.00
GCC	150	28.39	14.21	24.37	33.03	0.00	0.00
# ACGT content per cycle for first fragments. Use `grep ^FBC | cut -f 2-` to extract this part. The columns are: cycle; A,C,G,T base counts as a percentage of all A/C/G/T bases [%]; and N and O counts as a percentage of all A/C/G/T bases [%]
FBC	1	15.76	22.23	45.41	16.61	0.00	0.00
FBC	2	31.89	17.79	34.87	15.46	0.00	0.00
FBC	3	29.63	13.25	39.64	17.48	0.01	0.00
FBC	4	26.46	15.71	39.31	18.52	0.00	0.00
FBC	5	28.70	18.35	27.76	25.19	0.00	0.00
FBC	6	28.72	17.38	27.46	26.44	0.03	0.00
FBC	7	41.66	11.06	18.94	28.33	0.00	0.00
FBC	8	37.36	14.52	20.83	27.29	0.01	0.00
FBC	9	33.85	16.58	22.66	26.91	0.00	0.00
FBC	10	29.95	13.71	17.94	38.40	0.00	0.00
FBC	11	24.97	19.31	19.73	35.99	0.00	0.00
FBC	12	26.73	18.80	19.37	35.10	0.00	0.00
FBC	13	27.91	18.74	18.83	34.53	0.00	0.00
FBC	14	26.63	17.09	19.50	36.78	0.00	0.00
FBC	15	28.20	13.46	19.56	38.78	0.00	0.00
FBC	16	31.58	14.92	20.09	33.41	0.00	0.00
FBC	17	31.11	15.85	23.03	30.00	0.00	0.00
FBC	18	33.10	10.39	25.81	30.69	0.00	0.00
FBC	19	29.87	10.96	27.97	31.20	0.00	0.00
FBC	20	33.67	11.18	19.85	35.30	0.00	0.00
FBC	21	34.16	11.23	18.73	35.88	0.00	0.00
FBC	22	29.99	11.84	24.01	34.16	0.00	0.00
FBC	23	27.18	14.81	21.64	36.37	0.00	0.00
FBC	24	30.27	16.26	21.09	32.38	0.00	0.00
FBC	25	33.18	17.06	15.94	33.82	0.00	0.00
FBC	26	28.64	16.95	21.40	33.01	0.00	0.00
FBC	27	28.20	18.83	23.20	29.76	0.00	0.00
FBC	28	34.98	18.47	21.16	25.38	0.00	0.00
FBC	29	32.28	15.94	23.29	28.50	0.00	0.00
FBC	30	26.84	13.63	28.61	30.92	0.00	0.00
FBC	31	27.87	13.96	25.54	32.63	0.00	0.00
FBC	32	30.24	15.50	23.66	30.61	0.00	0.00
FBC	33	26.28	19.46	17.35	36.92	0.00	0.00
FBC	34	24.71	21.27	17.62	36.40	0.00	0.00
FBC	35	23.10	23.41	23.02	30.48	0.00	0.00
FBC	36	30.36	20.04	19.41	30.18	0.00	0.00
FBC	37	28.33	21.53	22.55	27.59	0.00	0.00
FBC	38	28.46	20.64	22.86	28.04	0.00	0.00
FBC	39	29.48	18.92	20.70	30.89	0.00	0.00
FBC	40	26.86	17.35	23.31	32.48	0.00	0.00
FBC	41	31.24	18.19	18.01	32.57	0.00	0.00
FBC	42	27.35	16.86	18.22	37.58	0.00	0.00
FBC	43	28.06	15.01	21.11	35.82	0.00	0.00
FBC	44	29.33	16.24	22.94	31.49	0.00	0.00
FBC	45	30.61	18.62	23.66	27.10	0.00	0.00
FBC	46	35.84	15.07	25.05	24.04	0.00	0.00
FBC	47	32.43	13.88	27.53	26.16	0.00	0.00
FBC	48	32.60	12.47	25.99	28.94	0.00	0.00
FBC	49	34.36	16.09	21.21	28.34	0.00	0.00
FBC	50	34.88	16.80	21.70	26.62	0.00	0.00
FBC	51	35.41	14.74	21.63	28.22	0.00	0.00
FBC	52	30.45	17.92	21.93	29.69	0.00	0.00
FBC	53	27.84	16.87	22.07	33.22	0.00	0.00
FBC	54	31.65	17.78	20.37	30.20	0.00	0.00
FBC	55	34.11	18.36	18.84	28.69	0.00	0.00
FBC	56	29.72	17.54	19.92	32.82	0.00	0.00
FBC	57	28.56	18.49	23.87	29.08	0.00	0.00
FBC	58	34.40	13.34	21.55	30.71	0.00	0.00
FBC	59	31.53	14.26	18.77	35.44	0.00	0.00
FBC	60	31.61	13.17	21.75	33.47	0.00	0.00
FBC	61	31.74	14.80	20.97	32.49	0.00	0.00
FBC	62	30.78	11.65	24.38	33.18	0.00	0.00
FBC	63	28.40	11.76	27.88	31.96	0.00	0.00
FBC	64	29.12	14.97	24.30	31.60	0.00	0.00
FBC	65	31.41	16.75	21.03	30.81	0.00	0.00
FBC	66	30.52	12.88	23.22	33.37	0.00	0.00
FBC	67	25.84	15.96	21.71	36.49	0.00	0.00
FBC	68	25.97	14.01	24.00	36.02	0.00	0.00
FBC	69	32.63	13.51	23.94	29.93	0.00	0.00
FBC	70	29.44	13.89	22.02	34.66	0.00	0.00
FBC	71	30.21	18.88	21.95	28.95	0.00	0.00
FBC	72	31.70	16.50	18.76	33.04	0.00	0.00
FBC	73	30.11	14.39	20.01	35.48	0.00	0.00
FBC	74	29.23	14.64	19.46	36.67	0.00	0.00
FBC	75	29.38	12.10	19.46	39.06	0.00	0.00
FBC	76	29.00	14.62	19.44	36.95	0.00	0.00
FBC	77	28.88	17.30	18.21	35.61	0.00	0.00
FBC	78	30.48	16.18	20.53	32.82	0.00	0.00
FBC	79	30.00	14.12	20.06	35.82	0.00	0.00
FBC	80	31.42	12.50	21.88	34.20	0.00	0.00
FBC	81	29.96	14.76	24.57	30.71	0.00	0.00
FBC	82	27.72	14.12	25.87	32.29	0.00	0.00
FBC	83	26.05	13.86	24.75	35.34	0.00	0.00
FBC	84	27.00	16.18	21.10	35.71	0.00	0.00
FBC	85	28.87	19.37	19.02	32.74	0.00	0.00
FBC	86	31.67	14.33	19.48	34.52	0.00	0.00
FBC	87	28.89	14.23	25.32	31.56	0.00	0.00
FBC	88	31.80	15.03	20.73	32.44	0.00	0.00
FBC	89	36.59	13.58	23.06	26.77	0.00	0.00
FBC	90	35.95	14.14	22.15	27.76	0.00	0.00
FBC	91	35.78	13.68	18.58	31.96	0.00	0.00
FBC	92	33.40	17.38	22.63	26.59	0.00	0.00
FBC	93	32.75	16.72	24.58	25.95	0.00	0.00
FBC	94	28.37	13.62	24.29	33.72	0.00	0.00
FBC	95	28.66	16.19	21.64	33.51	0.00	0.00
FBC	96	28.83	13.39	18.23	39.55	0.00	0.00
FBC	97	29.61	15.21	19.16	36.02	0.00	0.00
FBC	98	34.00	15.21	21.67	29.11	0.00	0.00
FBC	99	30.35	17.79	19.58	32.28	0.00	0.00
FBC	100	31.82	13.85	21.31	33.02	0.00	0.00
FBC	101	32.65	15.97	18.75	32.63	0.00	0.00
FBC	102	29.48	16.35	18.96	35.20	0.00	0.00
FBC	103	31.84	15.83	20.28	32.05	0.00	0.00
FBC	104	27.55	16.58	21.66	34.21	0.00	0.00
FBC	105	27.66	14.70	23.11	34.53	0.00	0.00
FBC	106	30.58	15.35	22.61	31.46	0.00	0.00
FBC	107	30.79	12.82	23.50	32.89	0.00	0.00
FBC	108	27.30	15.69	24.39	32.62	0.00	0.00
FBC	109	29.40	18.62	22.33	29.65	0.00	0.00
FBC	110	27.74	19.37	25.04	27.86	0.00	0.00
FBC	111	29.41	19.26	22.45	28.88	0.00	0.00
FBC	112	29.75	15.97	29.42	24.86	0.00	0.00
FBC	113	33.39	14.03	28.31	24.27	0.00	0.00
FBC	114	31.19	16.09	25.44	27.28	0.00	0.00
FBC	115	29.04	19.89	23.47	27.59	0.00	0.00
FBC	116	33.43	17.31	21.58	27.68	0.00	0.00
FBC	117	32.08	18.67	21.01	28.24	0.00	0.00
FBC	118	36.84	15.22	19.94	27.99	0.00	0.00
FBC	119	32.16	16.76	20.58	30.50	0.00	0.00
FBC	120	30.35	19.03	22.32	28.30	0.00	0.00
FBC	121	28.49	16.53	24.60	30.38	0.00	0.00
FBC	122	30.75	13.26	23.78	32.21	0.00	0.00
FBC	123	34.38	13.78	21.76	30.08	0.00	0.00
FBC	124	38.02	16.04	18.09	27.85	0.00	0.00
FBC	125	33.21	11.84	23.90	31.06	0.00	0.00
FBC	126	30.74	15.24	21.98	32.05	0.00	0.00
FBC	127	29.87	13.86	22.98	33.29	0.00	0.00
FBC	128	33.17	14.83	22.21	29.78	0.00	0.00
FBC	129	30.79	15.47	24.29	29.45	0.00	0.00
FBC	130	33.49	12.39	24.19	29.94	0.00	0.00
FBC	131	33.90	15.96	24.34	25.80	0.00	0.00
FBC	132	29.52	19.50	23.66	27.32	0.00	0.00
FBC	133	29.73	17.39	22.80	30.09	0.00	0.00
FBC	134	35.22	14.58	21.36	28.84	0.00	0.00
FBC	135	32.11	17.95	22.05	27.89	0.00	0.00
FBC	136	32.02	16.35	26.07	25.56	0.00	0.00
FBC	137	33.70	15.76	21.99	28.55	0.00	0.00
FBC	138	29.45	19.57	23.26	27.71	0.00	0.00
FBC	139	31.48	16.70	25.73	26.10	0.00	0.00
FBC	140	30.06	16.25	23.34	30.35	0.00	0.00
FBC	141	28.77	17.47	27.28	26.48	0.00	0.00
FBC	142	28.78	22.96	21.80	26.45	0.00	0.00
FBC	143	30.42	17.33	21.64	30.60	0.00	0.00
FBC	144	30.87	17.80	23.92	27.42	0.00	0.00
FBC	145	29.21	20.86	21.18	28.75	0.00	0.00
FBC	146	29.14	17.90	21.52	31.44	0.00	0.00
FBC	147	27.77	16.68	22.92	32.63	0.00	0.00
FBC	148	26.70	13.78	29.52	30.01	0.00	0.00
FBC	149	31.50	13.63	27.90	26.97	0.00	0.00
FBC	150	27.65	13.63	22.90	35.82	0.00	0.00
# ACGT content per cycle for last fragments. Use `grep ^LBC | cut -f 2-` to extract this part. The columns are: cycle; A,C,G,T base counts as a percentage of all A/C/G/T bases [%]; and N and O counts as a percentage of all A/C/G/T bases [%]
LBC	1	28.51	22.19	29.04	20.26	0.00	0.00
LBC	2	30.20	8.86	28.54	32.40	0.00	0.00
LBC	3	32.59	14.05	20.23	33.13	0.00	0.00
LBC	4	33.51	12.99	24.37	29.13	0.00	0.00
LBC	5	35.43	13.45	23.80	27.32	0.00	0.00
LBC	6	38.56	13.25	20.10	28.09	0.00	0.00
LBC	7	25.46	14.21	19.78	40.55	0.00	0.00
LBC	8	25.71	17.21	21.22	35.86	0.00	0.00
LBC	9	24.53	15.86	23.04	36.58	0.00	0.00
LBC	10	35.89	13.08	22.96	28.07	0.00	0.00
LBC	11	31.86	17.87	28.44	21.83	0.00	0.00
LBC	12	24.28	19.06	24.74	31.91	0.00	0.00
LBC	13	27.70	17.54	21.78	32.98	0.00	0.00
LBC	14	32.06	15.43	20.43	32.07	0.00	0.00
LBC	15	31.40	14.93	20.48	33.18	0.00	0.00
LBC	16	29.42	16.85	23.32	30.41	0.00	0.00
LBC	17	27.84	17.51	24.92	29.74	0.00	0.00
LBC	18	28.70	20.53	21.17	29.59	0.00	0.00
LBC	19	29.56	15.52	23.52	31.41	0.00	0.00
LBC	20	31.08	16.29	24.00	28.64	0.00	0.00
LBC	21	27.66	18.70	22.99	30.65	0.00	0.00
LBC	22	30.38	15.12	25.68	28.82	0.00	0.00
LBC	23	33.03	14.63	22.76	29.58	0.00	0.00
LBC	24	30.15	14.22	23.94	31.69	0.00	0.00
LBC	25	32.98	15.05	22.07	29.91	0.00	0.00
LBC	26	27.56	14.70	26.71	31.04	0.00	0.00
LBC	27	29.68	16.32	24.07	29.93	0.00	0.00
LBC	28	30.51	14.10	26.65	28.74	0.00	0.00
LBC	29	28.66	13.82	26.07	31.44	0.00	0.00
LBC	30	29.15	15.43	22.33	33.09	0.00	0.00
LBC	31	28.44	14.27	24.73	32.55	0.00	0.00
LBC	32	31.30	12.86	22.71	33.13	0.00	0.00
LBC	33	28.32	13.60	24.09	33.99	0.00	0.00
LBC	34	29.52	14.86	24.08	31.55	0.00	0.00
LBC	35	28.32	17.01	21.76	32.91	0.00	0.00
LBC	36	30.16	13.71	21.41	34.72	0.00	0.00
LBC	37	29.18	15.64	24.23	30.95	0.00	0.00
LBC	38	28.78	16.54	26.13	28.54	0.00	0.00
LBC	39	30.86	17.16	21.16	30.83	0.00	0.00
LBC	40	29.15	17.32	21.59	31.94	0.00	0.00
LBC	41	29.74	15.22	23.54	31.50	0.00	0.00
LBC	42	29.85	17.05	22.50	30.60	0.00	0.00
LBC	43	28.45	14.72	26.54	30.29	0.00	0.00
LBC	44	30.74	16.10	24.02	29.14	0.00	0.00
LBC	45	29.02	18.87	22.34	29.76	0.00	0.00
LBC	46	29.67	16.63	23.83	29.87	0.00	0.00
LBC	47	30.34	16.31	22.51	30.84	0.00	0.00
LBC	48	31.86	15.63	24.02	28.49	0.00	0.00
LBC	49	30.44	14.98	20.17	34.41	0.00	0.00
LBC	50	28.13	16.25	23.61	32.01	0.00	0.00
LBC	51	30.56	13.92	22.54	32.98	0.00	0.00
LBC	52	31.13	13.43	24.08	31.36	0.00	0.00
LBC	53	31.35	15.07	23.40	30.18	0.00	0.00
LBC	54	32.75	14.37	21.78	31.10	0.00	0.00
LBC	55	30.58	15.19	23.11	31.12	0.00	0.00
LBC	56	30.34	14.17	24.71	30.78	0.00	0.00
LBC	57	30.14	16.69	22.48	30.69	0.00	0.00
LBC	58	33.33	12.84	20.89	32.94	0.00	0.00
LBC	59	30.93	15.54	20.28	33.24	0.00	0.00
LBC	60	32.12	15.07	23.09	29.72	0.00	0.00
LBC	61	30.49	14.75	22.07	32.69	0.00	0.00
LBC	62	31.59	15.03	20.96	32.43	0.00	0.00
LBC	63	29.82	15.49	21.64	33.06	0.00	0.00
LBC	64	31.00	14.08	22.50	32.42	0.00	0.00
LBC	65	30.30	14.65	22.88	32.17	0.00	0.00
LBC	66	30.21	14.32	23.19	32.28	0.00	0.00
LBC	67	30.97	15.55	21.38	32.09	0.00	0.00
LBC	68	29.82	16.39	20.76	33.03	0.00	0.00
LBC	69	31.94	16.17	21.31	30.59	0.00	0.00
LBC	70	30.63	14.96	23.29	31.12	0.00	0.00
LBC	71	29.85	15.75	24.13	30.27	0.00	0.00
LBC	72	29.39	15.96	25.60	29.04	0.00	0.00
LBC	73	29.24	14.52	23.75	32.49	0.00	0.00
LBC	74	29.27	16.65	23.32	30.76	0.00	0.00
LBC	75	32.46	13.24	21.99	32.32	0.00	0.00
LBC	76	29.53	13.14	24.82	32.52	0.00	0.00
LBC	77	32.40	15.33	23.04	29.23	0.00	0.00
LBC	78	30.22	17.46	22.37	29.94	0.00	0.00
LBC	79	29.25	14.31	22.91	33.53	0.00	0.00
LBC	80	31.46	12.23	24.13	32.19	0.00	0.00
LBC	81	28.76	15.92	22.67	32.66	0.00	0.00
LBC	82	30.34	14.44	22.62	32.60	0.00	0.00
LBC	83	33.63	15.47	23.13	27.77	0.00	0.00
LBC	84	34.51	14.80	22.93	27.76	0.00	0.00
LBC	85	31.33	17.21	21.68	29.78	0.00	0.00
LBC	86	31.03	16.18	20.32	32.47	0.00	0.00
LBC	87	30.16	15.66	22.63	31.55	0.00	0.00
LBC	88	28.43	15.60	24.74	31.22	0.00	0.00
LBC	89	27.62	16.66	25.77	29.94	0.00	0.00
LBC	90	28.74	15.21	25.88	30.17	0.00	0.00
LBC	91	28.68	15.35	22.74	33.23	0.00	0.00
LBC	92	31.05	14.24	23.24	31.48	0.00	0.00
LBC	93	29.99	16.00	23.39	30.62	0.00	0.00
LBC	94	31.27	16.82	20.83	31.08	0.00	0.00
LBC	95	30.60	17.46	21.57	30.38	0.00	0.00
LBC	96	30.81	14.88	22.96	31.35	0.00	0.00
LBC	97	29.95	13.50	22.15	34.40	0.00	0.00
LBC	98	26.31	16.69	23.86	33.14	0.00	0.00
LBC	99	27.55	18.64	21.62	32.19	0.00	0.00
LBC	100	29.05	16.29	23.41	31.24	0.00	0.00
LBC	101	29.73	16.01	24.42	29.83	0.00	0.00
LBC	102	33.67	14.04	21.57	30.73	0.00	0.00
LBC	103	30.45	15.48	21.58	32.49	0.00	0.00
LBC	104	29.63	15.99	25.07	29.31	0.00	0.00
LBC	105	29.83	18.04	21.26	30.86	0.00	0.00
LBC	106	27.96	15.34	23.64	33.06	0.00	0.00
LBC	107	30.44	14.38	23.56	31.62	0.00	0.00
LBC	108	27.12	15.78	22.79	34.31	0.00	0.00
LBC	109	31.24	13.80	24.14	30.82	0.00	0.00
LBC	110	29.87	16.14	24.06	29.93	0.00	0.00
LBC	111	30.86	17.61	22.63	28.90	0.00	0.00
LBC	112	32.48	13.44	22.40	31.69	0.00	0.00
LBC	113	32.14	14.33	21.22	32.31	0.00	0.00
LBC	114	31.95	14.84	20.80	32.41	0.00	0.00
LBC	115	30.52	15.25	22.73	31.50	0.00	0.00
LBC	116	33.16	12.86	22.68	31.30	0.00	0.00
LBC	117	31.53	17.44	22.14	28.89	0.00	0.00
LBC	118	33.29	12.01	23.29	31.41	0.00	0.00
LBC	119	30.79	13.71	23.89	31.62	0.00	0.00
LBC	120	29.21	18.18	22.15	30.46	0.00	0.00
LBC	121	31.07	15.54	22.80	30.59	0.00	0.00
LBC	122	30.25	15.91	21.40	32.44	0.00	0.00
LBC	123	29.97	15.63	22.55	31.85	0.00	0.00
LBC	124	29.31	16.11	21.01	33.57	0.00	0.00
LBC	125	29.40	14.41	24.23	31.96	0.00	0.00
LBC	126	30.23	15.00	24.81	29.97	0.00	0.00
LBC	127	29.85	13.86	23.92	32.38	0.00	0.00
LBC	128	30.95	15.27	21.79	31.98	0.00	0.00
LBC	129	28.27	15.66	23.42	32.65	0.00	0.00
LBC	130	30.73	14.77	24.19	30.30	0.00	0.00
LBC	131	28.77	17.14	23.31	30.79	0.00	0.00
LBC	132	29.11	18.41	23.25	29.23	0.00	0.00
LBC	133	31.55	15.61	22.92	29.92	0.00	0.00
LBC	134	28.76	13.61	23.19	34.44	0.00	0.00
LBC	135	31.24	13.50	23.27	31.99	0.00	0.00
LBC	136	30.98	13.10	23.98	31.94	0.00	0.00
LBC	137	29.71	16.81	23.43	30.05	0.00	0.00
LBC	138	31.14	15.28	21.07	32.52	0.00	0.00
LBC	139	30.71	16.15	21.47	31.66	0.00	0.00
LBC	140	30.51	13.95	21.38	34.16	0.00	0.00
LBC	141	28.27	15.14	24.11	32.48	0.00	0.00
LBC	142	30.76	15.38	23.09	30.77	0.00	0.00
LBC	143	31.15	15.36	24.48	29.01	0.00	0.00
LBC	144	30.92	15.08	22.52	31.49	0.00	0.00
LBC	145	29.90	14.73	20.01	35.35	0.00	0.00
LBC	146	28.80	15.39	20.99	34.82	0.00	0.00
LBC	147	29.06	16.73	22.81	31.40	0.00	0.00
LBC	148	29.04	13.78	21.21	35.97	0.00	0.00
LBC	149	27.02	16.32	24.10	32.56	0.00	0.00
LBC	150	29.13	14.79	25.84	30.23	0.00	0.00
# Insert sizes. Use `grep ^IS | cut -f 2-` to extract this part. The columns are: insert size, pairs total, inward oriented pairs, outward oriented pairs, other pairs
IS	0	561	33	526	2
IS	1	0	0	0	0
IS	2	0	0	0	0
IS	3	0	0	0	0
IS	4	0	0	0	0
IS	5	0	0	0	0
IS	6	0	0	0	0
IS	7	0	0	0	0
IS	8	0	0	0	0
IS	9	0	0	0	0
IS	10	0	0	0	0
IS	11	0	0	0	0
IS	12	0	0	0	0
IS	13	0	0	0	0
IS	14	0	0	0	0
IS	15	0	0	0	0
IS	16	0	0	0	0
IS	17	0	0	0	0
IS	18	0	0	0	0
IS	19	0	0	0	0
IS	20	0	0	0	0
IS	21	0	0	0	0
IS	22	0	0	0	0
IS	23	0	0	0	0
IS	24	0	0	0	0
IS	25	0	0	0	0
IS	26	0	0	0	0
IS	27	0	0	0	0
IS	28	0	0	0	0
IS	29	0	0	0	0
IS	30	0	0	0	0
IS	31	0	0	0	0
IS	32	0	0	0	0
IS	33	0	0	0	0
IS	34	0	0	0	0
IS	35	0	0	0	0
IS	36	0	0	0	0
IS	37	0	0	0	0
IS	38	0	0	0	0
IS	39	0	0	0	0
IS	40	0	0	0	0
IS	41	0	0	0	0
IS	42	0	0	0	0
IS	43	0	0	0	0
IS	44	0	0	0	0
IS	45	0	0	0	0
IS	46	0	0	0	0
IS	47	0	0	0	0
IS	48	0	0	0	0
IS	49	0	0	0	0
IS	50	0	0	0	0
IS	51	0	0	0	0
IS	52	0	0	0	0
IS	53	0	0	0	0
IS	54	0	0	0	0
IS	55	0	0	0	0
IS	56	0	0	0	0
IS	57	0	0	0	0
IS	58	0	0	0	0
IS	59	0	0	0	0
IS	60	0	0	0	0
IS	61	0	0	0	0
IS	62	0	0	0	0
IS	63	0	0	0	0
IS	64	0	0	0	0
IS	65	0	0	0	0
IS	66	0	0	0	0
IS	67	0	0	0	0
IS	68	0	0	0	0
IS	69	0	0	0	0
IS	70	0	0	0	0
IS	71	0	0	0	0
IS	72	0	0	0	0
IS	73	0	0	0	0
IS	74	0	0	0	0
IS	75	0	0	0	0
IS	76	0	0	0	0
IS	77	0	0	0	0
IS	78	0	0	0	0
IS	79	0	0	0	0
IS	80	0	0	0	0
IS	81	0	0	0	0
IS	82	0	0	0	0
IS	83	0	0	0	0
IS	84	0	0	0	0
IS	85	0	0	0	0
IS	86	0	0	0	0
IS	87	0	0	0	0
IS	88	0	0	0	0
IS	89	0	0	0	0
IS	90	0	0	0	0
IS	91	0	0	0	0
IS	92	0	0	0	0
IS	93	0	0	0	0
IS	94	0	0	0	0
IS	95	0	0	0	0
IS	96	0	0	0	0
IS	97	0	0	0	0
IS	98	0	0	0	0
IS	99	0	0	0	0
IS	100	0	0	0	0
IS	101	0	0	0	0
IS	102	0	0	0	0
IS	103	0	0	0	0
IS	104	0	0	0	0
IS	105	0	0	0	0
IS	106	0	0	0	0
IS	107	0	0	0	0
IS	108	0	0	0	0
IS	109	0	0	0	0
IS	110	0	0	0	0
IS	111	0	0	0	0
IS	112	0	0	0	0
IS	113	0	0	0	0
IS	114	0	0	0	0
IS	115	0	0	0	0
IS	116	0	0	0	0
IS	117	0	0	0	0
IS	118	0	0	0	0
IS	119	0	0	0	0
IS	120	0	0	0	0
IS	121	0	0	0	0
IS	122	0	0	0	0
IS	123	0	0	0	0
IS	124	0	0	0	0
IS	125	0	0	0	0
IS	126	0	0	0	0
IS	127	0	0	0	0
IS	128	0	0	0	0
IS	129	0	0	0	0
IS	130	0	0	0	0
IS	131	0	0	0	0
IS	132	0	0	0	0
IS	133	0	0	0	0
IS	134	0	0	0	0
IS	135	0	0	0	0
IS	136	0	0	0	0
IS	137	0	0	0	0
IS	138	0	0	0	0
IS	139	0	0	0	0
IS	140	0	0	0	0
IS	141	0	0	0	0
IS	142	0	0	0	0
IS	143	0	0	0	0
IS	144	0	0	0	0
IS	145	0	0	0	0
IS	146	0	0	0	0
IS	147	0	0	0	0
IS	148	1	0	1	0
IS	149	0	0	0	0
IS	150	590	48	542	0
IS	151	4845	923	3922	0
IS	152	1161	748	413	0
IS	153	1133	727	406	0
IS	154	807	789	18	0
IS	155	784	780	4	0
IS	156	955	945	10	0
IS	157	1210	1203	7	0
IS	158	1220	1213	7	0
IS	159	1180	1174	6	0
IS	160	972	962	10	0
IS	161	1002	1002	0	0
IS	162	1147	1147	0	0
IS	163	1033	1032	1	0
IS	164	1134	1124	10	0
IS	165	1583	1351	232	0
IS	166	1495	1286	209	0
IS	167	1221	1063	158	0
IS	168	1346	1188	158	0
IS	169	1318	1145	173	0
IS	170	1482	1368	114	0
IS	171	1707	1596	111	0
IS	172	1578	1494	84	0
IS	173	1578	1512	66	0
IS	174	1777	1717	60	0
IS	175	1945	1897	48	0
IS	176	1937	1927	10	0
IS	177	1915	1909	6	0
IS	178	1692	1687	5	0
IS	179	1706	1706	0	0
IS	180	1821	1821	0	0
IS	181	2195	2195	0	0
IS	182	1841	1841	0	0
IS	183	1803	1803	0	0
IS	184	2221	2221	0	0
IS	185	2262	2262	0	0
IS	186	2236	2236	0	0
IS	187	2398	2398	0	0
IS	188	2342	2342	0	0
IS	189	2207	2207	0	0
IS	190	2627	2627	0	0
IS	191	2887	2887	0	0
IS	192	3036	3036	0	0
IS	193	2951	2951	0	0
IS	194	2850	2850	0	0
IS	195	2580	2580	0	0
IS	196	2545	2544	1	0
IS	197	2555	2555	0	0
IS	198	2481	2481	0	0
IS	199	2720	2720	0	0
IS	200	2872	2872	0	0
IS	201	3134	3134	0	0
IS	202	3266	3266	0	0
IS	203	3020	3020	0	0
IS	204	2843	2843	0	0
IS	205	2904	2903	1	0
IS	206	2804	2804	0	0
IS	207	2815	2815	0	0
IS	208	2998	2998	0	0
IS	209	3696	3696	0	0
IS	210	3098	3098	0	0
IS	211	3131	3131	0	0
IS	212	3260	3260	0	0
IS	213	3454	3454	0	0
IS	214	3714	3714	0	0
IS	215	3827	3827	0	0
IS	216	3848	3848	0	0
IS	217	4483	4483	0	0
IS	218	5021	5021	0	0
IS	219	5209	5209	0	0
IS	220	4019	4019	0	0
IS	221	3293	3293	0	0
IS	222	3507	3507	0	0
IS	223	3626	3625	1	0
IS	224	3965	3965	0	0
IS	225	3636	3636	0	0
IS	226	3577	3577	0	0
IS	227	4151	4151	0	0
IS	228	4255	4255	0	0
IS	229	4166	4166	0	0
IS	230	3990	3990	0	0
IS	231	4291	4291	0	0
IS	232	4141	4141	0	0
IS	233	4183	4183	0	0
IS	234	4126	4126	0	0
IS	235	4903	4903	0	0
IS	236	5193	5193	0	0
IS	237	4364	4364	0	0
IS	238	4164	4164	0	0
IS	239	4250	4250	0	0
IS	240	4355	4355	0	0
IS	241	4293	4293	0	0
IS	242	4186	4186	0	0
IS	243	4323	4323	0	0
IS	244	4473	4473	0	0
IS	245	4337	4337	0	0
IS	246	3708	3708	0	0
IS	247	3360	3360	0	0
IS	248	3454	3454	0	0
IS	249	3108	3108	0	0
IS	250	2927	2927	0	0
IS	251	3203	3203	0	0
IS	252	3546	3546	0	0
IS	253	3299	3299	0	0
IS	254	3196	3196	0	0
IS	255	3562	3562	0	0
IS	256	3308	3308	0	0
IS	257	3556	3556	0	0
IS	258	3708	3708	0	0
IS	259	3059	3059	0	0
IS	260	3197	3197	0	0
IS	261	3204	3204	0	0
IS	262	3341	3341	0	0
IS	263	3013	3013	0	0
IS	264	3242	3242	0	0
IS	265	3275	3275	0	0
IS	266	2897	2897	0	0
IS	267	2991	2991	0	0
IS	268	2978	2978	0	0
IS	269	2959	2959	0	0
IS	270	3177	3177	0	0
IS	271	3239	3239	0	0
IS	272	3528	3528	0	0
IS	273	3127	3126	1	0
IS	274	2867	2867	0	0
IS	275	2565	2565	0	0
IS	276	2586	2586	0	0
IS	277	2462	2462	0	0
IS	278	2340	2340	0	0
IS	279	2648	2648	0	0
IS	280	2291	2291	0	0
IS	281	2198	2198	0	0
IS	282	2036	2036	0	0
IS	283	2120	2120	0	0
IS	284	2472	2472	0	0
IS	285	2107	2107	0	0
IS	286	2164	2164	0	0
IS	287	2393	2393	0	0
IS	288	2371	2371	0	0
IS	289	2073	2071	0	2
IS	290	1823	1823	0	0
IS	291	1926	1926	0	0
IS	292	1708	1708	0	0
IS	293	1717	1717	0	0
IS	294	1763	1763	0	0
IS	295	2181	2181	0	0
IS	296	1845	1845	0	0
IS	297	1922	1922	0	0
IS	298	1635	1635	0	0
IS	299	1594	1594	0	0
IS	300	1597	1597	0	0
IS	301	1506	1506	0	0
IS	302	1776	1776	0	0
IS	303	1577	1577	0	0
IS	304	1598	1598	0	0
IS	305	1475	1475	0	0
IS	306	1221	1220	1	0
IS	307	1140	1140	0	0
IS	308	1202	1202	0	0
IS	309	1266	1266	0	0
IS	310	1124	1124	0	0
IS	311	1146	1146	0	0
IS	312	1266	1266	0	0
IS	313	1262	1262	0	0
IS	314	1249	1249	0	0
IS	315	965	965	0	0
IS	316	1093	1093	0	0
IS	317	1205	1205	0	0
IS	318	1043	1043	0	0
IS	319	898	898	0	0
IS	320	942	942	0	0
IS	321	1008	1008	0	0
IS	322	998	998	0	0
IS	323	804	804	0	0
IS	324	779	779	0	0
IS	325	716	716	0	0
IS	326	653	653	0	0
IS	327	606	606	0	0
IS	328	635	635	0	0
IS	329	619	619	0	0
IS	330	626	626	0	0
IS	331	551	551	0	0
IS	332	422	422	0	0
IS	333	450	450	0	0
IS	334	440	440	0	0
IS	335	509	509	0	0
IS	336	493	493	0	0
IS	337	365	365	0	0
IS	338	395	395	0	0
IS	339	411	411	0	0
IS	340	418	418	0	0
IS	341	399	399	0	0
IS	342	395	395	0	0
IS	343	393	393	0	0
IS	344	395	395	0	0
IS	345	460	460	0	0
IS	346	425	425	0	0
IS	347	367	367	0	0
IS	348	351	351	0	0
IS	349	337	337	0	0
IS	350	316	316	0	0
IS	351	348	348	0	0
IS	352	237	237	0	0
IS	353	248	248	0	0
IS	354	265	265	0	0
IS	355	248	248	0	0
IS	356	219	219	0	0
IS	357	196	196	0	0
IS	358	200	200	0	0
IS	359	152	152	0	0
IS	360	175	175	0	0
IS	361	187	187	0	0
IS	362	210	210	0	0
IS	363	192	191	0	1
IS	364	159	159	0	0
IS	365	155	155	0	0
IS	366	177	177	0	0
IS	367	180	180	0	0
IS	368	146	146	0	0
IS	369	135	135	0	0
# Read lengths. Use `grep ^RL | cut -f 2-` to extract this part. The columns are: read length, count
RL	136	2
RL	137	412
RL	138	360
RL	139	305
RL	140	394
RL	141	395
RL	142	500
RL	143	459
RL	144	432
RL	145	627
RL	146	3351
RL	147	25832
RL	149	404
RL	150	1109780
# Read lengths - first fragments. Use `grep ^FRL | cut -f 2-` to extract this part. The columns are: read length, count
FRL	144	2
FRL	145	65
FRL	146	1913
FRL	147	15225
FRL	149	61
FRL	150	554915
# Read lengths - last fragments. Use `grep ^LRL | cut -f 2-` to extract this part. The columns are: read length, count
LRL	136	2
LRL	137	412
LRL	138	360
LRL	139	305
LRL	140	394
LRL	141	395
LRL	142	500
LRL	143	459
LRL	144	430
LRL	145	562
LRL	146	1438
LRL	147	10607
LRL	149	343
LRL	150	554865
# Indel distribution. Use `grep ^ID | cut -f 2-` to extract this part. The columns are: length, number of insertions, number of deletions
ID	1	1637	2320
ID	2	5	798
ID	3	0	143
ID	4	0	3
# Indels per cycle. Use `grep ^IC | cut -f 2-` to extract this part. The columns are: cycle, number of insertions (fwd), .. (rev) , number of deletions (fwd), .. (rev)
IC	13	0	2	0	1
IC	14	0	2	0	2
IC	15	0	3	1	2
IC	16	0	1	2	3
IC	17	0	2	3	9
IC	18	0	6	5	8
IC	19	0	50	4	9
IC	20	0	2	15	8
IC	21	2	2	16	9
IC	22	3	5	13	10
IC	23	0	5	15	9
IC	24	2	15	6	7
IC	25	0	2	20	8
IC	26	1	10	21	12
IC	27	3	3	15	11
IC	28	2	9	20	9
IC	29	4	4	7	15
IC	30	1	0	9	8
IC	31	1	7	19	19
IC	32	1	21	15	13
IC	33	3	35	19	13
IC	34	2	19	11	15
IC	35	21	5	21	11
IC	36	7	12	24	11
IC	37	2	29	9	16
IC	38	8	16	23	14
IC	39	8	19	17	2
IC	40	10	20	21	13
IC	41	2	68	17	5
IC	42	4	10	19	8
IC	43	3	24	21	9
IC	44	2	16	31	14
IC	45	3	5	16	15
IC	46	0	25	5	12
IC	47	2	38	18	14
IC	48	0	16	16	16
IC	49	1	17	25	18
IC	50	0	16	23	13
IC	51	2	5	25	11
IC	52	0	9	14	16
IC	53	0	7	6	17
IC	54	3	5	9	10
IC	55	3	12	7	11
IC	56	3	13	9	8
IC	57	1	9	11	13
IC	58	2	7	21	13
IC	59	0	2	17	29
IC	60	1	7	17	4
IC	61	1	5	22	21
IC	62	6	14	12	9
IC	63	3	0	16	17
IC	64	1	14	26	9
IC	65	2	21	20	8
IC	66	11	36	14	16
IC	67	16	43	5	13
IC	68	5	1	16	11
IC	69	4	3	13	10
IC	70	14	4	20	18
IC	71	7	5	10	22
IC	72	2	10	26	19
IC	73	1	14	22	13
IC	74	10	6	32	12
IC	75	5	4	28	18
IC	76	6	10	28	12
IC	77	2	26	24	15
IC	78	12	9	18	16
IC	79	5	3	15	26
IC	80	4	20	18	10
IC	81	11	4	17	19
IC	82	5	6	8	12
IC	83	3	1	23	16
IC	84	17	3	18	13
IC	85	9	0	16	25
IC	86	5	0	23	8
IC	87	4	8	12	15
IC	88	7	8	15	9
IC	89	26	4	11	10
IC	90	32	3	18	8
IC	91	12	4	17	14
IC	92	10	5	18	17
IC	93	4	0	4	7
IC	94	2	2	17	18
IC	95	4	7	14	17
IC	96	18	0	9	17
IC	97	2	2	9	11
IC	98	5	3	19	19
IC	99	6	0	14	16
IC	100	17	4	16	12
IC	101	13	2	18	14
IC	102	15	0	16	18
IC	103	8	2	18	13
IC	104	2	3	15	19
IC	105	3	1	21	7
IC	106	8	1	12	11
IC	107	17	1	13	13
IC	108	3	1	7	10
IC	109	10	1	4	19
IC	110	10	0	12	15
IC	111	5	2	7	10
IC	112	24	2	14	17
IC	113	13	1	13	20
IC	114	1	1	13	13
IC	115	2	2	12	8
IC	116	3	3	16	10
IC	117	0	0	16	9
IC	118	8	1	10	14
IC	119	5	9	10	19
IC	120	1	4	11	19
IC	121	4	4	11	4
IC	122	0	2	6	10
IC	123	12	1	8	16
IC	124	0	2	6	17
IC	125	2	4	12	10
IC	126	0	2	9	9
IC	127	4	0	11	13
IC	128	0	1	8	12
IC	129	4	4	4	6
IC	130	1	0	9	8
IC	131	7	1	8	13
IC	132	13	1	11	10
IC	133	13	0	7	4
IC	134	1	0	7	0
IC	135	3	0	14	0
IC	136	9	0	3	0
IC	137	1	0	0	0
# Coverage distribution. Use `grep ^COV | cut -f 2-` to extract this part.
COV	[1-1]	1	14
COV	[2-2]	2	120
COV	[3-3]	3	19
COV	[4-4]	4	50
COV	[5-5]	5	19
COV	[6-6]	6	18
COV	[7-7]	7	4
COV	[8-8]	8	3
COV	[9-9]	9	2
COV	[11-11]	11	1
COV	[12-12]	12	14
COV	[14-14]	14	27
COV	[15-15]	15	11
COV	[16-16]	16	2
COV	[17-17]	17	6
COV	[18-18]	18	57
COV	[19-19]	19	82
COV	[20-20]	20	38
COV	[21-21]	21	15
COV	[22-22]	22	38
COV	[23-23]	23	3
COV	[24-24]	24	17
COV	[25-25]	25	16
COV	[26-26]	26	1
COV	[27-27]	27	3
COV	[28-28]	28	1
COV	[29-29]	29	4
COV	[30-30]	30	7
COV	[31-31]	31	5
COV	[32-32]	32	1
COV	[33-33]	33	5
COV	[34-34]	34	2
COV	[35-35]	35	20
COV	[36-36]	36	1
COV	[37-37]	37	4
COV	[38-38]	38	4
COV	[39-39]	39	68
COV	[40-40]	40	5
COV	[41-41]	41	2
COV	[45-45]	45	1
COV	[46-46]	46	1
COV	[49-49]	49	1
COV	[50-50]	50	1
COV	[52-52]	52	3
COV	[54-54]	54	3
COV	[55-55]	55	2
COV	[56-56]	56	1
COV	[58-58]	58	1
COV	[59-59]	59	1
COV	[61-61]	61	1
COV	[62-62]	62	1
COV	[63-63]	63	1
COV	[64-64]	64	1
COV	[67-67]	67	3
COV	[69-69]	69	11
COV	[70-70]	70	1
COV	[71-71]	71	2
COV	[75-75]	75	2
COV	[76-76]	76	1
COV	[77-77]	77	2
COV	[78-78]	78	6
COV	[79-79]	79	12
COV	[80-80]	80	1
COV	[81-81]	81	2
COV	[83-83]	83	5
COV	[84-84]	84	6
COV	[85-85]	85	3
COV	[87-87]	87	3
COV	[88-88]	88	1
COV	[91-91]	91	3
COV	[92-92]	92	7
COV	[93-93]	93	1
COV	[97-97]	97	4
COV	[98-98]	98	2
COV	[101-101]	101	1
COV	[102-102]	102	1
COV	[103-103]	103	1
COV	[105-105]	105	1
COV	[109-109]	109	1
COV	[111-111]	111	4
COV	[112-112]	112	2
COV	[113-113]	113	10
COV	[114-114]	114	7
COV	[115-115]	115	2
COV	[116-116]	116	1
COV	[117-117]	117	1
COV	[119-119]	119	2
COV	[120-120]	120	1
COV	[121-121]	121	1
COV	[122-122]	122	2
COV	[124-124]	124	3
COV	[125-125]	125	1
COV	[126-126]	126	2
COV	[127-127]	127	3
COV	[128-128]	128	1
COV	[129-129]	129	1
COV	[130-130]	130	1
COV	[136-136]	136	2
COV	[138-138]	138	1
COV	[139-139]	139	1
COV	[142-142]	142	2
COV	[143-143]	143	4
COV	[144-144]	144	1
COV	[147-147]	147	2
COV	[148-148]	148	5
COV	[149-149]	149	3
COV	[151-151]	151	4
COV	[152-152]	152	5
COV	[153-153]	153	4
COV	[155-155]	155	1
COV	[156-156]	156	2
COV	[158-158]	158	1
COV	[159-159]	159	3
COV	[160-160]	160	3
COV	[161-161]	161	4
COV	[163-163]	163	1
COV	[164-164]	164	5
COV	[166-166]	166	1
COV	[167-167]	167	4
COV	[168-168]	168	1
COV	[169-169]	169	2
COV	[170-170]	170	1
COV	[175-175]	175	2
COV	[176-176]	176	5
COV	[177-177]	177	2
COV	[178-178]	178	2
COV	[179-179]	179	7
COV	[180-180]	180	5
COV	[181-181]	181	1
COV	[182-182]	182	1
COV	[183-183]	183	2
COV	[184-184]	184	2
COV	[185-185]	185	9
COV	[187-187]	187	4
COV	[188-188]	188	1
COV	[189-189]	189	1
COV	[190-190]	190	2
COV	[193-193]	193	1
COV	[194-194]	194	1
COV	[195-195]	195	1
COV	[196-196]	196	1
COV	[199-199]	199	2
COV	[200-200]	200	2
COV	[203-203]	203	3
COV	[204-204]	204	2
COV	[207-207]	207	1
COV	[208-208]	208	1
COV	[209-209]	209	1
COV	[210-210]	210	2
COV	[211-211]	211	1
COV	[212-212]	212	1
COV	[215-215]	215	1
COV	[219-219]	219	2
COV	[220-220]	220	1
COV	[221-221]	221	1
COV	[223-223]	223	2
COV	[225-225]	225	1
COV	[227-227]	227	1
COV	[228-228]	228	4
COV	[229-229]	229	2
COV	[230-230]	230	1
COV	[231-231]	231	1
COV	[232-232]	232	71
COV	[233-233]	233	14
COV	[234-234]	234	9
COV	[236-236]	236	1
COV	[237-237]	237	2
COV	[238-238]	238	3
COV	[239-239]	239	1
COV	[240-240]	240	5
COV	[241-241]	241	7
COV	[242-242]	242	2
COV	[243-243]	243	7
COV	[244-244]	244	3
COV	[245-245]	245	1
COV	[246-246]	246	6
COV	[247-247]	247	1
COV	[248-248]	248	2
COV	[249-249]	249	3
COV	[250-250]	250	7
COV	[251-251]	251	3
COV	[253-253]	253	2
COV	[254-254]	254	5
COV	[255-255]	255	3
COV	[256-256]	256	3
COV	[258-258]	258	4
COV	[259-259]	259	1
COV	[260-260]	260	1
COV	[261-261]	261	3
COV	[262-262]	262	1
COV	[264-264]	264	2
COV	[265-265]	265	1
COV	[268-268]	268	2
COV	[269-269]	269	2
COV	[270-270]	270	1
COV	[271-271]	271	2
COV	[273-273]	273	1
COV	[275-275]	275	4
COV	[276-276]	276	1
COV	[277-277]	277	1
COV	[280-280]	280	2
COV	[281-281]	281	1
COV	[282-282]	282	1
COV	[283-283]	283	3
COV	[284-284]	284	2
COV	[285-285]	285	1
COV	[286-286]	286	10
COV	[287-287]	287	9
COV	[288-288]	288	4
COV	[289-289]	289	1
COV	[290-290]	290	2
COV	[291-291]	291	1
COV	[292-292]	292	1
COV	[296-296]	296	1
COV	[297-297]	297	1
COV	[298-298]	298	2
COV	[300-300]	300	1
COV	[301-301]	301	3
COV	[302-302]	302	2
COV	[303-303]	303	2
COV	[304-304]	304	4
COV	[306-306]	306	3
COV	[307-307]	307	1
COV	[308-308]	308	1
COV	[309-309]	309	2
COV	[310-310]	310	1
COV	[311-311]	311	5
COV	[312-312]	312	2
COV	[313-313]	313	1
COV	[314-314]	314	1
COV	[315-315]	315	4
COV	[316-316]	316	1
COV	[317-317]	317	4
COV	[318-318]	318	5
COV	[320-320]	320	1
COV	[324-324]	324	1
COV	[325-325]	325	1
COV	[327-327]	327	1
COV	[329-329]	329	1
COV	[334-334]	334	3
COV	[335-335]	335	1
COV	[336-336]	336	1
COV	[337-337]	337	1
COV	[339-339]	339	4
COV	[341-341]	341	1
COV	[342-342]	342	1
COV	[343-343]	343	2
COV	[344-344]	344	1
COV	[345-345]	345	1
COV	[346-346]	346	2
COV	[347-347]	347	6
COV	[348-348]	348	4
COV	[349-349]	349	1
COV	[350-350]	350	3
COV	[351-351]	351	2
COV	[352-352]	352	4
COV	[353-353]	353	2
COV	[354-354]	354	4
COV	[356-356]	356	2
COV	[357-357]	357	3
COV	[358-358]	358	2
COV	[359-359]	359	53
COV	[360-360]	360	9
COV	[361-361]	361	1
COV	[362-362]	362	4
COV	[363-363]	363	8
COV	[364-364]	364	3
COV	[365-365]	365	4
COV	[366-366]	366	2
COV	[367-367]	367	5
COV	[368-368]	368	1
COV	[370-370]	370	3
COV	[371-371]	371	1
COV	[372-372]	372	6
COV	[373-373]	373	7
COV	[374-374]	374	1
COV	[375-375]	375	5
COV	[376-376]	376	2
COV	[377-377]	377	2
COV	[378-378]	378	3
COV	[380-380]	380	2
COV	[381-381]	381	1
COV	[382-382]	382	9
COV	[383-383]	383	4
COV	[384-384]	384	2
COV	[385-385]	385	2
COV	[386-386]	386	1
COV	[387-387]	387	1
COV	[388-388]	388	1
COV	[390-390]	390	2
COV	[391-391]	391	1
COV	[393-393]	393	2
COV	[395-395]	395	2
COV	[396-396]	396	3
COV	[397-397]	397	1
COV	[398-398]	398	1
COV	[400-400]	400	1
COV	[403-403]	403	1
COV	[405-405]	405	2
COV	[408-408]	408	1
COV	[410-410]	410	2
COV	[411-411]	411	3
COV	[412-412]	412	6
COV	[414-414]	414	2
COV	[417-417]	417	1
COV	[418-418]	418	1
COV	[420-420]	420	1
COV	[422-422]	422	1
COV	[427-427]	427	2
COV	[429-429]	429	1
COV	[431-431]	431	1
COV	[432-432]	432	9
COV	[433-433]	433	24
COV	[434-434]	434	2
COV	[435-435]	435	2
COV	[436-436]	436	2
COV	[437-437]	437	1
COV	[438-438]	438	3
COV	[439-439]	439	2
COV	[440-440]	440	4
COV	[441-441]	441	4
COV	[442-442]	442	3
COV	[443-443]	443	2
COV	[444-444]	444	6
COV	[445-445]	445	9
COV	[446-446]	446	6
COV	[447-447]	447	14
COV	[448-448]	448	7
COV	[449-449]	449	4
COV	[450-450]	450	3
COV	[454-454]	454	2
COV	[463-463]	463	1
COV	[465-465]	465	1
COV	[466-466]	466	1
COV	[467-467]	467	1
COV	[469-469]	469	1
COV	[472-472]	472	1
COV	[479-479]	479	1
COV	[481-481]	481	1
COV	[487-487]	487	1
COV	[488-488]	488	1
COV	[492-492]	492	3
COV	[495-495]	495	4
COV	[496-496]	496	3
COV	[500-500]	500	6
COV	[503-503]	503	5
COV	[506-506]	506	1
COV	[511-511]	511	2
COV	[513-513]	513	1
COV	[514-514]	514	1
COV	[515-515]	515	2
COV	[516-516]	516	1
COV	[523-523]	523	1
COV	[527-527]	527	3
COV	[531-531]	531	3
COV	[535-535]	535	4
COV	[536-536]	536	1
COV	[537-537]	537	5
COV	[539-539]	539	1
COV	[544-544]	544	1
COV	[547-547]	547	1
COV	[548-548]	548	1
COV	[549-549]	549	1
COV	[551-551]	551	5
COV	[552-552]	552	2
COV	[553-553]	553	15
COV	[554-554]	554	3
COV	[555-555]	555	1
COV	[559-559]	559	4
COV	[560-560]	560	2
COV	[561-561]	561	5
COV	[563-563]	563	1
COV	[564-564]	564	2
COV	[566-566]	566	1
COV	[567-567]	567	2
COV	[574-574]	574	1
COV	[579-579]	579	1
COV	[580-580]	580	1
COV	[593-593]	593	1
COV	[597-597]	597	1
COV	[614-614]	614	1
COV	[616-616]	616	1
COV	[620-620]	620	1
COV	[624-624]	624	3
COV	[626-626]	626	2
COV	[628-628]	628	1
COV	[635-635]	635	1
COV	[637-637]	637	1
COV	[645-645]	645	2
COV	[650-650]	650	1
COV	[652-652]	652	2
COV	[654-654]	654	1
COV	[656-656]	656	1
COV	[657-657]	657	1
COV	[658-658]	658	1
COV	[665-665]	665	1
COV	[668-668]	668	3
COV	[672-672]	672	4
COV	[673-673]	673	3
COV	[674-674]	674	1
COV	[676-676]	676	5
COV	[677-677]	677	3
COV	[680-680]	680	2
COV	[683-683]	683	1
COV	[686-686]	686	1
COV	[687-687]	687	2
COV	[688-688]	688	2
COV	[691-691]	691	2
COV	[692-692]	692	5
COV	[693-693]	693	1
COV	[694-694]	694	2
COV	[695-695]	695	2
COV	[696-696]	696	3
COV	[697-697]	697	1
COV	[698-698]	698	2
COV	[699-699]	699	13
COV	[700-700]	700	5
COV	[701-701]	701	10
COV	[702-702]	702	4
COV	[704-704]	704	4
COV	[705-705]	705	3
COV	[706-706]	706	2
COV	[707-707]	707	7
COV	[716-716]	716	2
COV	[720-720]	720	2
COV	[725-725]	725	1
COV	[729-729]	729	1
COV	[730-730]	730	1
COV	[732-732]	732	2
COV	[734-734]	734	1
COV	[736-736]	736	1
COV	[739-739]	739	1
COV	[747-747]	747	2
COV	[748-748]	748	3
COV	[749-749]	749	1
COV	[750-750]	750	1
COV	[751-751]	751	1
COV	[752-752]	752	6
COV	[753-753]	753	1
COV	[754-754]	754	1
COV	[760-760]	760	1
COV	[761-761]	761	1
COV	[763-763]	763	5
COV	[764-764]	764	4
COV	[765-765]	765	11
COV	[766-766]	766	10
COV	[767-767]	767	2
COV	[768-768]	768	1
COV	[770-770]	770	1
COV	[776-776]	776	4
COV	[778-778]	778	8
COV	[780-780]	780	1
COV	[782-782]	782	1
COV	[785-785]	785	2
COV	[791-791]	791	1
COV	[794-794]	794	1
COV	[802-802]	802	2
COV	[809-809]	809	1
COV	[810-810]	810	1
COV	[818-818]	818	1
COV	[820-820]	820	2
COV	[821-821]	821	1
COV	[822-822]	822	3
COV	[825-825]	825	1
COV	[826-826]	826	1
COV	[827-827]	827	2
COV	[828-828]	828	1
COV	[830-830]	830	1
COV	[833-833]	833	2
COV	[837-837]	837	1
COV	[839-839]	839	2
COV	[840-840]	840	1
COV	[842-842]	842	1
COV	[843-843]	843	1
COV	[845-845]	845	1
COV	[846-846]	846	3
COV	[847-847]	847	3
COV	[849-849]	849	1
COV	[850-850]	850	1
COV	[860-860]	860	1
COV	[862-862]	862	1
COV	[869-869]	869	1
COV	[876-876]	876	1
COV	[879-879]	879	1
COV	[881-881]	881	3
COV	[883-883]	883	1
COV	[888-888]	888	1
COV	[890-890]	890	1
COV	[893-893]	893	2
COV	[901-901]	901	1
COV	[904-904]	904	1
COV	[905-905]	905	1
COV	[916-916]	916	1
COV	[919-919]	919	1
COV	[922-922]	922	1
COV	[930-930]	930	1
COV	[935-935]	935	1
COV	[938-938]	938	1
COV	[946-946]	946	1
COV	[947-947]	947	1
COV	[952-952]	952	1
COV	[953-953]	953	1
COV	[954-954]	954	1
COV	[957-957]	957	1
COV	[968-968]	968	1
COV	[971-971]	971	1
COV	[972-972]	972	1
COV	[977-977]	977	1
COV	[986-986]	986	2
COV	[987-987]	987	1
COV	[992-992]	992	1
COV	[997-997]	997	1
COV	[999-999]	999	1
COV	[1000<]	1000	2980
# GC-depth. Use `grep ^GCD | cut -f 2-` to extract this part. The columns are: GC%, unique sequence percentiles, 10th, 25th, 50th, 75th and 90th depth percentile
GCD	0.0	100.000	0.000	0.000	0.000	0.000	0.000
