# This file was produced by samtools stats (1.9+htslib-1.9) and can be plotted using plot-bamstats
# This file contains statistics for all reads.
# The command line was:  stats -@ 20 amelRNA_2/amelRNA_2_vdv1.bam
# CHK, Checksum	[2]Read Names	[3]Sequences	[4]Qualities
# CHK, CRC32 of reads which passed filtering followed by addition (32bit overflow)
CHK	2344f526	656b1965	6edf2a20
# Summary Numbers. Use `grep ^SN | cut -f 2-` to extract this part.
SN	raw total sequences:	389432
SN	filtered sequences:	0
SN	sequences:	389432
SN	is sorted:	1
SN	1st fragments:	194265
SN	last fragments:	195167
SN	reads mapped:	386874
SN	reads mapped and paired:	384316	# paired-end technology bit set + both mates mapped
SN	reads unmapped:	2558
SN	reads properly paired:	379734	# proper-pair bit set
SN	reads paired:	389432	# paired-end technology bit set
SN	reads duplicated:	0	# PCR or optical duplicate bit set
SN	reads MQ0:	34	# mapped and MQ=0
SN	reads QC failed:	0
SN	non-primary alignments:	34
SN	total length:	58359343	# ignores clipping
SN	total first fragment length:	29114841	# ignores clipping
SN	total last fragment length:	29244502	# ignores clipping
SN	bases mapped:	57976046	# ignores clipping
SN	bases mapped (cigar):	57775352	# more accurate
SN	bases trimmed:	0
SN	bases duplicated:	0
SN	mismatches:	552907	# from NM fields
SN	error rate:	9.569946e-03	# mismatches / bases mapped (cigar)
SN	average length:	149
SN	average first fragment length:	150
SN	average last fragment length:	150
SN	maximum length:	150
SN	maximum first fragment length:	150
SN	maximum last fragment length:	150
SN	average quality:	36.2
SN	insert size average:	235.2
SN	insert size standard deviation:	42.5
SN	inward oriented pairs:	187970
SN	outward oriented pairs:	3718
SN	pairs with other orientation:	4
SN	pairs on different chromosomes:	466
SN	percentage of properly paired reads (%):	97.5
# First Fragment Qualities. Use `grep ^FFQ | cut -f 2-` to extract this part.
# Columns correspond to qualities and rows to cycles. First column is the cycle number.
FFQ	1	0	0	0	0	0	0	0	0	0	0	0	1612	0	0	0	0	0	0	0	0	0	0	0	0	0	2869	0	0	0	0	0	0	0	0	0	0	0	189784	0
FFQ	2	0	0	0	0	0	0	0	0	0	0	0	1528	0	0	0	0	0	0	0	0	0	0	0	0	0	2958	0	0	0	0	0	0	0	0	0	0	0	189779	0
FFQ	3	0	0	10	0	0	0	0	0	0	0	0	1304	0	0	0	0	0	0	0	0	0	0	0	0	0	2628	0	0	0	0	0	0	0	0	0	0	0	190323	0
FFQ	4	0	0	0	0	0	0	0	0	0	0	0	1283	0	0	0	0	0	0	0	0	0	0	0	0	0	2581	0	0	0	0	0	0	0	0	0	0	0	190401	0
FFQ	5	0	0	0	0	0	0	0	0	0	0	0	1024	0	0	0	0	0	0	0	0	0	0	0	0	0	2628	0	0	0	0	0	0	0	0	0	0	0	190613	0
FFQ	6	0	0	66	0	0	0	0	0	0	0	0	1164	0	0	0	0	0	0	0	0	0	0	0	0	0	2823	0	0	0	0	0	0	0	0	0	0	0	190212	0
FFQ	7	0	0	6	0	0	0	0	0	0	0	0	1400	0	0	0	0	0	0	0	0	0	0	0	0	0	3375	0	0	0	0	0	0	0	0	0	0	0	189484	0
FFQ	8	0	0	31	0	0	0	0	0	0	0	0	1307	0	0	0	0	0	0	0	0	0	0	0	0	0	3228	0	0	0	0	0	0	0	0	0	0	0	189699	0
FFQ	9	0	0	0	0	0	0	0	0	0	0	0	1336	0	0	0	0	0	0	0	0	0	0	0	0	0	3100	0	0	0	0	0	0	0	0	0	0	0	189829	0
FFQ	10	0	0	7	0	0	0	0	0	0	0	0	1343	0	0	0	0	0	0	0	0	0	0	0	0	0	3130	0	0	0	0	0	0	0	0	0	0	0	189785	0
FFQ	11	0	0	3	0	0	0	0	0	0	0	0	1470	0	0	0	0	0	0	0	0	0	0	0	0	0	2911	0	0	0	0	0	0	0	0	0	0	0	189881	0
FFQ	12	0	0	0	0	0	0	0	0	0	0	0	1400	0	0	0	0	0	0	0	0	0	0	0	0	0	2951	0	0	0	0	0	0	0	0	0	0	0	189914	0
FFQ	13	0	0	0	0	0	0	0	0	0	0	0	1096	0	0	0	0	0	0	0	0	0	0	0	0	0	2957	0	0	0	0	0	0	0	0	0	0	0	190212	0
FFQ	14	0	0	0	0	0	0	0	0	0	0	0	1139	0	0	0	0	0	0	0	0	0	0	0	0	0	3037	0	0	0	0	0	0	0	0	0	0	0	190089	0
FFQ	15	0	0	0	0	0	0	0	0	0	0	0	1208	0	0	0	0	0	0	0	0	0	0	0	0	0	3048	0	0	0	0	0	0	0	0	0	0	0	190009	0
FFQ	16	0	0	0	0	0	0	0	0	0	0	0	1209	0	0	0	0	0	0	0	0	0	0	0	0	0	3107	0	0	0	0	0	0	0	0	0	0	0	189949	0
FFQ	17	0	0	0	0	0	0	0	0	0	0	0	1081	0	0	0	0	0	0	0	0	0	0	0	0	0	2911	0	0	0	0	0	0	0	0	0	0	0	190273	0
FFQ	18	0	0	0	0	0	0	0	0	0	0	0	1022	0	0	0	0	0	0	0	0	0	0	0	0	0	3022	0	0	0	0	0	0	0	0	0	0	0	190221	0
FFQ	19	0	0	0	0	0	0	0	0	0	0	0	1050	0	0	0	0	0	0	0	0	0	0	0	0	0	2974	0	0	0	0	0	0	0	0	0	0	0	190241	0
FFQ	20	0	0	0	0	0	0	0	0	0	0	0	1038	0	0	0	0	0	0	0	0	0	0	0	0	0	2896	0	0	0	0	0	0	0	0	0	0	0	190331	0
FFQ	21	0	0	0	0	0	0	0	0	0	0	0	994	0	0	0	0	0	0	0	0	0	0	0	0	0	3084	0	0	0	0	0	0	0	0	0	0	0	190187	0
FFQ	22	0	0	0	0	0	0	0	0	0	0	0	1056	0	0	0	0	0	0	0	0	0	0	0	0	0	3178	0	0	0	0	0	0	0	0	0	0	0	190031	0
FFQ	23	0	0	0	0	0	0	0	0	0	0	0	1002	0	0	0	0	0	0	0	0	0	0	0	0	0	3354	0	0	0	0	0	0	0	0	0	0	0	189909	0
FFQ	24	0	0	0	0	0	0	0	0	0	0	0	1106	0	0	0	0	0	0	0	0	0	0	0	0	0	3528	0	0	0	0	0	0	0	0	0	0	0	189631	0
FFQ	25	0	0	0	0	0	0	0	0	0	0	0	1088	0	0	0	0	0	0	0	0	0	0	0	0	0	3269	0	0	0	0	0	0	0	0	0	0	0	189908	0
FFQ	26	0	0	0	0	0	0	0	0	0	0	0	1181	0	0	0	0	0	0	0	0	0	0	0	0	0	3573	0	0	0	0	0	0	0	0	0	0	0	189511	0
FFQ	27	0	0	0	0	0	0	0	0	0	0	0	1332	0	0	0	0	0	0	0	0	0	0	0	0	0	3435	0	0	0	0	0	0	0	0	0	0	0	189498	0
FFQ	28	0	0	0	0	0	0	0	0	0	0	0	1331	0	0	0	0	0	0	0	0	0	0	0	0	0	3465	0	0	0	0	0	0	0	0	0	0	0	189469	0
FFQ	29	0	0	0	0	0	0	0	0	0	0	0	1297	0	0	0	0	0	0	0	0	0	0	0	0	0	3315	0	0	0	0	0	0	0	0	0	0	0	189653	0
FFQ	30	0	0	0	0	0	0	0	0	0	0	0	1328	0	0	0	0	0	0	0	0	0	0	0	0	0	3802	0	0	0	0	0	0	0	0	0	0	0	189135	0
FFQ	31	0	0	0	0	0	0	0	0	0	0	0	1315	0	0	0	0	0	0	0	0	0	0	0	0	0	3502	0	0	0	0	0	0	0	0	0	0	0	189448	0
FFQ	32	0	0	0	0	0	0	0	0	0	0	0	1354	0	0	0	0	0	0	0	0	0	0	0	0	0	3742	0	0	0	0	0	0	0	0	0	0	0	189169	0
FFQ	33	0	0	0	0	0	0	0	0	0	0	0	1388	0	0	0	0	0	0	0	0	0	0	0	0	0	3325	0	0	0	0	0	0	0	0	0	0	0	189552	0
FFQ	34	0	0	0	0	0	0	0	0	0	0	0	1367	0	0	0	0	0	0	0	0	0	0	0	0	0	3170	0	0	0	0	0	0	0	0	0	0	0	189728	0
FFQ	35	0	0	0	0	0	0	0	0	0	0	0	1398	0	0	0	0	0	0	0	0	0	0	0	0	0	3376	0	0	0	0	0	0	0	0	0	0	0	189491	0
FFQ	36	0	0	0	0	0	0	0	0	0	0	0	1328	0	0	0	0	0	0	0	0	0	0	0	0	0	3641	0	0	0	0	0	0	0	0	0	0	0	189296	0
FFQ	37	0	0	0	0	0	0	0	0	0	0	0	1265	0	0	0	0	0	0	0	0	0	0	0	0	0	3599	0	0	0	0	0	0	0	0	0	0	0	189401	0
FFQ	38	0	0	0	0	0	0	0	0	0	0	0	1360	0	0	0	0	0	0	0	0	0	0	0	0	0	3690	0	0	0	0	0	0	0	0	0	0	0	189215	0
FFQ	39	0	0	0	0	0	0	0	0	0	0	0	1558	0	0	0	0	0	0	0	0	0	0	0	0	0	3572	0	0	0	0	0	0	0	0	0	0	0	189135	0
FFQ	40	0	0	0	0	0	0	0	0	0	0	0	1824	0	0	0	0	0	0	0	0	0	0	0	0	0	3504	0	0	0	0	0	0	0	0	0	0	0	188937	0
FFQ	41	0	0	0	0	0	0	0	0	0	0	0	2125	0	0	0	0	0	0	0	0	0	0	0	0	0	3906	0	0	0	0	0	0	0	0	0	0	0	188234	0
FFQ	42	0	0	0	0	0	0	0	0	0	0	0	2912	0	0	0	0	0	0	0	0	0	0	0	0	0	4115	0	0	0	0	0	0	0	0	0	0	0	187238	0
FFQ	43	0	0	5	0	0	0	0	0	0	0	0	4321	0	0	0	0	0	0	0	0	0	0	0	0	0	4473	0	0	0	0	0	0	0	0	0	0	0	185466	0
FFQ	44	0	0	0	0	0	0	0	0	0	0	0	4355	0	0	0	0	0	0	0	0	0	0	0	0	0	4785	0	0	0	0	0	0	0	0	0	0	0	185125	0
FFQ	45	0	0	0	0	0	0	0	0	0	0	0	3381	0	0	0	0	0	0	0	0	0	0	0	0	0	4561	0	0	0	0	0	0	0	0	0	0	0	186323	0
FFQ	46	0	0	0	0	0	0	0	0	0	0	0	2187	0	0	0	0	0	0	0	0	0	0	0	0	0	4722	0	0	0	0	0	0	0	0	0	0	0	187356	0
FFQ	47	0	0	0	0	0	0	0	0	0	0	0	2042	0	0	0	0	0	0	0	0	0	0	0	0	0	5121	0	0	0	0	0	0	0	0	0	0	0	187102	0
FFQ	48	0	0	0	0	0	0	0	0	0	0	0	1762	0	0	0	0	0	0	0	0	0	0	0	0	0	4496	0	0	0	0	0	0	0	0	0	0	0	188007	0
FFQ	49	0	0	0	0	0	0	0	0	0	0	0	1444	0	0	0	0	0	0	0	0	0	0	0	0	0	3995	0	0	0	0	0	0	0	0	0	0	0	188826	0
FFQ	50	0	0	0	0	0	0	0	0	0	0	0	1504	0	0	0	0	0	0	0	0	0	0	0	0	0	3756	0	0	0	0	0	0	0	0	0	0	0	189005	0
FFQ	51	0	0	0	0	0	0	0	0	0	0	0	1503	0	0	0	0	0	0	0	0	0	0	0	0	0	3680	0	0	0	0	0	0	0	0	0	0	0	189082	0
FFQ	52	0	0	0	0	0	0	0	0	0	0	0	1439	0	0	0	0	0	0	0	0	0	0	0	0	0	3322	0	0	0	0	0	0	0	0	0	0	0	189504	0
FFQ	53	0	0	0	0	0	0	0	0	0	0	0	1519	0	0	0	0	0	0	0	0	0	0	0	0	0	3594	0	0	0	0	0	0	0	0	0	0	0	189152	0
FFQ	54	0	0	0	0	0	0	0	0	0	0	0	1455	0	0	0	0	0	0	0	0	0	0	0	0	0	3557	0	0	0	0	0	0	0	0	0	0	0	189253	0
FFQ	55	0	0	0	0	0	0	0	0	0	0	0	1466	0	0	0	0	0	0	0	0	0	0	0	0	0	3695	0	0	0	0	0	0	0	0	0	0	0	189104	0
FFQ	56	0	0	0	0	0	0	0	0	0	0	0	1497	0	0	0	0	0	0	0	0	0	0	0	0	0	3717	0	0	0	0	0	0	0	0	0	0	0	189051	0
FFQ	57	0	0	0	0	0	0	0	0	0	0	0	1489	0	0	0	0	0	0	0	0	0	0	0	0	0	3874	0	0	0	0	0	0	0	0	0	0	0	188902	0
FFQ	58	0	0	0	0	0	0	0	0	0	0	0	1427	0	0	0	0	0	0	0	0	0	0	0	0	0	3995	0	0	0	0	0	0	0	0	0	0	0	188843	0
FFQ	59	0	0	0	0	0	0	0	0	0	0	0	1521	0	0	0	0	0	0	0	0	0	0	0	0	0	4076	0	0	0	0	0	0	0	0	0	0	0	188668	0
FFQ	60	0	0	0	0	0	0	0	0	0	0	0	1857	0	0	0	0	0	0	0	0	0	0	0	0	0	3942	0	0	0	0	0	0	0	0	0	0	0	188466	0
FFQ	61	0	0	0	0	0	0	0	0	0	0	0	2039	0	0	0	0	0	0	0	0	0	0	0	0	0	3919	0	0	0	0	0	0	0	0	0	0	0	188307	0
FFQ	62	0	0	0	0	0	0	0	0	0	0	0	1946	0	0	0	0	0	0	0	0	0	0	0	0	0	3967	0	0	0	0	0	0	0	0	0	0	0	188352	0
FFQ	63	0	0	0	0	0	0	0	0	0	0	0	1903	0	0	0	0	0	0	0	0	0	0	0	0	0	4157	0	0	0	0	0	0	0	0	0	0	0	188205	0
FFQ	64	0	0	0	0	0	0	0	0	0	0	0	1966	0	0	0	0	0	0	0	0	0	0	0	0	0	4261	0	0	0	0	0	0	0	0	0	0	0	188038	0
FFQ	65	0	0	0	0	0	0	0	0	0	0	0	1732	0	0	0	0	0	0	0	0	0	0	0	0	0	4351	0	0	0	0	0	0	0	0	0	0	0	188182	0
FFQ	66	0	0	0	0	0	0	0	0	0	0	0	1685	0	0	0	0	0	0	0	0	0	0	0	0	0	4301	0	0	0	0	0	0	0	0	0	0	0	188279	0
FFQ	67	0	0	0	0	0	0	0	0	0	0	0	1667	0	0	0	0	0	0	0	0	0	0	0	0	0	4454	0	0	0	0	0	0	0	0	0	0	0	188144	0
FFQ	68	0	0	0	0	0	0	0	0	0	0	0	1706	0	0	0	0	0	0	0	0	0	0	0	0	0	4532	0	0	0	0	0	0	0	0	0	0	0	188027	0
FFQ	69	0	0	0	0	0	0	0	0	0	0	0	1694	0	0	0	0	0	0	0	0	0	0	0	0	0	4192	0	0	0	0	0	0	0	0	0	0	0	188379	0
FFQ	70	0	0	0	0	0	0	0	0	0	0	0	1894	0	0	0	0	0	0	0	0	0	0	0	0	0	4603	0	0	0	0	0	0	0	0	0	0	0	187768	0
FFQ	71	0	0	0	0	0	0	0	0	0	0	0	2179	0	0	0	0	0	0	0	0	0	0	0	0	0	4349	0	0	0	0	0	0	0	0	0	0	0	187737	0
FFQ	72	0	0	0	0	0	0	0	0	0	0	0	2468	0	0	0	0	0	0	0	0	0	0	0	0	0	4881	0	0	0	0	0	0	0	0	0	0	0	186916	0
FFQ	73	0	0	0	0	0	0	0	0	0	0	0	2366	0	0	0	0	0	0	0	0	0	0	0	0	0	4537	0	0	0	0	0	0	0	0	0	0	0	187362	0
FFQ	74	0	0	0	0	0	0	0	0	0	0	0	2271	0	0	0	0	0	0	0	0	0	0	0	0	0	4603	0	0	0	0	0	0	0	0	0	0	0	187391	0
FFQ	75	0	0	0	0	0	0	0	0	0	0	0	2013	0	0	0	0	0	0	0	0	0	0	0	0	0	5058	0	0	0	0	0	0	0	0	0	0	0	187194	0
FFQ	76	0	0	0	0	0	0	0	0	0	0	0	1988	0	0	0	0	0	0	0	0	0	0	0	0	0	5016	0	0	0	0	0	0	0	0	0	0	0	187261	0
FFQ	77	0	0	0	0	0	0	0	0	0	0	0	2067	0	0	0	0	0	0	0	0	0	0	0	0	0	5038	0	0	0	0	0	0	0	0	0	0	0	187160	0
FFQ	78	0	0	0	0	0	0	0	0	0	0	0	1898	0	0	0	0	0	0	0	0	0	0	0	0	0	4969	0	0	0	0	0	0	0	0	0	0	0	187398	0
FFQ	79	0	0	0	0	0	0	0	0	0	0	0	1720	0	0	0	0	0	0	0	0	0	0	0	0	0	4561	0	0	0	0	0	0	0	0	0	0	0	187984	0
FFQ	80	0	0	0	0	0	0	0	0	0	0	0	1787	0	0	0	0	0	0	0	0	0	0	0	0	0	4578	0	0	0	0	0	0	0	0	0	0	0	187900	0
FFQ	81	0	0	0	0	0	0	0	0	0	0	0	1708	0	0	0	0	0	0	0	0	0	0	0	0	0	4507	0	0	0	0	0	0	0	0	0	0	0	188050	0
FFQ	82	0	0	0	0	0	0	0	0	0	0	0	1758	0	0	0	0	0	0	0	0	0	0	0	0	0	4371	0	0	0	0	0	0	0	0	0	0	0	188136	0
FFQ	83	0	0	0	0	0	0	0	0	0	0	0	1768	0	0	0	0	0	0	0	0	0	0	0	0	0	4740	0	0	0	0	0	0	0	0	0	0	0	187757	0
FFQ	84	0	0	0	0	0	0	0	0	0	0	0	1742	0	0	0	0	0	0	0	0	0	0	0	0	0	4893	0	0	0	0	0	0	0	0	0	0	0	187630	0
FFQ	85	0	0	0	0	0	0	0	0	0	0	0	1892	0	0	0	0	0	0	0	0	0	0	0	0	0	5059	0	0	0	0	0	0	0	0	0	0	0	187314	0
FFQ	86	0	0	0	0	0	0	0	0	0	0	0	1981	0	0	0	0	0	0	0	0	0	0	0	0	0	5068	0	0	0	0	0	0	0	0	0	0	0	187216	0
FFQ	87	0	0	0	0	0	0	0	0	0	0	0	1926	0	0	0	0	0	0	0	0	0	0	0	0	0	5086	0	0	0	0	0	0	0	0	0	0	0	187253	0
FFQ	88	0	0	0	0	0	0	0	0	0	0	0	1988	0	0	0	0	0	0	0	0	0	0	0	0	0	5125	0	0	0	0	0	0	0	0	0	0	0	187152	0
FFQ	89	0	0	0	0	0	0	0	0	0	0	0	1987	0	0	0	0	0	0	0	0	0	0	0	0	0	5139	0	0	0	0	0	0	0	0	0	0	0	187139	0
FFQ	90	0	0	0	0	0	0	0	0	0	0	0	1968	0	0	0	0	0	0	0	0	0	0	0	0	0	5232	0	0	0	0	0	0	0	0	0	0	0	187065	0
FFQ	91	0	0	0	0	0	0	0	0	0	0	0	1910	0	0	0	0	0	0	0	0	0	0	0	0	0	5072	0	0	0	0	0	0	0	0	0	0	0	187283	0
FFQ	92	0	0	0	0	0	0	0	0	0	0	0	2050	0	0	0	0	0	0	0	0	0	0	0	0	0	5252	0	0	0	0	0	0	0	0	0	0	0	186963	0
FFQ	93	0	0	0	0	0	0	0	0	0	0	0	1954	0	0	0	0	0	0	0	0	0	0	0	0	0	5234	0	0	0	0	0	0	0	0	0	0	0	187077	0
FFQ	94	0	0	0	0	0	0	0	0	0	0	0	1762	0	0	0	0	0	0	0	0	0	0	0	0	0	4957	0	0	0	0	0	0	0	0	0	0	0	187546	0
FFQ	95	0	0	0	0	0	0	0	0	0	0	0	1831	0	0	0	0	0	0	0	0	0	0	0	0	0	5163	0	0	0	0	0	0	0	0	0	0	0	187271	0
FFQ	96	0	0	0	0	0	0	0	0	0	0	0	1790	0	0	0	0	0	0	0	0	0	0	0	0	0	4957	0	0	0	0	0	0	0	0	0	0	0	187518	0
FFQ	97	0	0	0	0	0	0	0	0	0	0	0	1829	0	0	0	0	0	0	0	0	0	0	0	0	0	5004	0	0	0	0	0	0	0	0	0	0	0	187432	0
FFQ	98	0	0	0	0	0	0	0	0	0	0	0	1792	0	0	0	0	0	0	0	0	0	0	0	0	0	4912	0	0	0	0	0	0	0	0	0	0	0	187561	0
FFQ	99	0	0	0	0	0	0	0	0	0	0	0	1920	0	0	0	0	0	0	0	0	0	0	0	0	0	4957	0	0	0	0	0	0	0	0	0	0	0	187388	0
FFQ	100	0	0	0	0	0	0	0	0	0	0	0	1947	0	0	0	0	0	0	0	0	0	0	0	0	0	5078	0	0	0	0	0	0	0	0	0	0	0	187240	0
FFQ	101	0	0	0	0	0	0	0	0	0	0	0	1936	0	0	0	0	0	0	0	0	0	0	0	0	0	5274	0	0	0	0	0	0	0	0	0	0	0	187055	0
FFQ	102	0	0	0	0	0	0	0	0	0	0	0	2038	0	0	0	0	0	0	0	0	0	0	0	0	0	5412	0	0	0	0	0	0	0	0	0	0	0	186815	0
FFQ	103	0	0	0	0	0	0	0	0	0	0	0	2139	0	0	0	0	0	0	0	0	0	0	0	0	0	5468	0	0	0	0	0	0	0	0	0	0	0	186658	0
FFQ	104	0	0	0	0	0	0	0	0	0	0	0	1835	0	0	0	0	0	0	0	0	0	0	0	0	0	5252	0	0	0	0	0	0	0	0	0	0	0	187178	0
FFQ	105	0	0	0	0	0	0	0	0	0	0	0	1974	0	0	0	0	0	0	0	0	0	0	0	0	0	5256	0	0	0	0	0	0	0	0	0	0	0	187035	0
FFQ	106	0	0	0	0	0	0	0	0	0	0	0	2123	0	0	0	0	0	0	0	0	0	0	0	0	0	5431	0	0	0	0	0	0	0	0	0	0	0	186711	0
FFQ	107	0	0	0	0	0	0	0	0	0	0	0	2316	0	0	0	0	0	0	0	0	0	0	0	0	0	5905	0	0	0	0	0	0	0	0	0	0	0	186044	0
FFQ	108	0	0	0	0	0	0	0	0	0	0	0	2646	0	0	0	0	0	0	0	0	0	0	0	0	0	6499	0	0	0	0	0	0	0	0	0	0	0	185120	0
FFQ	109	0	0	0	0	0	0	0	0	0	0	0	2395	0	0	0	0	0	0	0	0	0	0	0	0	0	6257	0	0	0	0	0	0	0	0	0	0	0	185613	0
FFQ	110	0	0	0	0	0	0	0	0	0	0	0	2437	0	0	0	0	0	0	0	0	0	0	0	0	0	5961	0	0	0	0	0	0	0	0	0	0	0	185867	0
FFQ	111	0	0	0	0	0	0	0	0	0	0	0	2128	0	0	0	0	0	0	0	0	0	0	0	0	0	5385	0	0	0	0	0	0	0	0	0	0	0	186752	0
FFQ	112	0	0	0	0	0	0	0	0	0	0	0	2141	0	0	0	0	0	0	0	0	0	0	0	0	0	5463	0	0	0	0	0	0	0	0	0	0	0	186661	0
FFQ	113	0	0	0	0	0	0	0	0	0	0	0	2472	0	0	0	0	0	0	0	0	0	0	0	0	0	6457	0	0	0	0	0	0	0	0	0	0	0	185336	0
FFQ	114	0	0	0	0	0	0	0	0	0	0	0	2617	0	0	0	0	0	0	0	0	0	0	0	0	0	6662	0	0	0	0	0	0	0	0	0	0	0	184986	0
FFQ	115	0	0	0	0	0	0	0	0	0	0	0	2353	0	0	0	0	0	0	0	0	0	0	0	0	0	5793	0	0	0	0	0	0	0	0	0	0	0	186119	0
FFQ	116	0	0	0	0	0	0	0	0	0	0	0	2508	0	0	0	0	0	0	0	0	0	0	0	0	0	6065	0	0	0	0	0	0	0	0	0	0	0	185692	0
FFQ	117	0	0	0	0	0	0	0	0	0	0	0	2756	0	0	0	0	0	0	0	0	0	0	0	0	0	6559	0	0	0	0	0	0	0	0	0	0	0	184950	0
FFQ	118	0	0	0	0	0	0	0	0	0	0	0	2671	0	0	0	0	0	0	0	0	0	0	0	0	0	6379	0	0	0	0	0	0	0	0	0	0	0	185215	0
FFQ	119	0	0	0	0	0	0	0	0	0	0	0	2704	0	0	0	0	0	0	0	0	0	0	0	0	0	6779	0	0	0	0	0	0	0	0	0	0	0	184782	0
FFQ	120	0	0	0	0	0	0	0	0	0	0	0	2611	0	0	0	0	0	0	0	0	0	0	0	0	0	6537	0	0	0	0	0	0	0	0	0	0	0	185117	0
FFQ	121	0	0	0	0	0	0	0	0	0	0	0	2684	0	0	0	0	0	0	0	0	0	0	0	0	0	6321	0	0	0	0	0	0	0	0	0	0	0	185260	0
FFQ	122	0	0	0	0	0	0	0	0	0	0	0	2797	0	0	0	0	0	0	0	0	0	0	0	0	0	6345	0	0	0	0	0	0	0	0	0	0	0	185123	0
FFQ	123	0	0	0	0	0	0	0	0	0	0	0	3148	0	0	0	0	0	0	0	0	0	0	0	0	0	6854	0	0	0	0	0	0	0	0	0	0	0	184263	0
FFQ	124	0	0	0	0	0	0	0	0	0	0	0	2869	0	0	0	0	0	0	0	0	0	0	0	0	0	6904	0	0	0	0	0	0	0	0	0	0	0	184492	0
FFQ	125	0	0	0	0	0	0	0	0	0	0	0	2831	0	0	0	0	0	0	0	0	0	0	0	0	0	6768	0	0	0	0	0	0	0	0	0	0	0	184666	0
FFQ	126	0	0	0	0	0	0	0	0	0	0	0	2939	0	0	0	0	0	0	0	0	0	0	0	0	0	7182	0	0	0	0	0	0	0	0	0	0	0	184144	0
FFQ	127	0	0	0	0	0	0	0	0	0	0	0	2593	0	0	0	0	0	0	0	0	0	0	0	0	0	6499	0	0	0	0	0	0	0	0	0	0	0	185173	0
FFQ	128	0	0	8	0	0	0	0	0	0	0	0	2577	0	0	0	0	0	0	0	0	0	0	0	0	0	6898	0	0	0	0	0	0	0	0	0	0	0	184782	0
FFQ	129	0	0	0	0	0	0	0	0	0	0	0	2791	0	0	0	0	0	0	0	0	0	0	0	0	0	6957	0	0	0	0	0	0	0	0	0	0	0	184517	0
FFQ	130	0	0	0	0	0	0	0	0	0	0	0	2663	0	0	0	0	0	0	0	0	0	0	0	0	0	6739	0	0	0	0	0	0	0	0	0	0	0	184863	0
FFQ	131	0	0	0	0	0	0	0	0	0	0	0	2730	0	0	0	0	0	0	0	0	0	0	0	0	0	6818	0	0	0	0	0	0	0	0	0	0	0	184717	0
FFQ	132	0	0	0	0	0	0	0	0	0	0	0	2786	0	0	0	0	0	0	0	0	0	0	0	0	0	6823	0	0	0	0	0	0	0	0	0	0	0	184656	0
FFQ	133	0	0	0	0	0	0	0	0	0	0	0	2835	0	0	0	0	0	0	0	0	0	0	0	0	0	6948	0	0	0	0	0	0	0	0	0	0	0	184482	0
FFQ	134	0	0	0	0	0	0	0	0	0	0	0	2840	0	0	0	0	0	0	0	0	0	0	0	0	0	6986	0	0	0	0	0	0	0	0	0	0	0	184439	0
FFQ	135	0	0	0	0	0	0	0	0	0	0	0	3050	0	0	0	0	0	0	0	0	0	0	0	0	0	7230	0	0	0	0	0	0	0	0	0	0	0	183985	0
FFQ	136	0	0	0	0	0	0	0	0	0	0	0	3272	0	0	0	0	0	0	0	0	0	0	0	0	0	7998	0	0	0	0	0	0	0	0	0	0	0	182995	0
FFQ	137	0	0	0	0	0	0	0	0	0	0	0	3345	0	0	0	0	0	0	0	0	0	0	0	0	0	8229	0	0	0	0	0	0	0	0	0	0	0	182691	0
FFQ	138	0	0	0	0	0	0	0	0	0	0	0	3589	0	0	0	0	0	0	0	0	0	0	0	0	0	8739	0	0	0	0	0	0	0	0	0	0	0	181937	0
FFQ	139	0	0	0	0	0	0	0	0	0	0	0	4032	0	0	0	0	0	0	0	0	0	0	0	0	0	9307	0	0	0	0	0	0	0	0	0	0	0	180926	0
FFQ	140	0	0	0	0	0	0	0	0	0	0	0	4269	0	0	0	0	0	0	0	0	0	0	0	0	0	9560	0	0	0	0	0	0	0	0	0	0	0	180436	0
FFQ	141	0	0	0	0	0	0	0	0	0	0	0	3958	0	0	0	0	0	0	0	0	0	0	0	0	0	9551	0	0	0	0	0	0	0	0	0	0	0	180756	0
FFQ	142	0	0	1	0	0	0	0	0	0	0	0	3735	0	0	0	0	0	0	0	0	0	0	0	0	0	8963	0	0	0	0	0	0	0	0	0	0	0	181566	0
FFQ	143	0	0	0	0	0	0	0	0	0	0	0	3343	0	0	0	0	0	0	0	0	0	0	0	0	0	8343	0	0	0	0	0	0	0	0	0	0	0	182576	0
FFQ	144	0	0	0	0	0	0	0	0	0	0	0	3590	0	0	0	0	0	0	0	0	0	0	0	0	0	8467	0	0	0	0	0	0	0	0	0	0	0	182099	0
FFQ	145	0	0	0	0	0	0	0	0	0	0	0	3991	0	0	0	0	0	0	0	0	0	0	0	0	0	9332	0	0	0	0	0	0	0	0	0	0	0	180754	0
FFQ	146	0	0	0	0	0	0	0	0	0	0	0	3473	0	0	0	0	0	0	0	0	0	0	0	0	0	8678	0	0	0	0	0	0	0	0	0	0	0	181663	0
FFQ	147	0	0	0	0	0	0	0	0	0	0	0	3521	0	0	0	0	0	0	0	0	0	0	0	0	0	8437	0	0	0	0	0	0	0	0	0	0	0	180453	0
FFQ	148	0	0	0	0	0	0	0	0	0	0	0	3345	0	0	0	0	0	0	0	0	0	0	0	0	0	8158	0	0	0	0	0	0	0	0	0	0	0	175332	0
FFQ	149	0	0	0	0	0	0	0	0	0	0	0	3357	0	0	0	0	0	0	0	0	0	0	0	0	0	8555	0	0	0	0	0	0	0	0	0	0	0	174923	0
FFQ	150	0	0	0	0	0	0	0	0	0	0	0	3532	0	0	0	0	0	0	0	0	0	0	0	0	0	8324	0	0	0	0	0	0	0	0	0	0	0	174965	0
# Last Fragment Qualities. Use `grep ^LFQ | cut -f 2-` to extract this part.
# Columns correspond to qualities and rows to cycles. First column is the cycle number.
LFQ	1	0	0	0	0	0	0	0	0	0	0	0	2367	0	0	0	0	0	0	0	0	0	0	0	0	0	5699	0	0	0	0	0	0	0	0	0	0	0	187101	0
LFQ	2	0	0	0	0	0	0	0	0	0	0	0	2273	0	0	0	0	0	0	0	0	0	0	0	0	0	6949	0	0	0	0	0	0	0	0	0	0	0	185945	0
LFQ	3	0	0	0	0	0	0	0	0	0	0	0	2104	0	0	0	0	0	0	0	0	0	0	0	0	0	5796	0	0	0	0	0	0	0	0	0	0	0	187267	0
LFQ	4	0	0	0	0	0	0	0	0	0	0	0	1846	0	0	0	0	0	0	0	0	0	0	0	0	0	5108	0	0	0	0	0	0	0	0	0	0	0	188213	0
LFQ	5	0	0	0	0	0	0	0	0	0	0	0	1694	0	0	0	0	0	0	0	0	0	0	0	0	0	5057	0	0	0	0	0	0	0	0	0	0	0	188416	0
LFQ	6	0	0	0	0	0	0	0	0	0	0	0	1806	0	0	0	0	0	0	0	0	0	0	0	0	0	5257	0	0	0	0	0	0	0	0	0	0	0	188104	0
LFQ	7	0	0	0	0	0	0	0	0	0	0	0	1923	0	0	0	0	0	0	0	0	0	0	0	0	0	5326	0	0	0	0	0	0	0	0	0	0	0	187918	0
LFQ	8	0	0	0	0	0	0	0	0	0	0	0	1698	0	0	0	0	0	0	0	0	0	0	0	0	0	4878	0	0	0	0	0	0	0	0	0	0	0	188591	0
LFQ	9	0	0	10	0	0	0	0	0	0	0	0	1763	0	0	0	0	0	0	0	0	0	0	0	0	0	4615	0	0	0	0	0	0	0	0	0	0	0	188779	0
LFQ	10	0	0	0	0	0	0	0	0	0	0	0	1860	0	0	0	0	0	0	0	0	0	0	0	0	0	4960	0	0	0	0	0	0	0	0	0	0	0	188347	0
LFQ	11	0	0	0	0	0	0	0	0	0	0	0	1696	0	0	0	0	0	0	0	0	0	0	0	0	0	4936	0	0	0	0	0	0	0	0	0	0	0	188535	0
LFQ	12	0	0	0	0	0	0	0	0	0	0	0	1744	0	0	0	0	0	0	0	0	0	0	0	0	0	4861	0	0	0	0	0	0	0	0	0	0	0	188562	0
LFQ	13	0	0	0	0	0	0	0	0	0	0	0	1804	0	0	0	0	0	0	0	0	0	0	0	0	0	4800	0	0	0	0	0	0	0	0	0	0	0	188563	0
LFQ	14	0	0	0	0	0	0	0	0	0	0	0	1735	0	0	0	0	0	0	0	0	0	0	0	0	0	4690	0	0	0	0	0	0	0	0	0	0	0	188742	0
LFQ	15	0	0	0	0	0	0	0	0	0	0	0	1808	0	0	0	0	0	0	0	0	0	0	0	0	0	5024	0	0	0	0	0	0	0	0	0	0	0	188335	0
LFQ	16	0	0	0	0	0	0	0	0	0	0	0	1714	0	0	0	0	0	0	0	0	0	0	0	0	0	4944	0	0	0	0	0	0	0	0	0	0	0	188509	0
LFQ	17	0	0	0	0	0	0	0	0	0	0	0	1761	0	0	0	0	0	0	0	0	0	0	0	0	0	5032	0	0	0	0	0	0	0	0	0	0	0	188374	0
LFQ	18	0	0	0	0	0	0	0	0	0	0	0	1646	0	0	0	0	0	0	0	0	0	0	0	0	0	4672	0	0	0	0	0	0	0	0	0	0	0	188849	0
LFQ	19	0	0	0	0	0	0	0	0	0	0	0	1733	0	0	0	0	0	0	0	0	0	0	0	0	0	4873	0	0	0	0	0	0	0	0	0	0	0	188561	0
LFQ	20	0	0	0	0	0	0	0	0	0	0	0	1728	0	0	0	0	0	0	0	0	0	0	0	0	0	4817	0	0	0	0	0	0	0	0	0	0	0	188622	0
LFQ	21	0	0	0	0	0	0	0	0	0	0	0	1740	0	0	0	0	0	0	0	0	0	0	0	0	0	4862	0	0	0	0	0	0	0	0	0	0	0	188565	0
LFQ	22	0	0	0	0	0	0	0	0	0	0	0	1826	0	0	0	0	0	0	0	0	0	0	0	0	0	5204	0	0	0	0	0	0	0	0	0	0	0	188137	0
LFQ	23	0	0	0	0	0	0	0	0	0	0	0	1869	0	0	0	0	0	0	0	0	0	0	0	0	0	5307	0	0	0	0	0	0	0	0	0	0	0	187991	0
LFQ	24	0	0	0	0	0	0	0	0	0	0	0	1891	0	0	0	0	0	0	0	0	0	0	0	0	0	5291	0	0	0	0	0	0	0	0	0	0	0	187985	0
LFQ	25	0	0	0	0	0	0	0	0	0	0	0	2012	0	0	0	0	0	0	0	0	0	0	0	0	0	5564	0	0	0	0	0	0	0	0	0	0	0	187591	0
LFQ	26	0	0	0	0	0	0	0	0	0	0	0	1982	0	0	0	0	0	0	0	0	0	0	0	0	0	5534	0	0	0	0	0	0	0	0	0	0	0	187651	0
LFQ	27	0	0	0	0	0	0	0	0	0	0	0	1999	0	0	0	0	0	0	0	0	0	0	0	0	0	5761	0	0	0	0	0	0	0	0	0	0	0	187407	0
LFQ	28	0	0	0	0	0	0	0	0	0	0	0	2022	0	0	0	0	0	0	0	0	0	0	0	0	0	5771	0	0	0	0	0	0	0	0	0	0	0	187374	0
LFQ	29	0	0	0	0	0	0	0	0	0	0	0	2113	0	0	0	0	0	0	0	0	0	0	0	0	0	6207	0	0	0	0	0	0	0	0	0	0	0	186847	0
LFQ	30	0	0	0	0	0	0	0	0	0	0	0	2050	0	0	0	0	0	0	0	0	0	0	0	0	0	6068	0	0	0	0	0	0	0	0	0	0	0	187049	0
LFQ	31	0	0	0	0	0	0	0	0	0	0	0	2061	0	0	0	0	0	0	0	0	0	0	0	0	0	5861	0	0	0	0	0	0	0	0	0	0	0	187245	0
LFQ	32	0	0	0	0	0	0	0	0	0	0	0	2206	0	0	0	0	0	0	0	0	0	0	0	0	0	6043	0	0	0	0	0	0	0	0	0	0	0	186918	0
LFQ	33	0	0	0	0	0	0	0	0	0	0	0	2121	0	0	0	0	0	0	0	0	0	0	0	0	0	6057	0	0	0	0	0	0	0	0	0	0	0	186989	0
LFQ	34	0	0	0	0	0	0	0	0	0	0	0	2036	0	0	0	0	0	0	0	0	0	0	0	0	0	5869	0	0	0	0	0	0	0	0	0	0	0	187262	0
LFQ	35	0	0	0	0	0	0	0	0	0	0	0	2139	0	0	0	0	0	0	0	0	0	0	0	0	0	6123	0	0	0	0	0	0	0	0	0	0	0	186905	0
LFQ	36	0	0	0	0	0	0	0	0	0	0	0	2158	0	0	0	0	0	0	0	0	0	0	0	0	0	6089	0	0	0	0	0	0	0	0	0	0	0	186920	0
LFQ	37	0	0	6	0	0	0	0	0	0	0	0	2134	0	0	0	0	0	0	0	0	0	0	0	0	0	6077	0	0	0	0	0	0	0	0	0	0	0	186950	0
LFQ	38	0	0	0	0	0	0	0	0	0	0	0	2211	0	0	0	0	0	0	0	0	0	0	0	0	0	6049	0	0	0	0	0	0	0	0	0	0	0	186907	0
LFQ	39	0	0	0	0	0	0	0	0	0	0	0	2242	0	0	0	0	0	0	0	0	0	0	0	0	0	6264	0	0	0	0	0	0	0	0	0	0	0	186661	0
LFQ	40	0	0	0	0	0	0	0	0	0	0	0	2274	0	0	0	0	0	0	0	0	0	0	0	0	0	6290	0	0	0	0	0	0	0	0	0	0	0	186603	0
LFQ	41	0	0	6	0	0	0	0	0	0	0	0	2285	0	0	0	0	0	0	0	0	0	0	0	0	0	6341	0	0	0	0	0	0	0	0	0	0	0	186535	0
LFQ	42	0	0	0	0	0	0	0	0	0	0	0	2489	0	0	0	0	0	0	0	0	0	0	0	0	0	6512	0	0	0	0	0	0	0	0	0	0	0	186166	0
LFQ	43	0	0	0	0	0	0	0	0	0	0	0	2506	0	0	0	0	0	0	0	0	0	0	0	0	0	6644	0	0	0	0	0	0	0	0	0	0	0	186017	0
LFQ	44	0	0	0	0	0	0	0	0	0	0	0	2347	0	0	0	0	0	0	0	0	0	0	0	0	0	6698	0	0	0	0	0	0	0	0	0	0	0	186122	0
LFQ	45	0	0	0	0	0	0	0	0	0	0	0	2363	0	0	0	0	0	0	0	0	0	0	0	0	0	6392	0	0	0	0	0	0	0	0	0	0	0	186412	0
LFQ	46	0	0	0	0	0	0	0	0	0	0	0	2227	0	0	0	0	0	0	0	0	0	0	0	0	0	6206	0	0	0	0	0	0	0	0	0	0	0	186734	0
LFQ	47	0	0	0	0	0	0	0	0	0	0	0	2265	0	0	0	0	0	0	0	0	0	0	0	0	0	6543	0	0	0	0	0	0	0	0	0	0	0	186359	0
LFQ	48	0	0	0	0	0	0	0	0	0	0	0	2298	0	0	0	0	0	0	0	0	0	0	0	0	0	6400	0	0	0	0	0	0	0	0	0	0	0	186469	0
LFQ	49	0	0	0	0	0	0	0	0	0	0	0	2371	0	0	0	0	0	0	0	0	0	0	0	0	0	6604	0	0	0	0	0	0	0	0	0	0	0	186192	0
LFQ	50	0	0	0	0	0	0	0	0	0	0	0	2483	0	0	0	0	0	0	0	0	0	0	0	0	0	6607	0	0	0	0	0	0	0	0	0	0	0	186077	0
LFQ	51	0	0	0	0	0	0	0	0	0	0	0	2590	0	0	0	0	0	0	0	0	0	0	0	0	0	6533	0	0	0	0	0	0	0	0	0	0	0	186044	0
LFQ	52	0	0	0	0	0	0	0	0	0	0	0	2537	0	0	0	0	0	0	0	0	0	0	0	0	0	6638	0	0	0	0	0	0	0	0	0	0	0	185992	0
LFQ	53	0	0	0	0	0	0	0	0	0	0	0	2493	0	0	0	0	0	0	0	0	0	0	0	0	0	6524	0	0	0	0	0	0	0	0	0	0	0	186150	0
LFQ	54	0	0	0	0	0	0	0	0	0	0	0	2468	0	0	0	0	0	0	0	0	0	0	0	0	0	6635	0	0	0	0	0	0	0	0	0	0	0	186064	0
LFQ	55	0	0	0	0	0	0	0	0	0	0	0	2351	0	0	0	0	0	0	0	0	0	0	0	0	0	6630	0	0	0	0	0	0	0	0	0	0	0	186186	0
LFQ	56	0	0	0	0	0	0	0	0	0	0	0	2491	0	0	0	0	0	0	0	0	0	0	0	0	0	6586	0	0	0	0	0	0	0	0	0	0	0	186090	0
LFQ	57	0	0	0	0	0	0	0	0	0	0	0	2498	0	0	0	0	0	0	0	0	0	0	0	0	0	6502	0	0	0	0	0	0	0	0	0	0	0	186167	0
LFQ	58	0	0	0	0	0	0	0	0	0	0	0	2479	0	0	0	0	0	0	0	0	0	0	0	0	0	6795	0	0	0	0	0	0	0	0	0	0	0	185893	0
LFQ	59	0	0	0	0	0	0	0	0	0	0	0	2637	0	0	0	0	0	0	0	0	0	0	0	0	0	6912	0	0	0	0	0	0	0	0	0	0	0	185618	0
LFQ	60	0	0	0	0	0	0	0	0	0	0	0	2648	0	0	0	0	0	0	0	0	0	0	0	0	0	6913	0	0	0	0	0	0	0	0	0	0	0	185606	0
LFQ	61	0	0	0	0	0	0	0	0	0	0	0	2630	0	0	0	0	0	0	0	0	0	0	0	0	0	6945	0	0	0	0	0	0	0	0	0	0	0	185592	0
LFQ	62	0	0	0	0	0	0	0	0	0	0	0	2727	0	0	0	0	0	0	0	0	0	0	0	0	0	7297	0	0	0	0	0	0	0	0	0	0	0	185143	0
LFQ	63	0	0	0	0	0	0	0	0	0	0	0	2904	0	0	0	0	0	0	0	0	0	0	0	0	0	7460	0	0	0	0	0	0	0	0	0	0	0	184803	0
LFQ	64	0	0	0	0	0	0	0	0	0	0	0	2912	0	0	0	0	0	0	0	0	0	0	0	0	0	7471	0	0	0	0	0	0	0	0	0	0	0	184784	0
LFQ	65	0	0	0	0	0	0	0	0	0	0	0	2815	0	0	0	0	0	0	0	0	0	0	0	0	0	7496	0	0	0	0	0	0	0	0	0	0	0	184856	0
LFQ	66	0	0	0	0	0	0	0	0	0	0	0	2891	0	0	0	0	0	0	0	0	0	0	0	0	0	7556	0	0	0	0	0	0	0	0	0	0	0	184720	0
LFQ	67	0	0	0	0	0	0	0	0	0	0	0	2868	0	0	0	0	0	0	0	0	0	0	0	0	0	7197	0	0	0	0	0	0	0	0	0	0	0	185102	0
LFQ	68	0	0	0	0	0	0	0	0	0	0	0	2955	0	0	0	0	0	0	0	0	0	0	0	0	0	7357	0	0	0	0	0	0	0	0	0	0	0	184855	0
LFQ	69	0	0	0	0	0	0	0	0	0	0	0	2918	0	0	0	0	0	0	0	0	0	0	0	0	0	7583	0	0	0	0	0	0	0	0	0	0	0	184666	0
LFQ	70	0	0	0	0	0	0	0	0	0	0	0	2864	0	0	0	0	0	0	0	0	0	0	0	0	0	7413	0	0	0	0	0	0	0	0	0	0	0	184890	0
LFQ	71	0	0	9	0	0	0	0	0	0	0	0	2792	0	0	0	0	0	0	0	0	0	0	0	0	0	7349	0	0	0	0	0	0	0	0	0	0	0	185017	0
LFQ	72	0	0	0	0	0	0	0	0	0	0	0	3058	0	0	0	0	0	0	0	0	0	0	0	0	0	7679	0	0	0	0	0	0	0	0	0	0	0	184430	0
LFQ	73	0	0	0	0	0	0	0	0	0	0	0	3025	0	0	0	0	0	0	0	0	0	0	0	0	0	7931	0	0	0	0	0	0	0	0	0	0	0	184211	0
LFQ	74	0	0	0	0	0	0	0	0	0	0	0	2883	0	0	0	0	0	0	0	0	0	0	0	0	0	7698	0	0	0	0	0	0	0	0	0	0	0	184586	0
LFQ	75	0	0	0	0	0	0	0	0	0	0	0	2925	0	0	0	0	0	0	0	0	0	0	0	0	0	7814	0	0	0	0	0	0	0	0	0	0	0	184428	0
LFQ	76	0	0	0	0	0	0	0	0	0	0	0	3110	0	0	0	0	0	0	0	0	0	0	0	0	0	8008	0	0	0	0	0	0	0	0	0	0	0	184049	0
LFQ	77	0	0	5	0	0	0	0	0	0	0	0	3072	0	0	0	0	0	0	0	0	0	0	0	0	0	7949	0	0	0	0	0	0	0	0	0	0	0	184141	0
LFQ	78	0	0	0	0	0	0	0	0	0	0	0	2943	0	0	0	0	0	0	0	0	0	0	0	0	0	7849	0	0	0	0	0	0	0	0	0	0	0	184375	0
LFQ	79	0	0	0	0	0	0	0	0	0	0	0	3097	0	0	0	0	0	0	0	0	0	0	0	0	0	8046	0	0	0	0	0	0	0	0	0	0	0	184024	0
LFQ	80	0	0	0	0	0	0	0	0	0	0	0	3166	0	0	0	0	0	0	0	0	0	0	0	0	0	8155	0	0	0	0	0	0	0	0	0	0	0	183846	0
LFQ	81	0	0	0	0	0	0	0	0	0	0	0	3199	0	0	0	0	0	0	0	0	0	0	0	0	0	7946	0	0	0	0	0	0	0	0	0	0	0	184022	0
LFQ	82	0	0	0	0	0	0	0	0	0	0	0	3376	0	0	0	0	0	0	0	0	0	0	0	0	0	8397	0	0	0	0	0	0	0	0	0	0	0	183394	0
LFQ	83	0	0	2	0	0	0	0	0	0	0	0	3395	0	0	0	0	0	0	0	0	0	0	0	0	0	8322	0	0	0	0	0	0	0	0	0	0	0	183448	0
LFQ	84	0	0	0	0	0	0	0	0	0	0	0	3324	0	0	0	0	0	0	0	0	0	0	0	0	0	8413	0	0	0	0	0	0	0	0	0	0	0	183430	0
LFQ	85	0	0	0	0	0	0	0	0	0	0	0	3252	0	0	0	0	0	0	0	0	0	0	0	0	0	8296	0	0	0	0	0	0	0	0	0	0	0	183619	0
LFQ	86	0	0	0	0	0	0	0	0	0	0	0	3273	0	0	0	0	0	0	0	0	0	0	0	0	0	8386	0	0	0	0	0	0	0	0	0	0	0	183508	0
LFQ	87	0	0	9	0	0	0	0	0	0	0	0	3427	0	0	0	0	0	0	0	0	0	0	0	0	0	8744	0	0	0	0	0	0	0	0	0	0	0	182987	0
LFQ	88	0	0	0	0	0	0	0	0	0	0	0	3710	0	0	0	0	0	0	0	0	0	0	0	0	0	8701	0	0	0	0	0	0	0	0	0	0	0	182756	0
LFQ	89	0	0	0	0	0	0	0	0	0	0	0	3812	0	0	0	0	0	0	0	0	0	0	0	0	0	9006	0	0	0	0	0	0	0	0	0	0	0	182349	0
LFQ	90	0	0	0	0	0	0	0	0	0	0	0	3451	0	0	0	0	0	0	0	0	0	0	0	0	0	8472	0	0	0	0	0	0	0	0	0	0	0	183244	0
LFQ	91	0	0	0	0	0	0	0	0	0	0	0	3762	0	0	0	0	0	0	0	0	0	0	0	0	0	9013	0	0	0	0	0	0	0	0	0	0	0	182392	0
LFQ	92	0	0	0	0	0	0	0	0	0	0	0	3856	0	0	0	0	0	0	0	0	0	0	0	0	0	9053	0	0	0	0	0	0	0	0	0	0	0	182258	0
LFQ	93	0	0	0	0	0	0	0	0	0	0	0	3757	0	0	0	0	0	0	0	0	0	0	0	0	0	9186	0	0	0	0	0	0	0	0	0	0	0	182224	0
LFQ	94	0	0	0	0	0	0	0	0	0	0	0	3976	0	0	0	0	0	0	0	0	0	0	0	0	0	9470	0	0	0	0	0	0	0	0	0	0	0	181721	0
LFQ	95	0	0	0	0	0	0	0	0	0	0	0	3796	0	0	0	0	0	0	0	0	0	0	0	0	0	9451	0	0	0	0	0	0	0	0	0	0	0	181920	0
LFQ	96	0	0	0	0	0	0	0	0	0	0	0	4093	0	0	0	0	0	0	0	0	0	0	0	0	0	9711	0	0	0	0	0	0	0	0	0	0	0	181363	0
LFQ	97	0	0	6	0	0	0	0	0	0	0	0	4139	0	0	0	0	0	0	0	0	0	0	0	0	0	9618	0	0	0	0	0	0	0	0	0	0	0	181404	0
LFQ	98	0	0	0	0	0	0	0	0	0	0	0	4086	0	0	0	0	0	0	0	0	0	0	0	0	0	9660	0	0	0	0	0	0	0	0	0	0	0	181421	0
LFQ	99	0	0	0	0	0	0	0	0	0	0	0	4223	0	0	0	0	0	0	0	0	0	0	0	0	0	10088	0	0	0	0	0	0	0	0	0	0	0	180856	0
LFQ	100	0	0	0	0	0	0	0	0	0	0	0	3924	0	0	0	0	0	0	0	0	0	0	0	0	0	9589	0	0	0	0	0	0	0	0	0	0	0	181654	0
LFQ	101	0	0	0	0	0	0	0	0	0	0	0	3903	0	0	0	0	0	0	0	0	0	0	0	0	0	9184	0	0	0	0	0	0	0	0	0	0	0	182080	0
LFQ	102	0	0	0	0	0	0	0	0	0	0	0	3904	0	0	0	0	0	0	0	0	0	0	0	0	0	9377	0	0	0	0	0	0	0	0	0	0	0	181886	0
LFQ	103	0	0	0	0	0	0	0	0	0	0	0	4298	0	0	0	0	0	0	0	0	0	0	0	0	0	9675	0	0	0	0	0	0	0	0	0	0	0	181194	0
LFQ	104	0	0	0	0	0	0	0	0	0	0	0	4091	0	0	0	0	0	0	0	0	0	0	0	0	0	9705	0	0	0	0	0	0	0	0	0	0	0	181371	0
LFQ	105	0	0	0	0	0	0	0	0	0	0	0	4240	0	0	0	0	0	0	0	0	0	0	0	0	0	9866	0	0	0	0	0	0	0	0	0	0	0	181061	0
LFQ	106	0	0	0	0	0	0	0	0	0	0	0	4354	0	0	0	0	0	0	0	0	0	0	0	0	0	9681	0	0	0	0	0	0	0	0	0	0	0	181132	0
LFQ	107	0	0	0	0	0	0	0	0	0	0	0	4391	0	0	0	0	0	0	0	0	0	0	0	0	0	9756	0	0	0	0	0	0	0	0	0	0	0	181020	0
LFQ	108	0	0	0	0	0	0	0	0	0	0	0	4303	0	0	0	0	0	0	0	0	0	0	0	0	0	9871	0	0	0	0	0	0	0	0	0	0	0	180993	0
LFQ	109	0	0	0	0	0	0	0	0	0	0	0	4425	0	0	0	0	0	0	0	0	0	0	0	0	0	9963	0	0	0	0	0	0	0	0	0	0	0	180779	0
LFQ	110	0	0	0	0	0	0	0	0	0	0	0	4637	0	0	0	0	0	0	0	0	0	0	0	0	0	10674	0	0	0	0	0	0	0	0	0	0	0	179856	0
LFQ	111	0	0	0	0	0	0	0	0	0	0	0	4390	0	0	0	0	0	0	0	0	0	0	0	0	0	10145	0	0	0	0	0	0	0	0	0	0	0	180632	0
LFQ	112	0	0	4	0	0	0	0	0	0	0	0	4199	0	0	0	0	0	0	0	0	0	0	0	0	0	9698	0	0	0	0	0	0	0	0	0	0	0	181266	0
LFQ	113	0	0	0	0	0	0	0	0	0	0	0	4196	0	0	0	0	0	0	0	0	0	0	0	0	0	9950	0	0	0	0	0	0	0	0	0	0	0	181021	0
LFQ	114	0	0	0	0	0	0	0	0	0	0	0	4531	0	0	0	0	0	0	0	0	0	0	0	0	0	10321	0	0	0	0	0	0	0	0	0	0	0	180315	0
LFQ	115	0	0	0	0	0	0	0	0	0	0	0	4716	0	0	0	0	0	0	0	0	0	0	0	0	0	10769	0	0	0	0	0	0	0	0	0	0	0	179682	0
LFQ	116	0	0	3	0	0	0	0	0	0	0	0	4572	0	0	0	0	0	0	0	0	0	0	0	0	0	10379	0	0	0	0	0	0	0	0	0	0	0	180213	0
LFQ	117	0	0	0	0	0	0	0	0	0	0	0	4727	0	0	0	0	0	0	0	0	0	0	0	0	0	10557	0	0	0	0	0	0	0	0	0	0	0	179883	0
LFQ	118	0	0	12	0	0	0	0	0	0	0	0	4801	0	0	0	0	0	0	0	0	0	0	0	0	0	10768	0	0	0	0	0	0	0	0	0	0	0	179586	0
LFQ	119	0	0	0	0	0	0	0	0	0	0	0	4716	0	0	0	0	0	0	0	0	0	0	0	0	0	10722	0	0	0	0	0	0	0	0	0	0	0	179729	0
LFQ	120	0	0	0	0	0	0	0	0	0	0	0	4980	0	0	0	0	0	0	0	0	0	0	0	0	0	11351	0	0	0	0	0	0	0	0	0	0	0	178836	0
LFQ	121	0	0	11	0	0	0	0	0	0	0	0	4935	0	0	0	0	0	0	0	0	0	0	0	0	0	11285	0	0	0	0	0	0	0	0	0	0	0	178936	0
LFQ	122	0	0	0	0	0	0	0	0	0	0	0	4940	0	0	0	0	0	0	0	0	0	0	0	0	0	11094	0	0	0	0	0	0	0	0	0	0	0	179133	0
LFQ	123	0	0	0	0	0	0	0	0	0	0	0	4714	0	0	0	0	0	0	0	0	0	0	0	0	0	11039	0	0	0	0	0	0	0	0	0	0	0	179414	0
LFQ	124	0	0	0	0	0	0	0	0	0	0	0	5357	0	0	0	0	0	0	0	0	0	0	0	0	0	11731	0	0	0	0	0	0	0	0	0	0	0	178079	0
LFQ	125	0	0	0	0	0	0	0	0	0	0	0	5221	0	0	0	0	0	0	0	0	0	0	0	0	0	11800	0	0	0	0	0	0	0	0	0	0	0	178146	0
LFQ	126	0	0	0	0	0	0	0	0	0	0	0	5403	0	0	0	0	0	0	0	0	0	0	0	0	0	11314	0	0	0	0	0	0	0	0	0	0	0	178450	0
LFQ	127	0	0	0	0	0	0	0	0	0	0	0	5279	0	0	0	0	0	0	0	0	0	0	0	0	0	11626	0	0	0	0	0	0	0	0	0	0	0	178262	0
LFQ	128	0	0	0	0	0	0	0	0	0	0	0	5631	0	0	0	0	0	0	0	0	0	0	0	0	0	11742	0	0	0	0	0	0	0	0	0	0	0	177794	0
LFQ	129	0	0	0	0	0	0	0	0	0	0	0	5636	0	0	0	0	0	0	0	0	0	0	0	0	0	12312	0	0	0	0	0	0	0	0	0	0	0	177219	0
LFQ	130	0	0	0	0	0	0	0	0	0	0	0	5602	0	0	0	0	0	0	0	0	0	0	0	0	0	12335	0	0	0	0	0	0	0	0	0	0	0	177230	0
LFQ	131	0	0	0	0	0	0	0	0	0	0	0	5632	0	0	0	0	0	0	0	0	0	0	0	0	0	11896	0	0	0	0	0	0	0	0	0	0	0	177639	0
LFQ	132	0	0	0	0	0	0	0	0	0	0	0	5954	0	0	0	0	0	0	0	0	0	0	0	0	0	12443	0	0	0	0	0	0	0	0	0	0	0	176770	0
LFQ	133	0	0	0	0	0	0	0	0	0	0	0	5717	0	0	0	0	0	0	0	0	0	0	0	0	0	12521	0	0	0	0	0	0	0	0	0	0	0	176929	0
LFQ	134	0	0	0	0	0	0	0	0	0	0	0	5667	0	0	0	0	0	0	0	0	0	0	0	0	0	12084	0	0	0	0	0	0	0	0	0	0	0	177416	0
LFQ	135	0	0	0	0	0	0	0	0	0	0	0	5405	0	0	0	0	0	0	0	0	0	0	0	0	0	12147	0	0	0	0	0	0	0	0	0	0	0	177615	0
LFQ	136	0	0	0	0	0	0	0	0	0	0	0	5782	0	0	0	0	0	0	0	0	0	0	0	0	0	12594	0	0	0	0	0	0	0	0	0	0	0	176791	0
LFQ	137	0	0	0	0	0	0	0	0	0	0	0	5928	0	0	0	0	0	0	0	0	0	0	0	0	0	12268	0	0	0	0	0	0	0	0	0	0	0	176970	0
LFQ	138	0	0	0	0	0	0	0	0	0	0	0	5715	0	0	0	0	0	0	0	0	0	0	0	0	0	12473	0	0	0	0	0	0	0	0	0	0	0	176848	0
LFQ	139	0	0	0	0	0	0	0	0	0	0	0	5678	0	0	0	0	0	0	0	0	0	0	0	0	0	12284	0	0	0	0	0	0	0	0	0	0	0	176942	0
LFQ	140	0	0	0	0	0	0	0	0	0	0	0	6220	0	0	0	0	0	0	0	0	0	0	0	0	0	12751	0	0	0	0	0	0	0	0	0	0	0	175778	0
LFQ	141	0	0	0	0	0	0	0	0	0	0	0	7002	0	0	0	0	0	0	0	0	0	0	0	0	0	13662	0	0	0	0	0	0	0	0	0	0	0	173913	0
LFQ	142	0	0	0	0	0	0	0	0	0	0	0	6817	0	0	0	0	0	0	0	0	0	0	0	0	0	13678	0	0	0	0	0	0	0	0	0	0	0	173904	0
LFQ	143	0	0	0	0	0	0	0	0	0	0	0	6704	0	0	0	0	0	0	0	0	0	0	0	0	0	13523	0	0	0	0	0	0	0	0	0	0	0	173995	0
LFQ	144	0	0	0	0	0	0	0	0	0	0	0	6820	0	0	0	0	0	0	0	0	0	0	0	0	0	13366	0	0	0	0	0	0	0	0	0	0	0	173852	0
LFQ	145	0	0	11	0	0	0	0	0	0	0	0	7050	0	0	0	0	0	0	0	0	0	0	0	0	0	13626	0	0	0	0	0	0	0	0	0	0	0	173158	0
LFQ	146	0	0	0	0	0	0	0	0	0	0	0	6635	0	0	0	0	0	0	0	0	0	0	0	0	0	13360	0	0	0	0	0	0	0	0	0	0	0	173579	0
LFQ	147	0	0	0	0	0	0	0	0	0	0	0	6593	0	0	0	0	0	0	0	0	0	0	0	0	0	13467	0	0	0	0	0	0	0	0	0	0	0	172912	0
LFQ	148	0	0	0	0	0	0	0	0	0	0	0	6333	0	0	0	0	0	0	0	0	0	0	0	0	0	13134	0	0	0	0	0	0	0	0	0	0	0	168666	0
LFQ	149	0	0	0	0	0	0	0	0	0	0	0	6433	0	0	0	0	0	0	0	0	0	0	0	0	0	13009	0	0	0	0	0	0	0	0	0	0	0	168691	0
LFQ	150	0	0	0	0	0	0	0	0	0	0	0	6866	0	0	0	0	0	0	0	0	0	0	0	0	0	13631	0	0	0	0	0	0	0	0	0	0	0	167545	0
# GC Content of first fragments. Use `grep ^GCF | cut -f 2-` to extract this part.
GCF	0.50	0
GCF	1.26	1
GCF	2.01	0
GCF	2.76	1
GCF	3.27	2
GCF	4.27	1
GCF	5.28	0
GCF	6.28	1
GCF	7.29	0
GCF	8.04	2
GCF	8.79	0
GCF	9.30	1
GCF	10.30	0
GCF	12.06	3
GCF	13.32	1
GCF	14.57	2
GCF	15.83	5
GCF	16.58	4
GCF	17.34	2
GCF	18.09	5
GCF	18.84	6
GCF	19.35	11
GCF	20.10	3
GCF	20.85	2
GCF	21.36	1
GCF	22.11	4
GCF	22.86	1
GCF	23.37	3
GCF	24.12	5
GCF	24.87	9
GCF	25.38	18
GCF	25.88	27
GCF	26.38	26
GCF	26.88	17
GCF	27.39	28
GCF	27.89	39
GCF	28.39	41
GCF	28.89	202
GCF	29.40	838
GCF	29.90	1228
GCF	30.40	1235
GCF	30.90	843
GCF	31.41	1833
GCF	31.91	4279
GCF	32.41	4273
GCF	32.91	8019
GCF	33.42	4743
GCF	33.92	3447
GCF	34.42	3927
GCF	34.92	3952
GCF	35.43	5970
GCF	35.93	4510
GCF	36.43	8599
GCF	36.93	8472
GCF	37.44	9650
GCF	37.94	14142
GCF	38.44	12798
GCF	38.94	12195
GCF	39.45	14157
GCF	39.95	10306
GCF	40.45	13562
GCF	40.95	13690
GCF	41.46	11900
GCF	41.96	9818
GCF	42.46	11557
GCF	42.96	12176
GCF	43.47	5157
GCF	43.97	5352
GCF	44.47	12989
GCF	44.97	13171
GCF	45.48	4358
GCF	45.98	4667
GCF	46.48	2875
GCF	46.98	2789
GCF	47.49	1428
GCF	47.99	514
GCF	48.49	396
GCF	48.99	392
GCF	49.50	78
GCF	50.00	19
GCF	50.75	7
GCF	51.51	4
GCF	52.01	1
# GC Content of last fragments. Use `grep ^GCL | cut -f 2-` to extract this part.
GCL	0.25	1
GCL	0.75	0
GCL	1.26	2
GCL	2.01	0
GCL	2.76	1
GCL	3.27	0
GCL	4.02	2
GCL	4.77	0
GCL	5.28	2
GCL	6.03	0
GCL	7.04	2
GCL	8.04	1
GCL	8.79	0
GCL	9.80	1
GCL	10.80	0
GCL	11.31	3
GCL	12.06	2
GCL	12.81	0
GCL	13.32	1
GCL	14.07	0
GCL	14.82	2
GCL	15.33	5
GCL	15.83	1
GCL	16.33	2
GCL	16.83	4
GCL	17.34	1
GCL	18.09	8
GCL	18.84	10
GCL	19.35	3
GCL	20.10	6
GCL	20.85	5
GCL	21.86	3
GCL	22.86	9
GCL	23.37	5
GCL	23.87	8
GCL	24.37	7
GCL	24.87	9
GCL	25.38	26
GCL	25.88	29
GCL	26.38	30
GCL	26.88	28
GCL	27.39	41
GCL	27.89	69
GCL	28.39	70
GCL	28.89	155
GCL	29.40	1212
GCL	29.90	1797
GCL	30.40	1746
GCL	30.90	2375
GCL	31.41	3610
GCL	31.91	3864
GCL	32.41	3858
GCL	32.91	3617
GCL	33.42	3555
GCL	33.92	3876
GCL	34.42	5460
GCL	34.92	5636
GCL	35.43	8359
GCL	35.93	8786
GCL	36.43	10666
GCL	36.93	10855
GCL	37.44	14872
GCL	37.94	15166
GCL	38.44	13378
GCL	38.94	13543
GCL	39.45	12416
GCL	39.95	9402
GCL	40.45	11073
GCL	40.95	11513
GCL	41.46	10794
GCL	41.96	11881
GCL	42.46	5913
GCL	42.96	6314
GCL	43.47	4946
GCL	43.97	4662
GCL	44.47	6119
GCL	44.97	6221
GCL	45.48	4110
GCL	45.98	5041
GCL	46.48	3127
GCL	46.98	3109
GCL	47.49	1769
GCL	47.99	958
GCL	48.49	512
GCL	48.99	503
GCL	49.50	81
GCL	50.00	26
GCL	50.50	16
GCL	51.01	12
GCL	51.51	35
GCL	52.01	6
GCL	52.51	1
GCL	53.02	2
GCL	53.52	0
GCL	54.02	2
GCL	54.77	1
GCL	55.53	0
GCL	56.03	3
GCL	56.78	2
GCL	58.54	1
GCL	60.05	0
GCL	60.80	1
GCL	61.81	0
GCL	62.81	1
GCL	63.82	0
GCL	64.82	1
GCL	67.09	0
GCL	69.35	2
GCL	70.10	0
GCL	70.60	1
GCL	73.37	0
GCL	76.13	1
GCL	77.14	0
GCL	78.14	1
GCL	80.40	0
GCL	82.66	1
GCL	86.43	0
GCL	90.20	1
# ACGT content per cycle. Use `grep ^GCC | cut -f 2-` to extract this part. The columns are: cycle; A,C,G,T base counts as a percentage of all A/C/G/T bases [%]; and N and O counts as a percentage of all A/C/G/T bases [%]
GCC	1	21.83	24.63	36.67	16.87	0.00	0.00
GCC	2	31.52	14.54	30.67	23.27	0.00	0.00
GCC	3	30.06	15.36	31.27	23.31	0.00	0.00
GCC	4	27.82	16.36	32.75	23.08	0.00	0.00
GCC	5	29.34	17.00	25.41	28.24	0.00	0.00
GCC	6	33.05	16.98	21.96	28.01	0.02	0.00
GCC	7	30.77	13.31	19.04	36.88	0.00	0.00
GCC	8	32.38	13.93	21.13	32.55	0.01	0.00
GCC	9	29.32	16.73	22.85	31.10	0.00	0.00
GCC	10	35.05	15.80	18.42	30.74	0.00	0.00
GCC	11	28.85	19.71	23.25	28.19	0.00	0.00
GCC	12	26.64	19.58	22.53	31.25	0.00	0.00
GCC	13	29.35	17.84	20.80	32.01	0.00	0.00
GCC	14	30.20	18.33	21.05	30.42	0.00	0.00
GCC	15	29.95	16.10	21.43	32.52	0.00	0.00
GCC	16	30.90	15.60	23.67	29.83	0.00	0.00
GCC	17	28.77	14.57	25.13	31.53	0.00	0.00
GCC	18	31.32	15.52	22.48	30.69	0.00	0.00
GCC	19	29.21	14.37	23.97	32.45	0.00	0.00
GCC	20	28.32	16.84	24.48	30.36	0.00	0.00
GCC	21	29.66	16.84	21.18	32.33	0.00	0.00
GCC	22	28.45	17.01	23.06	31.48	0.00	0.00
GCC	23	29.94	16.27	21.30	32.50	0.00	0.00
GCC	24	30.36	15.89	21.67	32.09	0.00	0.00
GCC	25	30.46	16.66	19.78	33.10	0.00	0.00
GCC	26	28.70	15.78	22.18	33.34	0.00	0.00
GCC	27	30.17	16.53	23.57	29.73	0.00	0.00
GCC	28	31.78	15.90	23.49	28.83	0.00	0.00
GCC	29	30.22	15.53	23.86	30.39	0.00	0.00
GCC	30	30.79	14.52	24.92	29.77	0.00	0.00
GCC	31	30.01	16.45	21.92	31.62	0.00	0.00
GCC	32	31.65	15.69	23.27	29.40	0.00	0.00
GCC	33	29.38	16.39	21.11	33.12	0.00	0.00
GCC	34	30.53	17.18	20.70	31.58	0.00	0.00
GCC	35	29.50	17.12	23.81	29.57	0.00	0.00
GCC	36	30.51	18.23	21.18	30.09	0.00	0.00
GCC	37	30.58	17.84	22.78	28.80	0.00	0.00
GCC	38	28.76	18.85	22.94	29.45	0.00	0.00
GCC	39	29.66	16.91	23.35	30.08	0.00	0.00
GCC	40	28.84	17.60	23.40	30.17	0.00	0.00
GCC	41	29.10	17.09	23.38	30.44	0.00	0.00
GCC	42	30.30	16.81	21.71	31.19	0.00	0.00
GCC	43	28.60	16.09	22.58	32.74	0.00	0.00
GCC	44	31.89	14.77	22.97	30.37	0.00	0.00
GCC	45	29.40	16.09	22.24	32.26	0.00	0.00
GCC	46	31.39	15.48	23.67	29.46	0.00	0.00
GCC	47	31.31	14.78	23.90	30.01	0.00	0.00
GCC	48	28.60	15.00	24.48	31.92	0.00	0.00
GCC	49	30.85	15.85	22.85	30.46	0.00	0.00
GCC	50	30.89	16.44	22.38	30.29	0.00	0.00
GCC	51	31.67	15.37	21.69	31.27	0.00	0.00
GCC	52	30.88	14.95	22.30	31.87	0.00	0.00
GCC	53	30.29	15.93	22.79	30.99	0.00	0.00
GCC	54	28.96	16.36	23.78	30.91	0.00	0.00
GCC	55	28.96	17.79	21.80	31.44	0.00	0.00
GCC	56	28.13	17.19	23.34	31.35	0.00	0.00
GCC	57	27.97	18.52	22.26	31.24	0.00	0.00
GCC	58	29.60	15.79	22.22	32.39	0.00	0.00
GCC	59	29.95	15.07	23.85	31.13	0.00	0.00
GCC	60	30.49	14.44	22.48	32.59	0.00	0.00
GCC	61	30.26	15.09	21.85	32.79	0.00	0.00
GCC	62	29.71	16.71	22.47	31.11	0.00	0.00
GCC	63	30.26	15.81	23.11	30.82	0.00	0.00
GCC	64	28.96	19.04	22.14	29.87	0.00	0.00
GCC	65	29.54	16.72	22.01	31.73	0.00	0.00
GCC	66	27.70	17.02	23.94	31.34	0.00	0.00
GCC	67	28.94	17.29	20.96	32.81	0.00	0.00
GCC	68	28.35	16.82	21.76	33.07	0.00	0.00
GCC	69	30.43	16.01	21.96	31.60	0.00	0.00
GCC	70	29.05	18.11	22.13	30.71	0.00	0.00
GCC	71	30.46	15.73	20.86	32.95	0.00	0.00
GCC	72	30.76	16.91	22.05	30.27	0.00	0.00
GCC	73	31.57	15.71	21.44	31.28	0.00	0.00
GCC	74	30.40	17.09	21.73	30.78	0.00	0.00
GCC	75	28.98	15.56	22.20	33.25	0.00	0.00
GCC	76	30.62	15.16	22.82	31.40	0.00	0.00
GCC	77	29.74	16.19	21.92	32.15	0.00	0.00
GCC	78	32.10	14.46	21.97	31.47	0.00	0.00
GCC	79	32.21	14.98	21.76	31.05	0.00	0.00
GCC	80	33.21	14.14	22.08	30.58	0.00	0.00
GCC	81	33.18	14.99	22.02	29.81	0.00	0.00
GCC	82	32.16	14.27	24.04	29.54	0.00	0.00
GCC	83	29.51	16.35	23.97	30.16	0.00	0.00
GCC	84	29.40	17.00	23.67	29.93	0.00	0.00
GCC	85	29.08	17.98	23.13	29.81	0.00	0.00
GCC	86	29.73	16.64	21.71	31.91	0.00	0.00
GCC	87	29.10	17.52	22.73	30.65	0.00	0.00
GCC	88	29.95	15.35	23.52	31.17	0.00	0.00
GCC	89	28.90	15.54	24.27	31.28	0.00	0.00
GCC	90	31.21	14.89	23.83	30.07	0.00	0.00
GCC	91	29.56	15.20	23.33	31.92	0.00	0.00
GCC	92	29.83	16.01	22.35	31.80	0.00	0.00
GCC	93	30.99	16.09	22.30	30.62	0.00	0.00
GCC	94	28.40	15.50	23.60	32.51	0.00	0.00
GCC	95	29.91	16.53	21.93	31.62	0.00	0.00
GCC	96	30.35	14.81	21.95	32.90	0.00	0.00
GCC	97	29.59	14.18	21.99	34.24	0.00	0.00
GCC	98	29.06	13.79	23.91	33.24	0.00	0.00
GCC	99	29.62	16.25	21.86	32.27	0.00	0.00
GCC	100	30.80	16.10	22.33	30.77	0.00	0.00
GCC	101	30.39	15.19	23.01	31.41	0.00	0.00
GCC	102	30.91	14.77	21.92	32.41	0.00	0.00
GCC	103	29.95	16.09	21.67	32.30	0.00	0.00
GCC	104	28.77	16.72	22.94	31.57	0.00	0.00
GCC	105	29.58	17.08	22.92	30.42	0.00	0.00
GCC	106	28.59	17.12	22.84	31.45	0.00	0.00
GCC	107	31.37	15.13	23.43	30.07	0.00	0.00
GCC	108	29.26	16.45	22.67	31.62	0.00	0.00
GCC	109	28.51	17.30	24.59	29.61	0.00	0.00
GCC	110	30.14	16.85	24.21	28.80	0.00	0.00
GCC	111	30.69	18.06	22.02	29.24	0.00	0.00
GCC	112	31.52	16.20	24.91	27.37	0.00	0.00
GCC	113	30.75	16.78	23.64	28.83	0.00	0.00
GCC	114	32.87	16.57	22.73	27.84	0.00	0.00
GCC	115	29.95	18.20	23.00	28.85	0.00	0.00
GCC	116	31.11	18.00	21.80	29.09	0.00	0.00
GCC	117	31.96	16.01	23.38	28.65	0.00	0.00
GCC	118	32.06	16.22	22.97	28.75	0.00	0.00
GCC	119	31.83	14.94	21.01	32.22	0.00	0.00
GCC	120	29.79	17.31	22.38	30.51	0.00	0.00
GCC	121	30.03	15.95	23.24	30.78	0.00	0.00
GCC	122	32.38	14.43	21.32	31.87	0.00	0.00
GCC	123	33.57	15.40	22.06	28.98	0.00	0.00
GCC	124	31.02	16.03	22.94	30.00	0.00	0.00
GCC	125	31.40	14.89	23.33	30.38	0.00	0.00
GCC	126	31.35	14.48	22.63	31.54	0.00	0.00
GCC	127	28.83	13.94	24.62	32.61	0.00	0.00
GCC	128	30.03	15.21	23.57	31.18	0.00	0.00
GCC	129	30.30	15.35	23.96	30.40	0.00	0.00
GCC	130	31.40	14.79	24.25	29.56	0.00	0.00
GCC	131	31.07	16.37	23.53	29.04	0.00	0.00
GCC	132	30.15	16.65	23.39	29.81	0.00	0.00
GCC	133	30.61	14.41	24.29	30.69	0.00	0.00
GCC	134	31.14	14.60	22.65	31.61	0.00	0.00
GCC	135	32.18	15.98	22.96	28.88	0.00	0.00
GCC	136	31.06	14.97	25.06	28.91	0.00	0.00
GCC	137	29.93	17.56	24.32	28.19	0.00	0.00
GCC	138	32.48	13.99	22.73	30.81	0.00	0.00
GCC	139	29.47	15.72	24.54	30.26	0.00	0.00
GCC	140	32.40	13.99	23.43	30.17	0.00	0.00
GCC	141	30.25	15.27	25.40	29.08	0.00	0.00
GCC	142	31.30	16.24	24.24	28.22	0.00	0.00
GCC	143	32.39	15.20	22.98	29.43	0.00	0.00
GCC	144	30.99	16.42	23.02	29.57	0.00	0.00
GCC	145	30.18	17.18	21.14	31.50	0.00	0.00
GCC	146	29.10	16.30	22.15	32.45	0.00	0.00
GCC	147	28.12	15.89	23.92	32.08	0.00	0.00
GCC	148	29.59	16.18	24.47	29.76	0.00	0.00
GCC	149	27.61	16.19	25.11	31.09	0.00	0.00
GCC	150	27.66	15.29	25.52	31.52	0.00	0.00
# ACGT content per cycle for first fragments. Use `grep ^FBC | cut -f 2-` to extract this part. The columns are: cycle; A,C,G,T base counts as a percentage of all A/C/G/T bases [%]; and N and O counts as a percentage of all A/C/G/T bases [%]
FBC	1	14.67	23.93	45.92	15.48	0.00	0.00
FBC	2	31.88	18.79	34.38	14.95	0.00	0.00
FBC	3	27.93	14.86	41.96	15.25	0.01	0.00
FBC	4	23.61	19.15	37.76	19.49	0.00	0.00
FBC	5	23.82	21.31	26.55	28.32	0.00	0.00
FBC	6	26.22	19.53	23.93	30.31	0.03	0.00
FBC	7	37.62	11.64	18.63	32.11	0.00	0.00
FBC	8	36.88	11.15	22.50	29.46	0.02	0.00
FBC	9	34.46	17.28	20.90	27.36	0.00	0.00
FBC	10	32.58	16.78	15.36	35.28	0.00	0.00
FBC	11	25.99	21.19	18.86	33.96	0.00	0.00
FBC	12	25.28	20.68	19.76	34.28	0.00	0.00
FBC	13	31.19	17.76	18.97	32.08	0.00	0.00
FBC	14	29.81	18.74	20.94	30.52	0.00	0.00
FBC	15	29.43	14.91	22.00	33.65	0.00	0.00
FBC	16	30.76	14.56	24.57	30.11	0.00	0.00
FBC	17	29.42	12.52	25.08	32.98	0.00	0.00
FBC	18	32.87	14.25	21.97	30.91	0.00	0.00
FBC	19	29.34	12.59	24.17	33.91	0.00	0.00
FBC	20	28.00	16.32	24.90	30.77	0.00	0.00
FBC	21	29.01	16.25	20.76	33.98	0.00	0.00
FBC	22	26.53	16.55	23.35	33.58	0.00	0.00
FBC	23	28.24	16.66	20.31	34.79	0.00	0.00
FBC	24	28.73	17.06	21.62	32.59	0.00	0.00
FBC	25	29.83	17.05	18.00	35.12	0.00	0.00
FBC	26	27.97	16.34	20.47	35.22	0.00	0.00
FBC	27	29.90	16.64	23.60	29.87	0.00	0.00
FBC	28	33.64	16.24	22.15	27.97	0.00	0.00
FBC	29	30.24	15.88	23.98	29.90	0.00	0.00
FBC	30	29.86	14.06	27.66	28.41	0.00	0.00
FBC	31	30.36	15.74	22.94	30.96	0.00	0.00
FBC	32	33.07	15.70	23.31	27.92	0.00	0.00
FBC	33	29.16	17.62	19.37	33.85	0.00	0.00
FBC	34	29.63	19.86	19.32	31.19	0.00	0.00
FBC	35	29.05	18.13	23.75	29.08	0.00	0.00
FBC	36	30.89	20.01	19.98	29.12	0.00	0.00
FBC	37	33.06	18.45	21.83	26.67	0.00	0.00
FBC	38	28.75	21.41	21.02	28.81	0.00	0.00
FBC	39	29.43	17.01	24.18	29.38	0.00	0.00
FBC	40	27.92	19.57	24.41	28.10	0.00	0.00
FBC	41	28.21	19.05	23.30	29.45	0.00	0.00
FBC	42	29.91	17.73	19.07	33.28	0.00	0.00
FBC	43	26.45	16.88	21.09	35.58	0.00	0.00
FBC	44	32.79	14.16	21.99	31.07	0.00	0.00
FBC	45	28.29	15.15	21.99	34.56	0.00	0.00
FBC	46	32.83	13.02	24.71	29.44	0.00	0.00
FBC	47	31.29	13.69	25.32	29.70	0.00	0.00
FBC	48	26.84	14.02	26.37	32.78	0.00	0.00
FBC	49	32.03	15.26	22.47	30.25	0.00	0.00
FBC	50	31.27	15.85	22.91	29.96	0.00	0.00
FBC	51	31.84	15.65	22.07	30.45	0.00	0.00
FBC	52	30.52	14.40	23.23	31.85	0.00	0.00
FBC	53	28.90	16.13	22.71	32.26	0.00	0.00
FBC	54	26.15	18.20	24.55	31.11	0.00	0.00
FBC	55	27.87	18.92	21.64	31.57	0.00	0.00
FBC	56	25.46	19.65	23.52	31.37	0.00	0.00
FBC	57	26.66	19.98	22.94	30.41	0.00	0.00
FBC	58	28.24	15.32	22.48	33.96	0.00	0.00
FBC	59	29.94	12.88	24.53	32.66	0.00	0.00
FBC	60	29.59	13.60	22.31	34.51	0.00	0.00
FBC	61	30.87	14.83	20.79	33.50	0.00	0.00
FBC	62	28.83	16.87	22.78	31.52	0.00	0.00
FBC	63	28.68	15.42	25.15	30.75	0.00	0.00
FBC	64	26.87	22.52	22.37	28.24	0.00	0.00
FBC	65	28.29	18.27	20.92	32.52	0.00	0.00
FBC	66	27.23	18.78	22.76	31.22	0.00	0.00
FBC	67	26.94	18.38	21.16	33.51	0.00	0.00
FBC	68	26.92	17.41	21.16	34.51	0.00	0.00
FBC	69	30.59	17.55	20.92	30.94	0.00	0.00
FBC	70	29.17	19.58	19.66	31.59	0.00	0.00
FBC	71	30.00	16.14	20.05	33.81	0.00	0.00
FBC	72	29.99	18.10	20.35	31.56	0.00	0.00
FBC	73	31.71	15.26	20.87	32.16	0.00	0.00
FBC	74	29.36	18.30	20.26	32.08	0.00	0.00
FBC	75	28.18	13.64	21.81	36.37	0.00	0.00
FBC	76	31.44	14.49	21.31	32.77	0.00	0.00
FBC	77	28.50	17.38	21.37	32.75	0.00	0.00
FBC	78	33.29	12.68	20.98	33.05	0.00	0.00
FBC	79	34.38	13.97	20.57	31.07	0.00	0.00
FBC	80	36.95	13.09	20.30	29.66	0.00	0.00
FBC	81	36.46	14.22	21.68	27.64	0.00	0.00
FBC	82	34.02	13.46	25.01	27.51	0.00	0.00
FBC	83	28.58	17.08	23.86	30.48	0.00	0.00
FBC	84	26.78	18.39	23.08	31.75	0.00	0.00
FBC	85	26.78	20.04	22.05	31.13	0.00	0.00
FBC	86	28.78	16.83	20.45	33.94	0.00	0.00
FBC	87	27.96	19.23	22.71	30.10	0.00	0.00
FBC	88	29.23	15.41	23.95	31.41	0.00	0.00
FBC	89	29.46	13.99	24.70	31.84	0.00	0.00
FBC	90	32.18	12.92	24.77	30.13	0.00	0.00
FBC	91	29.49	13.53	23.94	33.04	0.00	0.00
FBC	92	28.17	16.27	20.72	34.84	0.00	0.00
FBC	93	31.06	16.56	22.19	30.19	0.00	0.00
FBC	94	26.89	14.19	24.57	34.35	0.00	0.00
FBC	95	27.77	16.41	22.00	33.82	0.00	0.00
FBC	96	28.62	14.10	20.66	36.63	0.00	0.00
FBC	97	28.03	13.54	21.96	36.46	0.00	0.00
FBC	98	30.17	11.39	25.98	32.46	0.00	0.00
FBC	99	29.69	16.12	21.39	32.80	0.00	0.00
FBC	100	31.98	14.89	22.35	30.79	0.00	0.00
FBC	101	30.46	14.49	21.85	33.19	0.00	0.00
FBC	102	29.50	14.57	21.35	34.58	0.00	0.00
FBC	103	30.69	15.26	20.88	33.16	0.00	0.00
FBC	104	28.75	15.30	21.26	34.69	0.00	0.00
FBC	105	29.80	16.06	23.84	30.30	0.00	0.00
FBC	106	28.67	18.74	22.11	30.48	0.00	0.00
FBC	107	31.58	15.64	23.54	29.25	0.00	0.00
FBC	108	29.02	17.19	22.21	31.58	0.00	0.00
FBC	109	28.31	19.39	24.75	27.55	0.00	0.00
FBC	110	29.81	17.54	25.48	27.16	0.00	0.00
FBC	111	32.04	19.08	20.23	28.65	0.00	0.00
FBC	112	30.13	17.23	27.50	25.14	0.00	0.00
FBC	113	31.77	17.06	23.76	27.41	0.00	0.00
FBC	114	33.45	18.75	22.98	24.82	0.00	0.00
FBC	115	29.51	21.01	23.65	25.83	0.00	0.00
FBC	116	30.59	20.67	20.96	27.78	0.00	0.00
FBC	117	32.75	16.09	24.05	27.10	0.00	0.00
FBC	118	32.92	16.40	23.12	27.56	0.00	0.00
FBC	119	33.38	14.95	18.58	33.09	0.00	0.00
FBC	120	30.10	17.32	22.49	30.09	0.00	0.00
FBC	121	30.13	14.89	24.48	30.50	0.00	0.00
FBC	122	35.32	12.65	20.28	31.74	0.00	0.00
FBC	123	37.11	14.66	20.58	27.65	0.00	0.00
FBC	124	33.14	14.87	22.99	29.00	0.00	0.00
FBC	125	32.43	14.39	23.51	29.67	0.00	0.00
FBC	126	32.11	13.42	22.49	31.98	0.00	0.00
FBC	127	28.55	12.45	25.94	33.06	0.00	0.00
FBC	128	30.17	14.18	22.68	32.97	0.00	0.00
FBC	129	31.69	13.89	24.94	29.48	0.00	0.00
FBC	130	32.75	13.40	25.17	28.68	0.00	0.00
FBC	131	32.26	16.30	24.73	26.72	0.00	0.00
FBC	132	29.95	16.25	24.86	28.94	0.00	0.00
FBC	133	29.90	13.51	25.78	30.81	0.00	0.00
FBC	134	33.06	12.09	22.56	32.28	0.00	0.00
FBC	135	32.09	17.50	23.05	27.36	0.00	0.00
FBC	136	30.51	13.60	28.20	27.69	0.00	0.00
FBC	137	29.73	17.62	26.37	26.28	0.00	0.00
FBC	138	32.23	12.80	24.00	30.97	0.00	0.00
FBC	139	29.81	14.79	26.57	28.83	0.00	0.00
FBC	140	33.11	13.65	24.74	28.49	0.00	0.00
FBC	141	30.21	13.94	28.21	27.63	0.00	0.00
FBC	142	30.80	18.00	24.36	26.83	0.00	0.00
FBC	143	33.49	15.34	21.36	29.81	0.00	0.00
FBC	144	30.49	16.56	22.79	30.16	0.00	0.00
FBC	145	28.25	19.17	21.52	31.07	0.00	0.00
FBC	146	28.20	16.24	23.30	32.27	0.00	0.00
FBC	147	26.81	14.88	25.78	32.53	0.00	0.00
FBC	148	28.42	16.93	28.14	26.51	0.00	0.00
FBC	149	26.94	16.73	27.15	29.17	0.00	0.00
FBC	150	24.03	14.78	27.19	33.99	0.00	0.00
# ACGT content per cycle for last fragments. Use `grep ^LBC | cut -f 2-` to extract this part. The columns are: cycle; A,C,G,T base counts as a percentage of all A/C/G/T bases [%]; and N and O counts as a percentage of all A/C/G/T bases [%]
LBC	1	28.96	25.32	27.46	18.26	0.00	0.00
LBC	2	31.16	10.30	26.98	31.56	0.00	0.00
LBC	3	32.18	15.87	20.62	31.32	0.00	0.00
LBC	4	32.01	13.57	27.77	26.65	0.00	0.00
LBC	5	34.83	12.72	24.28	28.17	0.00	0.00
LBC	6	39.85	14.44	19.99	25.72	0.00	0.00
LBC	7	23.95	14.97	19.45	41.63	0.00	0.00
LBC	8	27.91	16.69	19.77	35.63	0.00	0.00
LBC	9	24.21	16.19	24.79	34.82	0.01	0.00
LBC	10	37.49	14.81	21.46	26.23	0.00	0.00
LBC	11	31.69	18.24	27.61	22.45	0.00	0.00
LBC	12	27.99	18.48	25.29	28.24	0.00	0.00
LBC	13	27.53	17.91	22.62	31.94	0.00	0.00
LBC	14	30.59	17.92	21.17	30.32	0.00	0.00
LBC	15	30.46	17.28	20.86	31.40	0.00	0.00
LBC	16	31.04	16.63	22.78	29.55	0.00	0.00
LBC	17	28.13	16.61	25.17	30.09	0.00	0.00
LBC	18	29.77	16.78	22.99	30.46	0.00	0.00
LBC	19	29.08	16.14	23.78	31.00	0.00	0.00
LBC	20	28.63	17.36	24.05	29.95	0.00	0.00
LBC	21	30.30	17.43	21.59	30.69	0.00	0.00
LBC	22	30.37	17.47	22.77	29.40	0.00	0.00
LBC	23	31.63	15.87	22.28	30.22	0.00	0.00
LBC	24	31.98	14.71	21.72	31.59	0.00	0.00
LBC	25	31.09	16.28	21.55	31.08	0.00	0.00
LBC	26	29.43	15.22	23.88	31.47	0.00	0.00
LBC	27	30.45	16.42	23.55	29.59	0.00	0.00
LBC	28	29.92	15.56	24.83	29.69	0.00	0.00
LBC	29	30.20	15.18	23.74	30.87	0.00	0.00
LBC	30	31.71	14.99	22.20	31.11	0.00	0.00
LBC	31	29.66	17.17	20.90	32.27	0.00	0.00
LBC	32	30.24	15.67	23.22	30.86	0.00	0.00
LBC	33	29.60	15.16	22.84	32.40	0.00	0.00
LBC	34	31.44	14.51	22.08	31.97	0.00	0.00
LBC	35	29.94	16.13	23.87	30.07	0.00	0.00
LBC	36	30.13	16.44	22.37	31.05	0.00	0.00
LBC	37	28.11	17.24	23.72	30.93	0.00	0.00
LBC	38	28.78	16.30	24.85	30.08	0.00	0.00
LBC	39	29.90	16.80	22.53	30.77	0.00	0.00
LBC	40	29.75	15.64	22.38	32.23	0.00	0.00
LBC	41	29.99	15.14	23.46	31.42	0.00	0.00
LBC	42	30.68	15.89	24.33	29.10	0.00	0.00
LBC	43	30.74	15.30	24.06	29.90	0.00	0.00
LBC	44	30.99	15.38	23.96	29.67	0.00	0.00
LBC	45	30.51	17.03	22.50	29.96	0.00	0.00
LBC	46	29.95	17.93	22.63	29.49	0.00	0.00
LBC	47	31.33	15.87	22.47	30.33	0.00	0.00
LBC	48	30.36	15.98	22.59	31.07	0.00	0.00
LBC	49	29.67	16.44	23.23	30.66	0.00	0.00
LBC	50	30.51	17.03	21.85	30.61	0.00	0.00
LBC	51	31.50	15.09	21.32	32.08	0.00	0.00
LBC	52	31.24	15.50	21.37	31.89	0.00	0.00
LBC	53	31.69	15.73	22.86	29.72	0.00	0.00
LBC	54	31.76	14.53	23.01	30.71	0.00	0.00
LBC	55	30.05	16.67	21.96	31.32	0.00	0.00
LBC	56	30.78	14.74	23.16	31.33	0.00	0.00
LBC	57	29.27	17.07	21.59	32.07	0.00	0.00
LBC	58	30.95	16.27	21.96	30.82	0.00	0.00
LBC	59	29.95	17.24	23.18	29.62	0.00	0.00
LBC	60	31.39	15.29	22.65	30.67	0.00	0.00
LBC	61	29.65	15.35	22.91	32.08	0.00	0.00
LBC	62	30.59	16.54	22.16	30.70	0.00	0.00
LBC	63	31.84	16.20	21.08	30.88	0.00	0.00
LBC	64	31.04	15.57	21.90	31.49	0.00	0.00
LBC	65	30.78	15.18	23.09	30.95	0.00	0.00
LBC	66	28.18	15.25	25.11	31.46	0.00	0.00
LBC	67	30.92	16.21	20.75	32.12	0.00	0.00
LBC	68	29.78	16.23	22.36	31.63	0.00	0.00
LBC	69	30.27	14.47	23.00	32.26	0.00	0.00
LBC	70	28.92	16.65	24.59	29.83	0.00	0.00
LBC	71	30.92	15.32	21.67	32.09	0.00	0.00
LBC	72	31.53	15.72	23.75	28.99	0.00	0.00
LBC	73	31.44	16.15	22.00	30.41	0.00	0.00
LBC	74	31.44	15.88	23.19	29.50	0.00	0.00
LBC	75	29.78	17.47	22.59	30.15	0.00	0.00
LBC	76	29.80	15.83	24.33	30.04	0.00	0.00
LBC	77	30.98	15.00	22.47	31.55	0.00	0.00
LBC	78	30.92	16.23	22.96	29.90	0.00	0.00
LBC	79	30.05	15.98	22.95	31.02	0.00	0.00
LBC	80	29.48	15.18	23.85	31.49	0.00	0.00
LBC	81	29.91	15.76	22.36	31.97	0.00	0.00
LBC	82	30.30	15.07	23.07	31.56	0.00	0.00
LBC	83	30.43	15.63	24.09	29.85	0.00	0.00
LBC	84	32.01	15.62	24.26	28.12	0.00	0.00
LBC	85	31.37	15.93	24.19	28.51	0.00	0.00
LBC	86	30.68	16.46	22.97	29.89	0.00	0.00
LBC	87	30.24	15.82	22.75	31.19	0.00	0.00
LBC	88	30.67	15.30	23.09	30.94	0.00	0.00
LBC	89	28.34	17.09	23.84	30.73	0.00	0.00
LBC	90	30.25	16.85	22.90	30.01	0.00	0.00
LBC	91	29.63	16.85	22.71	30.80	0.00	0.00
LBC	92	31.49	15.75	23.97	28.78	0.00	0.00
LBC	93	30.91	15.62	22.41	31.05	0.00	0.00
LBC	94	29.91	16.79	22.63	30.67	0.00	0.00
LBC	95	32.05	16.65	21.86	29.43	0.00	0.00
LBC	96	32.07	15.51	23.23	29.19	0.00	0.00
LBC	97	31.14	14.82	22.01	32.03	0.00	0.00
LBC	98	27.97	16.18	21.84	34.02	0.00	0.00
LBC	99	29.55	16.37	22.33	31.75	0.00	0.00
LBC	100	29.62	17.30	22.32	30.76	0.00	0.00
LBC	101	30.32	15.89	24.16	29.63	0.00	0.00
LBC	102	32.31	14.96	22.49	30.24	0.00	0.00
LBC	103	29.20	16.91	22.45	31.43	0.00	0.00
LBC	104	28.79	18.13	24.61	28.47	0.00	0.00
LBC	105	29.36	18.10	22.00	30.54	0.00	0.00
LBC	106	28.51	15.51	23.57	32.40	0.00	0.00
LBC	107	31.16	14.62	23.33	30.89	0.00	0.00
LBC	108	29.50	15.72	23.12	31.66	0.00	0.00
LBC	109	28.70	15.21	24.43	31.66	0.00	0.00
LBC	110	30.47	16.16	22.94	30.43	0.00	0.00
LBC	111	29.35	17.04	23.79	29.82	0.00	0.00
LBC	112	32.90	15.18	22.33	29.59	0.00	0.00
LBC	113	29.74	16.51	23.51	30.24	0.00	0.00
LBC	114	32.29	14.39	22.48	30.84	0.00	0.00
LBC	115	30.39	15.40	22.36	31.85	0.00	0.00
LBC	116	31.63	15.34	22.64	30.39	0.00	0.00
LBC	117	31.17	15.93	22.71	30.18	0.00	0.00
LBC	118	31.20	16.05	22.81	29.94	0.01	0.00
LBC	119	30.29	14.92	23.43	31.36	0.00	0.00
LBC	120	29.49	17.30	22.28	30.93	0.00	0.00
LBC	121	29.93	17.00	22.01	31.05	0.01	0.00
LBC	122	29.44	16.21	22.35	32.00	0.00	0.00
LBC	123	30.05	16.13	23.53	30.29	0.00	0.00
LBC	124	28.92	17.18	22.90	31.01	0.00	0.00
LBC	125	30.38	15.38	23.16	31.09	0.00	0.00
LBC	126	30.59	15.55	22.76	31.10	0.00	0.00
LBC	127	29.11	15.43	23.30	32.15	0.00	0.00
LBC	128	29.90	16.24	24.47	29.40	0.00	0.00
LBC	129	28.91	16.80	22.98	31.32	0.00	0.00
LBC	130	30.05	16.18	23.34	30.43	0.00	0.00
LBC	131	29.88	16.43	22.33	31.35	0.00	0.00
LBC	132	30.34	17.06	21.92	30.68	0.00	0.00
LBC	133	31.32	15.30	22.81	30.57	0.00	0.00
LBC	134	29.23	17.09	22.74	30.94	0.00	0.00
LBC	135	32.26	14.48	22.87	30.39	0.00	0.00
LBC	136	31.61	16.34	21.93	30.12	0.00	0.00
LBC	137	30.12	17.51	22.28	30.10	0.00	0.00
LBC	138	32.74	15.17	21.45	30.64	0.00	0.00
LBC	139	29.14	16.66	22.51	31.69	0.00	0.00
LBC	140	31.69	14.33	22.12	31.85	0.00	0.00
LBC	141	30.29	16.60	22.59	30.52	0.00	0.00
LBC	142	31.80	14.48	24.12	29.60	0.00	0.00
LBC	143	31.30	15.06	24.60	29.04	0.00	0.00
LBC	144	31.49	16.27	23.25	28.99	0.00	0.00
LBC	145	32.12	15.19	20.75	31.94	0.01	0.00
LBC	146	30.01	16.36	21.00	32.63	0.00	0.00
LBC	147	29.42	16.89	22.06	31.63	0.00	0.00
LBC	148	30.76	15.43	20.82	32.99	0.00	0.00
LBC	149	28.27	15.66	23.08	33.00	0.00	0.00
LBC	150	31.26	15.80	23.87	29.07	0.00	0.00
# Insert sizes. Use `grep ^IS | cut -f 2-` to extract this part. The columns are: insert size, pairs total, inward oriented pairs, outward oriented pairs, other pairs
IS	0	391	42	347	2
IS	1	0	0	0	0
IS	2	0	0	0	0
IS	3	0	0	0	0
IS	4	0	0	0	0
IS	5	0	0	0	0
IS	6	0	0	0	0
IS	7	0	0	0	0
IS	8	0	0	0	0
IS	9	0	0	0	0
IS	10	0	0	0	0
IS	11	0	0	0	0
IS	12	0	0	0	0
IS	13	0	0	0	0
IS	14	0	0	0	0
IS	15	0	0	0	0
IS	16	0	0	0	0
IS	17	0	0	0	0
IS	18	0	0	0	0
IS	19	0	0	0	0
IS	20	0	0	0	0
IS	21	0	0	0	0
IS	22	0	0	0	0
IS	23	0	0	0	0
IS	24	0	0	0	0
IS	25	0	0	0	0
IS	26	0	0	0	0
IS	27	0	0	0	0
IS	28	0	0	0	0
IS	29	0	0	0	0
IS	30	0	0	0	0
IS	31	0	0	0	0
IS	32	0	0	0	0
IS	33	0	0	0	0
IS	34	0	0	0	0
IS	35	0	0	0	0
IS	36	0	0	0	0
IS	37	0	0	0	0
IS	38	0	0	0	0
IS	39	0	0	0	0
IS	40	0	0	0	0
IS	41	0	0	0	0
IS	42	0	0	0	0
IS	43	0	0	0	0
IS	44	0	0	0	0
IS	45	0	0	0	0
IS	46	0	0	0	0
IS	47	0	0	0	0
IS	48	0	0	0	0
IS	49	0	0	0	0
IS	50	0	0	0	0
IS	51	0	0	0	0
IS	52	0	0	0	0
IS	53	0	0	0	0
IS	54	0	0	0	0
IS	55	0	0	0	0
IS	56	0	0	0	0
IS	57	0	0	0	0
IS	58	0	0	0	0
IS	59	0	0	0	0
IS	60	0	0	0	0
IS	61	0	0	0	0
IS	62	0	0	0	0
IS	63	0	0	0	0
IS	64	0	0	0	0
IS	65	0	0	0	0
IS	66	0	0	0	0
IS	67	0	0	0	0
IS	68	0	0	0	0
IS	69	0	0	0	0
IS	70	0	0	0	0
IS	71	0	0	0	0
IS	72	0	0	0	0
IS	73	0	0	0	0
IS	74	0	0	0	0
IS	75	0	0	0	0
IS	76	0	0	0	0
IS	77	0	0	0	0
IS	78	0	0	0	0
IS	79	0	0	0	0
IS	80	0	0	0	0
IS	81	0	0	0	0
IS	82	0	0	0	0
IS	83	0	0	0	0
IS	84	0	0	0	0
IS	85	0	0	0	0
IS	86	0	0	0	0
IS	87	0	0	0	0
IS	88	0	0	0	0
IS	89	0	0	0	0
IS	90	0	0	0	0
IS	91	0	0	0	0
IS	92	0	0	0	0
IS	93	0	0	0	0
IS	94	0	0	0	0
IS	95	0	0	0	0
IS	96	0	0	0	0
IS	97	0	0	0	0
IS	98	0	0	0	0
IS	99	0	0	0	0
IS	100	0	0	0	0
IS	101	0	0	0	0
IS	102	0	0	0	0
IS	103	0	0	0	0
IS	104	0	0	0	0
IS	105	0	0	0	0
IS	106	0	0	0	0
IS	107	0	0	0	0
IS	108	0	0	0	0
IS	109	0	0	0	0
IS	110	0	0	0	0
IS	111	0	0	0	0
IS	112	0	0	0	0
IS	113	0	0	0	0
IS	114	0	0	0	0
IS	115	0	0	0	0
IS	116	0	0	0	0
IS	117	0	0	0	0
IS	118	0	0	0	0
IS	119	0	0	0	0
IS	120	0	0	0	0
IS	121	0	0	0	0
IS	122	0	0	0	0
IS	123	0	0	0	0
IS	124	0	0	0	0
IS	125	0	0	0	0
IS	126	0	0	0	0
IS	127	0	0	0	0
IS	128	0	0	0	0
IS	129	0	0	0	0
IS	130	0	0	0	0
IS	131	0	0	0	0
IS	132	0	0	0	0
IS	133	0	0	0	0
IS	134	0	0	0	0
IS	135	0	0	0	0
IS	136	0	0	0	0
IS	137	0	0	0	0
IS	138	0	0	0	0
IS	139	0	0	0	0
IS	140	0	0	0	0
IS	141	0	0	0	0
IS	142	0	0	0	0
IS	143	0	0	0	0
IS	144	0	0	0	0
IS	145	0	0	0	0
IS	146	0	0	0	0
IS	147	0	0	0	0
IS	148	0	0	0	0
IS	149	0	0	0	0
IS	150	236	22	214	0
IS	151	2096	309	1787	0
IS	152	481	279	202	0
IS	153	469	272	197	0
IS	154	295	291	4	0
IS	155	356	352	4	0
IS	156	299	298	1	0
IS	157	367	367	0	0
IS	158	447	444	3	0
IS	159	418	415	3	0
IS	160	399	395	4	0
IS	161	446	444	2	0
IS	162	429	429	0	0
IS	163	438	438	0	0
IS	164	444	439	5	0
IS	165	575	476	99	0
IS	166	648	552	96	0
IS	167	621	513	108	0
IS	168	636	530	106	0
IS	169	681	608	73	0
IS	170	611	537	74	0
IS	171	769	696	73	0
IS	172	713	650	63	0
IS	173	729	667	62	0
IS	174	805	773	32	0
IS	175	692	647	45	0
IS	176	760	724	36	0
IS	177	731	698	33	0
IS	178	663	637	26	0
IS	179	690	676	14	0
IS	180	725	723	2	0
IS	181	717	717	0	0
IS	182	736	736	0	0
IS	183	723	723	0	0
IS	184	902	902	0	0
IS	185	867	867	0	0
IS	186	1001	1001	0	0
IS	187	1024	1024	0	0
IS	188	955	955	0	0
IS	189	1100	1100	0	0
IS	190	1176	1176	0	0
IS	191	1239	1239	0	0
IS	192	1235	1235	0	0
IS	193	1371	1371	0	0
IS	194	1335	1335	0	0
IS	195	1161	1161	0	0
IS	196	1235	1235	0	0
IS	197	1246	1246	0	0
IS	198	1232	1232	0	0
IS	199	1234	1234	0	0
IS	200	1225	1225	0	0
IS	201	1199	1199	0	0
IS	202	1316	1316	0	0
IS	203	1293	1293	0	0
IS	204	1416	1416	0	0
IS	205	1362	1362	0	0
IS	206	1379	1379	0	0
IS	207	1336	1336	0	0
IS	208	1513	1513	0	0
IS	209	1580	1580	0	0
IS	210	1405	1405	0	0
IS	211	1337	1337	0	0
IS	212	1526	1526	0	0
IS	213	1675	1675	0	0
IS	214	1654	1654	0	0
IS	215	1732	1732	0	0
IS	216	1696	1696	0	0
IS	217	1936	1936	0	0
IS	218	2096	2096	0	0
IS	219	1998	1998	0	0
IS	220	1741	1741	0	0
IS	221	1650	1650	0	0
IS	222	1686	1686	0	0
IS	223	1868	1868	0	0
IS	224	1806	1806	0	0
IS	225	1868	1868	0	0
IS	226	1679	1679	0	0
IS	227	1736	1736	0	0
IS	228	1798	1798	0	0
IS	229	1749	1749	0	0
IS	230	1697	1697	0	0
IS	231	1654	1654	0	0
IS	232	1739	1739	0	0
IS	233	1668	1668	0	0
IS	234	1725	1725	0	0
IS	235	1911	1911	0	0
IS	236	2115	2115	0	0
IS	237	1817	1817	0	0
IS	238	1663	1663	0	0
IS	239	1895	1895	0	0
IS	240	1692	1692	0	0
IS	241	1760	1760	0	0
IS	242	1699	1699	0	0
IS	243	1655	1655	0	0
IS	244	1640	1640	0	0
IS	245	1569	1569	0	0
IS	246	1742	1742	0	0
IS	247	1587	1587	0	0
IS	248	1767	1767	0	0
IS	249	1725	1725	0	0
IS	250	1489	1489	0	0
IS	251	1603	1603	0	0
IS	252	1397	1397	0	0
IS	253	1503	1503	0	0
IS	254	1533	1533	0	0
IS	255	1522	1522	0	0
IS	256	1557	1557	0	0
IS	257	1655	1655	0	0
IS	258	1467	1467	0	0
IS	259	1352	1352	0	0
IS	260	1258	1258	0	0
IS	261	1243	1243	0	0
IS	262	1125	1125	0	0
IS	263	1293	1293	0	0
IS	264	1288	1288	0	0
IS	265	1170	1170	0	0
IS	266	1221	1221	0	0
IS	267	1161	1161	0	0
IS	268	1160	1160	0	0
IS	269	1253	1253	0	0
IS	270	1176	1176	0	0
IS	271	1178	1178	0	0
IS	272	1183	1183	0	0
IS	273	1104	1104	0	0
IS	274	1032	1032	0	0
IS	275	1108	1108	0	0
IS	276	1078	1078	0	0
IS	277	1051	1051	0	0
IS	278	1046	1046	0	0
IS	279	971	971	0	0
IS	280	868	868	0	0
IS	281	896	896	0	0
IS	282	845	845	0	0
IS	283	893	893	0	0
IS	284	922	922	0	0
IS	285	826	826	0	0
IS	286	743	743	0	0
IS	287	751	751	0	0
IS	288	751	751	0	0
IS	289	689	689	0	0
IS	290	655	655	0	0
IS	291	650	649	1	0
IS	292	646	646	0	0
IS	293	629	629	0	0
IS	294	575	575	0	0
IS	295	586	586	0	0
IS	296	740	740	0	0
IS	297	777	777	0	0
IS	298	648	648	0	0
IS	299	483	483	0	0
IS	300	531	531	0	0
IS	301	470	470	0	0
IS	302	497	497	0	0
IS	303	519	519	0	0
IS	304	539	539	0	0
IS	305	469	469	0	0
IS	306	462	462	0	0
IS	307	412	412	0	0
IS	308	399	399	0	0
IS	309	437	437	0	0
IS	310	376	376	0	0
IS	311	347	347	0	0
IS	312	315	315	0	0
IS	313	338	338	0	0
IS	314	307	307	0	0
IS	315	296	296	0	0
IS	316	332	332	0	0
IS	317	374	374	0	0
IS	318	271	271	0	0
IS	319	316	316	0	0
IS	320	275	275	0	0
IS	321	312	312	0	0
IS	322	359	359	0	0
IS	323	267	267	0	0
IS	324	262	262	0	0
IS	325	198	198	0	0
IS	326	204	204	0	0
IS	327	197	196	0	1
IS	328	225	225	0	0
IS	329	185	185	0	0
IS	330	177	177	0	0
IS	331	174	174	0	0
IS	332	180	180	0	0
IS	333	177	177	0	0
IS	334	172	172	0	0
IS	335	161	161	0	0
IS	336	173	173	0	0
IS	337	147	147	0	0
IS	338	127	126	0	1
IS	339	126	126	0	0
IS	340	147	147	0	0
IS	341	160	160	0	0
IS	342	112	112	0	0
IS	343	104	104	0	0
IS	344	120	120	0	0
IS	345	137	137	0	0
IS	346	123	123	0	0
IS	347	145	145	0	0
IS	348	84	84	0	0
IS	349	92	92	0	0
IS	350	105	105	0	0
IS	351	98	98	0	0
IS	352	79	79	0	0
IS	353	63	63	0	0
IS	354	103	103	0	0
IS	355	89	89	0	0
IS	356	65	65	0	0
IS	357	92	92	0	0
IS	358	79	79	0	0
IS	359	64	64	0	0
IS	360	77	77	0	0
IS	361	59	59	0	0
IS	362	89	89	0	0
IS	363	65	65	0	0
IS	364	88	88	0	0
# Read lengths. Use `grep ^RL | cut -f 2-` to extract this part. The columns are: read length, count
RL	136	1
RL	137	130
RL	138	132
RL	139	155
RL	140	172
RL	141	178
RL	142	180
RL	143	290
RL	144	272
RL	145	534
RL	146	2005
RL	147	10415
RL	149	105
RL	150	374863
# Read lengths - first fragments. Use `grep ^FRL | cut -f 2-` to extract this part. The columns are: read length, count
FRL	142	3
FRL	143	106
FRL	144	79
FRL	145	263
FRL	146	1403
FRL	147	5576
FRL	149	14
FRL	150	186821
# Read lengths - last fragments. Use `grep ^LRL | cut -f 2-` to extract this part. The columns are: read length, count
LRL	136	1
LRL	137	130
LRL	138	132
LRL	139	155
LRL	140	172
LRL	141	178
LRL	142	177
LRL	143	184
LRL	144	193
LRL	145	271
LRL	146	602
LRL	147	4839
LRL	149	91
LRL	150	188042
# Indel distribution. Use `grep ^ID | cut -f 2-` to extract this part. The columns are: length, number of insertions, number of deletions
ID	1	249	828
ID	2	1	444
ID	3	1	69
ID	4	0	5
ID	6	0	1
ID	7	0	2
# Indels per cycle. Use `grep ^IC | cut -f 2-` to extract this part. The columns are: cycle, number of insertions (fwd), .. (rev) , number of deletions (fwd), .. (rev)
IC	15	0	0	0	9
IC	16	0	0	0	3
IC	17	0	0	1	6
IC	18	0	0	1	1
IC	19	1	1	4	4
IC	20	1	0	6	2
IC	21	1	2	5	1
IC	22	0	1	6	7
IC	23	1	0	3	1
IC	24	1	0	2	11
IC	25	4	0	4	4
IC	26	1	0	7	7
IC	27	6	1	8	14
IC	28	0	4	6	9
IC	29	1	0	10	2
IC	30	0	0	6	2
IC	31	1	4	8	6
IC	32	0	1	7	2
IC	33	2	1	2	12
IC	34	1	0	8	7
IC	35	2	3	4	6
IC	36	0	1	11	7
IC	37	3	0	7	2
IC	38	1	0	2	7
IC	39	5	2	1	1
IC	40	2	1	8	7
IC	41	5	0	7	4
IC	42	2	0	14	8
IC	43	1	3	4	11
IC	44	0	0	4	6
IC	45	0	1	9	6
IC	46	2	0	8	1
IC	47	0	3	9	6
IC	48	0	1	7	4
IC	49	0	4	8	6
IC	50	0	1	5	5
IC	51	0	1	10	7
IC	52	1	3	9	10
IC	53	0	0	7	6
IC	54	1	2	4	4
IC	55	1	4	3	4
IC	56	1	1	3	6
IC	57	4	3	2	0
IC	58	1	2	11	1
IC	59	0	2	4	9
IC	60	1	0	1	8
IC	61	0	0	2	4
IC	62	0	1	5	10
IC	63	2	0	9	3
IC	64	0	0	5	8
IC	65	0	0	12	6
IC	66	1	0	1	7
IC	67	6	1	5	3
IC	68	3	3	7	6
IC	69	2	4	8	9
IC	70	1	0	11	8
IC	71	0	1	10	6
IC	72	0	1	12	6
IC	73	0	4	7	2
IC	74	1	1	5	7
IC	75	0	1	8	2
IC	76	0	6	1	3
IC	77	0	0	9	5
IC	78	1	0	4	3
IC	79	1	2	4	4
IC	80	0	1	7	4
IC	81	0	0	10	5
IC	82	1	3	7	5
IC	83	0	1	2	5
IC	84	1	1	7	7
IC	85	0	1	1	3
IC	86	1	1	9	1
IC	87	2	3	4	3
IC	88	0	3	10	12
IC	89	1	3	6	5
IC	90	0	4	3	6
IC	91	0	2	6	13
IC	92	0	0	8	5
IC	93	1	0	8	5
IC	94	4	4	9	5
IC	95	7	2	5	6
IC	96	0	2	3	11
IC	97	0	3	7	6
IC	98	2	2	5	10
IC	99	4	0	6	3
IC	100	0	0	8	5
IC	101	2	0	5	0
IC	102	0	0	10	4
IC	103	2	0	8	8
IC	104	1	0	3	5
IC	105	2	1	10	8
IC	106	1	0	10	3
IC	107	3	0	7	8
IC	108	0	0	2	4
IC	109	0	0	6	8
IC	110	0	1	3	2
IC	111	4	1	5	8
IC	112	4	0	6	8
IC	113	0	1	6	0
IC	114	1	0	3	8
IC	115	1	0	5	5
IC	116	1	1	4	2
IC	117	0	0	9	5
IC	118	1	0	8	3
IC	119	2	0	0	4
IC	120	1	0	6	4
IC	121	0	0	5	6
IC	122	3	0	2	4
IC	123	1	0	3	5
IC	124	0	2	5	7
IC	125	0	0	7	13
IC	126	0	0	1	10
IC	127	1	0	6	8
IC	128	0	0	3	2
IC	129	0	1	6	4
IC	130	0	0	5	3
IC	131	0	0	2	5
IC	132	1	0	5	3
IC	133	0	0	9	1
IC	134	1	0	6	2
IC	135	0	0	5	0
IC	136	0	0	0	2
# Coverage distribution. Use `grep ^COV | cut -f 2-` to extract this part.
COV	[18-18]	18	1
COV	[32-32]	32	1
COV	[33-33]	33	20
COV	[34-34]	34	5
COV	[35-35]	35	13
COV	[36-36]	36	3
COV	[37-37]	37	25
COV	[38-38]	38	17
COV	[39-39]	39	43
COV	[40-40]	40	22
COV	[41-41]	41	13
COV	[42-42]	42	26
COV	[43-43]	43	11
COV	[44-44]	44	16
COV	[45-45]	45	3
COV	[46-46]	46	4
COV	[48-48]	48	23
COV	[49-49]	49	1
COV	[50-50]	50	8
COV	[51-51]	51	7
COV	[52-52]	52	2
COV	[53-53]	53	6
COV	[54-54]	54	2
COV	[55-55]	55	4
COV	[56-56]	56	1
COV	[57-57]	57	5
COV	[59-59]	59	4
COV	[60-60]	60	4
COV	[61-61]	61	3
COV	[62-62]	62	2
COV	[63-63]	63	7
COV	[64-64]	64	3
COV	[65-65]	65	1
COV	[66-66]	66	7
COV	[67-67]	67	19
COV	[68-68]	68	8
COV	[69-69]	69	6
COV	[70-70]	70	3
COV	[71-71]	71	1
COV	[73-73]	73	1
COV	[76-76]	76	1
COV	[77-77]	77	1
COV	[78-78]	78	2
COV	[82-82]	82	1
COV	[83-83]	83	7
COV	[84-84]	84	1
COV	[85-85]	85	9
COV	[86-86]	86	4
COV	[87-87]	87	1
COV	[89-89]	89	4
COV	[90-90]	90	12
COV	[91-91]	91	11
COV	[92-92]	92	17
COV	[93-93]	93	18
COV	[94-94]	94	18
COV	[95-95]	95	6
COV	[96-96]	96	10
COV	[97-97]	97	14
COV	[98-98]	98	6
COV	[99-99]	99	4
COV	[100-100]	100	7
COV	[101-101]	101	6
COV	[102-102]	102	12
COV	[103-103]	103	6
COV	[104-104]	104	8
COV	[105-105]	105	6
COV	[106-106]	106	19
COV	[107-107]	107	5
COV	[108-108]	108	3
COV	[109-109]	109	16
COV	[110-110]	110	8
COV	[111-111]	111	21
COV	[112-112]	112	12
COV	[113-113]	113	19
COV	[114-114]	114	20
COV	[115-115]	115	23
COV	[116-116]	116	16
COV	[117-117]	117	7
COV	[118-118]	118	13
COV	[119-119]	119	8
COV	[120-120]	120	13
COV	[121-121]	121	10
COV	[122-122]	122	17
COV	[123-123]	123	9
COV	[124-124]	124	12
COV	[125-125]	125	7
COV	[126-126]	126	13
COV	[127-127]	127	4
COV	[128-128]	128	3
COV	[129-129]	129	4
COV	[130-130]	130	9
COV	[131-131]	131	16
COV	[132-132]	132	10
COV	[133-133]	133	9
COV	[134-134]	134	12
COV	[135-135]	135	9
COV	[136-136]	136	3
COV	[137-137]	137	4
COV	[138-138]	138	10
COV	[139-139]	139	8
COV	[140-140]	140	6
COV	[141-141]	141	2
COV	[142-142]	142	8
COV	[143-143]	143	8
COV	[144-144]	144	7
COV	[145-145]	145	3
COV	[147-147]	147	3
COV	[148-148]	148	2
COV	[149-149]	149	4
COV	[150-150]	150	2
COV	[151-151]	151	9
COV	[153-153]	153	3
COV	[154-154]	154	6
COV	[155-155]	155	6
COV	[156-156]	156	8
COV	[157-157]	157	4
COV	[158-158]	158	16
COV	[159-159]	159	5
COV	[160-160]	160	7
COV	[161-161]	161	1
COV	[162-162]	162	2
COV	[163-163]	163	7
COV	[164-164]	164	1
COV	[165-165]	165	2
COV	[166-166]	166	4
COV	[167-167]	167	3
COV	[168-168]	168	9
COV	[169-169]	169	4
COV	[170-170]	170	10
COV	[171-171]	171	10
COV	[172-172]	172	10
COV	[173-173]	173	8
COV	[174-174]	174	13
COV	[175-175]	175	5
COV	[176-176]	176	13
COV	[177-177]	177	8
COV	[178-178]	178	3
COV	[179-179]	179	3
COV	[180-180]	180	5
COV	[181-181]	181	1
COV	[182-182]	182	3
COV	[183-183]	183	7
COV	[184-184]	184	3
COV	[185-185]	185	12
COV	[186-186]	186	15
COV	[187-187]	187	22
COV	[188-188]	188	20
COV	[189-189]	189	8
COV	[190-190]	190	2
COV	[191-191]	191	26
COV	[192-192]	192	13
COV	[193-193]	193	9
COV	[194-194]	194	8
COV	[195-195]	195	10
COV	[196-196]	196	6
COV	[197-197]	197	11
COV	[198-198]	198	8
COV	[199-199]	199	13
COV	[200-200]	200	8
COV	[201-201]	201	8
COV	[202-202]	202	11
COV	[203-203]	203	5
COV	[204-204]	204	3
COV	[205-205]	205	6
COV	[206-206]	206	5
COV	[207-207]	207	9
COV	[208-208]	208	8
COV	[209-209]	209	6
COV	[210-210]	210	7
COV	[211-211]	211	4
COV	[212-212]	212	2
COV	[213-213]	213	15
COV	[214-214]	214	3
COV	[215-215]	215	7
COV	[216-216]	216	7
COV	[217-217]	217	7
COV	[218-218]	218	8
COV	[219-219]	219	5
COV	[220-220]	220	8
COV	[221-221]	221	6
COV	[222-222]	222	9
COV	[223-223]	223	17
COV	[224-224]	224	11
COV	[225-225]	225	18
COV	[226-226]	226	14
COV	[227-227]	227	16
COV	[228-228]	228	27
COV	[229-229]	229	11
COV	[230-230]	230	19
COV	[231-231]	231	15
COV	[232-232]	232	13
COV	[233-233]	233	21
COV	[234-234]	234	18
COV	[235-235]	235	22
COV	[236-236]	236	21
COV	[237-237]	237	19
COV	[238-238]	238	15
COV	[239-239]	239	19
COV	[240-240]	240	20
COV	[241-241]	241	20
COV	[242-242]	242	18
COV	[243-243]	243	18
COV	[244-244]	244	23
COV	[245-245]	245	18
COV	[246-246]	246	28
COV	[247-247]	247	11
COV	[248-248]	248	17
COV	[249-249]	249	14
COV	[250-250]	250	11
COV	[251-251]	251	8
COV	[252-252]	252	12
COV	[253-253]	253	22
COV	[254-254]	254	19
COV	[255-255]	255	12
COV	[256-256]	256	9
COV	[257-257]	257	7
COV	[258-258]	258	7
COV	[259-259]	259	6
COV	[260-260]	260	13
COV	[261-261]	261	6
COV	[262-262]	262	8
COV	[263-263]	263	8
COV	[264-264]	264	8
COV	[265-265]	265	17
COV	[266-266]	266	6
COV	[267-267]	267	10
COV	[268-268]	268	13
COV	[269-269]	269	12
COV	[270-270]	270	10
COV	[271-271]	271	5
COV	[272-272]	272	2
COV	[273-273]	273	7
COV	[274-274]	274	11
COV	[275-275]	275	8
COV	[276-276]	276	8
COV	[277-277]	277	2
COV	[278-278]	278	7
COV	[279-279]	279	7
COV	[280-280]	280	6
COV	[281-281]	281	7
COV	[282-282]	282	4
COV	[283-283]	283	7
COV	[284-284]	284	6
COV	[285-285]	285	13
COV	[286-286]	286	11
COV	[287-287]	287	10
COV	[288-288]	288	14
COV	[289-289]	289	16
COV	[290-290]	290	7
COV	[291-291]	291	6
COV	[292-292]	292	11
COV	[293-293]	293	12
COV	[294-294]	294	18
COV	[295-295]	295	9
COV	[296-296]	296	13
COV	[297-297]	297	15
COV	[298-298]	298	16
COV	[299-299]	299	13
COV	[300-300]	300	7
COV	[301-301]	301	10
COV	[302-302]	302	13
COV	[303-303]	303	13
COV	[304-304]	304	11
COV	[305-305]	305	18
COV	[306-306]	306	18
COV	[307-307]	307	18
COV	[308-308]	308	15
COV	[309-309]	309	15
COV	[310-310]	310	24
COV	[311-311]	311	25
COV	[312-312]	312	8
COV	[313-313]	313	14
COV	[314-314]	314	9
COV	[315-315]	315	2
COV	[316-316]	316	7
COV	[317-317]	317	7
COV	[318-318]	318	9
COV	[319-319]	319	3
COV	[320-320]	320	10
COV	[321-321]	321	12
COV	[322-322]	322	5
COV	[323-323]	323	11
COV	[324-324]	324	6
COV	[325-325]	325	7
COV	[326-326]	326	7
COV	[327-327]	327	5
COV	[328-328]	328	4
COV	[329-329]	329	6
COV	[331-331]	331	7
COV	[332-332]	332	2
COV	[333-333]	333	6
COV	[334-334]	334	5
COV	[335-335]	335	3
COV	[336-336]	336	4
COV	[337-337]	337	5
COV	[338-338]	338	2
COV	[339-339]	339	5
COV	[340-340]	340	1
COV	[341-341]	341	3
COV	[342-342]	342	5
COV	[343-343]	343	3
COV	[344-344]	344	8
COV	[345-345]	345	8
COV	[346-346]	346	10
COV	[347-347]	347	7
COV	[348-348]	348	3
COV	[349-349]	349	5
COV	[350-350]	350	3
COV	[351-351]	351	5
COV	[352-352]	352	2
COV	[353-353]	353	1
COV	[354-354]	354	3
COV	[355-355]	355	3
COV	[356-356]	356	2
COV	[357-357]	357	2
COV	[358-358]	358	2
COV	[359-359]	359	2
COV	[361-361]	361	5
COV	[362-362]	362	2
COV	[363-363]	363	4
COV	[364-364]	364	5
COV	[365-365]	365	3
COV	[366-366]	366	4
COV	[367-367]	367	1
COV	[368-368]	368	5
COV	[369-369]	369	2
COV	[370-370]	370	2
COV	[371-371]	371	1
COV	[372-372]	372	1
COV	[373-373]	373	2
COV	[374-374]	374	3
COV	[375-375]	375	3
COV	[376-376]	376	5
COV	[377-377]	377	3
COV	[378-378]	378	6
COV	[379-379]	379	4
COV	[380-380]	380	4
COV	[381-381]	381	7
COV	[383-383]	383	4
COV	[384-384]	384	3
COV	[385-385]	385	2
COV	[386-386]	386	3
COV	[387-387]	387	2
COV	[388-388]	388	3
COV	[389-389]	389	4
COV	[390-390]	390	6
COV	[391-391]	391	5
COV	[392-392]	392	5
COV	[394-394]	394	1
COV	[395-395]	395	1
COV	[398-398]	398	2
COV	[399-399]	399	1
COV	[400-400]	400	2
COV	[401-401]	401	4
COV	[402-402]	402	3
COV	[403-403]	403	2
COV	[404-404]	404	2
COV	[406-406]	406	2
COV	[408-408]	408	1
COV	[409-409]	409	1
COV	[411-411]	411	1
COV	[412-412]	412	1
COV	[413-413]	413	1
COV	[414-414]	414	4
COV	[415-415]	415	2
COV	[416-416]	416	2
COV	[417-417]	417	1
COV	[418-418]	418	5
COV	[419-419]	419	1
COV	[421-421]	421	1
COV	[422-422]	422	1
COV	[425-425]	425	2
COV	[426-426]	426	2
COV	[427-427]	427	1
COV	[428-428]	428	1
COV	[431-431]	431	1
COV	[432-432]	432	1
COV	[434-434]	434	1
COV	[435-435]	435	2
COV	[436-436]	436	2
COV	[437-437]	437	1
COV	[438-438]	438	1
COV	[439-439]	439	3
COV	[440-440]	440	4
COV	[441-441]	441	2
COV	[442-442]	442	3
COV	[443-443]	443	6
COV	[444-444]	444	4
COV	[445-445]	445	2
COV	[446-446]	446	3
COV	[447-447]	447	2
COV	[448-448]	448	3
COV	[449-449]	449	2
COV	[450-450]	450	3
COV	[451-451]	451	3
COV	[452-452]	452	4
COV	[453-453]	453	3
COV	[454-454]	454	7
COV	[455-455]	455	7
COV	[456-456]	456	2
COV	[457-457]	457	1
COV	[458-458]	458	5
COV	[459-459]	459	6
COV	[460-460]	460	9
COV	[461-461]	461	3
COV	[462-462]	462	5
COV	[463-463]	463	1
COV	[464-464]	464	2
COV	[465-465]	465	4
COV	[466-466]	466	3
COV	[467-467]	467	1
COV	[468-468]	468	3
COV	[469-469]	469	4
COV	[470-470]	470	3
COV	[471-471]	471	4
COV	[472-472]	472	2
COV	[473-473]	473	5
COV	[474-474]	474	2
COV	[475-475]	475	2
COV	[476-476]	476	5
COV	[477-477]	477	4
COV	[478-478]	478	4
COV	[479-479]	479	2
COV	[480-480]	480	1
COV	[481-481]	481	2
COV	[482-482]	482	5
COV	[483-483]	483	1
COV	[485-485]	485	1
COV	[486-486]	486	6
COV	[487-487]	487	4
COV	[489-489]	489	7
COV	[490-490]	490	1
COV	[494-494]	494	1
COV	[496-496]	496	1
COV	[497-497]	497	3
COV	[499-499]	499	2
COV	[501-501]	501	1
COV	[504-504]	504	1
COV	[506-506]	506	2
COV	[507-507]	507	1
COV	[510-510]	510	4
COV	[512-512]	512	4
COV	[513-513]	513	1
COV	[514-514]	514	3
COV	[515-515]	515	1
COV	[516-516]	516	3
COV	[518-518]	518	2
COV	[521-521]	521	5
COV	[522-522]	522	1
COV	[523-523]	523	4
COV	[525-525]	525	3
COV	[526-526]	526	2
COV	[528-528]	528	4
COV	[529-529]	529	1
COV	[530-530]	530	1
COV	[531-531]	531	1
COV	[532-532]	532	4
COV	[533-533]	533	3
COV	[534-534]	534	1
COV	[535-535]	535	2
COV	[537-537]	537	2
COV	[538-538]	538	4
COV	[540-540]	540	3
COV	[541-541]	541	1
COV	[542-542]	542	1
COV	[543-543]	543	3
COV	[544-544]	544	3
COV	[545-545]	545	1
COV	[546-546]	546	1
COV	[547-547]	547	3
COV	[548-548]	548	1
COV	[549-549]	549	6
COV	[551-551]	551	4
COV	[552-552]	552	2
COV	[553-553]	553	1
COV	[554-554]	554	2
COV	[556-556]	556	2
COV	[557-557]	557	3
COV	[558-558]	558	3
COV	[559-559]	559	4
COV	[561-561]	561	1
COV	[562-562]	562	2
COV	[563-563]	563	1
COV	[564-564]	564	1
COV	[565-565]	565	1
COV	[566-566]	566	1
COV	[567-567]	567	3
COV	[568-568]	568	4
COV	[569-569]	569	1
COV	[570-570]	570	2
COV	[571-571]	571	3
COV	[574-574]	574	2
COV	[575-575]	575	1
COV	[576-576]	576	1
COV	[578-578]	578	1
COV	[580-580]	580	3
COV	[581-581]	581	3
COV	[584-584]	584	1
COV	[585-585]	585	1
COV	[586-586]	586	4
COV	[587-587]	587	1
COV	[588-588]	588	4
COV	[589-589]	589	6
COV	[590-590]	590	3
COV	[591-591]	591	4
COV	[592-592]	592	5
COV	[593-593]	593	3
COV	[594-594]	594	2
COV	[595-595]	595	4
COV	[596-596]	596	4
COV	[597-597]	597	4
COV	[598-598]	598	1
COV	[600-600]	600	3
COV	[601-601]	601	8
COV	[602-602]	602	2
COV	[603-603]	603	1
COV	[604-604]	604	1
COV	[605-605]	605	1
COV	[606-606]	606	3
COV	[607-607]	607	1
COV	[608-608]	608	1
COV	[609-609]	609	1
COV	[610-610]	610	2
COV	[611-611]	611	1
COV	[612-612]	612	1
COV	[613-613]	613	1
COV	[614-614]	614	2
COV	[615-615]	615	2
COV	[616-616]	616	1
COV	[617-617]	617	5
COV	[618-618]	618	2
COV	[619-619]	619	2
COV	[620-620]	620	6
COV	[621-621]	621	4
COV	[622-622]	622	1
COV	[623-623]	623	4
COV	[624-624]	624	1
COV	[626-626]	626	3
COV	[627-627]	627	1
COV	[635-635]	635	1
COV	[636-636]	636	3
COV	[637-637]	637	1
COV	[638-638]	638	1
COV	[640-640]	640	1
COV	[641-641]	641	2
COV	[643-643]	643	1
COV	[644-644]	644	1
COV	[646-646]	646	1
COV	[648-648]	648	1
COV	[649-649]	649	1
COV	[652-652]	652	1
COV	[653-653]	653	1
COV	[654-654]	654	3
COV	[658-658]	658	1
COV	[660-660]	660	1
COV	[661-661]	661	2
COV	[663-663]	663	1
COV	[666-666]	666	2
COV	[667-667]	667	2
COV	[668-668]	668	2
COV	[669-669]	669	1
COV	[670-670]	670	1
COV	[671-671]	671	2
COV	[672-672]	672	1
COV	[673-673]	673	4
COV	[674-674]	674	1
COV	[675-675]	675	4
COV	[676-676]	676	2
COV	[677-677]	677	5
COV	[678-678]	678	4
COV	[679-679]	679	5
COV	[680-680]	680	2
COV	[681-681]	681	6
COV	[682-682]	682	4
COV	[683-683]	683	2
COV	[684-684]	684	3
COV	[685-685]	685	1
COV	[687-687]	687	4
COV	[688-688]	688	1
COV	[690-690]	690	2
COV	[691-691]	691	2
COV	[692-692]	692	5
COV	[693-693]	693	4
COV	[695-695]	695	1
COV	[696-696]	696	4
COV	[697-697]	697	6
COV	[698-698]	698	4
COV	[699-699]	699	6
COV	[700-700]	700	4
COV	[702-702]	702	3
COV	[703-703]	703	4
COV	[704-704]	704	2
COV	[705-705]	705	2
COV	[707-707]	707	1
COV	[708-708]	708	4
COV	[709-709]	709	1
COV	[711-711]	711	1
COV	[714-714]	714	1
COV	[715-715]	715	2
COV	[716-716]	716	2
COV	[717-717]	717	4
COV	[719-719]	719	2
COV	[720-720]	720	4
COV	[721-721]	721	2
COV	[724-724]	724	1
COV	[727-727]	727	4
COV	[728-728]	728	4
COV	[729-729]	729	4
COV	[730-730]	730	4
COV	[731-731]	731	2
COV	[732-732]	732	2
COV	[734-734]	734	2
COV	[735-735]	735	2
COV	[737-737]	737	1
COV	[740-740]	740	1
COV	[741-741]	741	2
COV	[742-742]	742	2
COV	[743-743]	743	1
COV	[744-744]	744	2
COV	[745-745]	745	4
COV	[746-746]	746	1
COV	[747-747]	747	2
COV	[752-752]	752	2
COV	[753-753]	753	2
COV	[754-754]	754	1
COV	[755-755]	755	2
COV	[756-756]	756	3
COV	[757-757]	757	6
COV	[758-758]	758	1
COV	[760-760]	760	5
COV	[762-762]	762	3
COV	[763-763]	763	4
COV	[764-764]	764	2
COV	[766-766]	766	3
COV	[767-767]	767	2
COV	[769-769]	769	3
COV	[770-770]	770	4
COV	[771-771]	771	4
COV	[772-772]	772	1
COV	[773-773]	773	3
COV	[774-774]	774	1
COV	[775-775]	775	6
COV	[776-776]	776	5
COV	[777-777]	777	4
COV	[778-778]	778	2
COV	[779-779]	779	1
COV	[780-780]	780	3
COV	[781-781]	781	1
COV	[782-782]	782	3
COV	[783-783]	783	1
COV	[784-784]	784	1
COV	[785-785]	785	2
COV	[787-787]	787	3
COV	[789-789]	789	1
COV	[790-790]	790	2
COV	[791-791]	791	2
COV	[792-792]	792	1
COV	[793-793]	793	1
COV	[794-794]	794	1
COV	[798-798]	798	3
COV	[799-799]	799	1
COV	[802-802]	802	1
COV	[804-804]	804	1
COV	[805-805]	805	1
COV	[807-807]	807	2
COV	[808-808]	808	4
COV	[809-809]	809	1
COV	[810-810]	810	8
COV	[811-811]	811	1
COV	[812-812]	812	3
COV	[813-813]	813	4
COV	[814-814]	814	1
COV	[816-816]	816	1
COV	[817-817]	817	3
COV	[818-818]	818	4
COV	[819-819]	819	3
COV	[820-820]	820	1
COV	[821-821]	821	1
COV	[822-822]	822	6
COV	[823-823]	823	3
COV	[825-825]	825	2
COV	[826-826]	826	1
COV	[827-827]	827	1
COV	[828-828]	828	1
COV	[829-829]	829	1
COV	[830-830]	830	2
COV	[831-831]	831	1
COV	[832-832]	832	1
COV	[833-833]	833	1
COV	[834-834]	834	3
COV	[835-835]	835	4
COV	[836-836]	836	1
COV	[837-837]	837	3
COV	[839-839]	839	2
COV	[840-840]	840	1
COV	[841-841]	841	2
COV	[843-843]	843	3
COV	[844-844]	844	5
COV	[845-845]	845	1
COV	[847-847]	847	1
COV	[850-850]	850	1
COV	[851-851]	851	1
COV	[852-852]	852	2
COV	[853-853]	853	1
COV	[854-854]	854	2
COV	[855-855]	855	2
COV	[856-856]	856	2
COV	[857-857]	857	3
COV	[858-858]	858	1
COV	[860-860]	860	3
COV	[861-861]	861	1
COV	[862-862]	862	2
COV	[864-864]	864	1
COV	[865-865]	865	1
COV	[866-866]	866	2
COV	[871-871]	871	2
COV	[872-872]	872	1
COV	[873-873]	873	3
COV	[874-874]	874	2
COV	[875-875]	875	1
COV	[876-876]	876	1
COV	[878-878]	878	2
COV	[881-881]	881	1
COV	[882-882]	882	2
COV	[885-885]	885	1
COV	[886-886]	886	3
COV	[889-889]	889	1
COV	[890-890]	890	2
COV	[891-891]	891	4
COV	[892-892]	892	4
COV	[893-893]	893	4
COV	[894-894]	894	4
COV	[895-895]	895	3
COV	[896-896]	896	1
COV	[897-897]	897	1
COV	[898-898]	898	1
COV	[899-899]	899	3
COV	[900-900]	900	1
COV	[901-901]	901	1
COV	[902-902]	902	3
COV	[904-904]	904	1
COV	[906-906]	906	4
COV	[907-907]	907	5
COV	[908-908]	908	3
COV	[909-909]	909	2
COV	[912-912]	912	4
COV	[913-913]	913	1
COV	[914-914]	914	4
COV	[915-915]	915	5
COV	[916-916]	916	1
COV	[917-917]	917	2
COV	[918-918]	918	2
COV	[919-919]	919	1
COV	[920-920]	920	7
COV	[921-921]	921	1
COV	[923-923]	923	2
COV	[924-924]	924	1
COV	[925-925]	925	1
COV	[926-926]	926	2
COV	[928-928]	928	1
COV	[932-932]	932	2
COV	[933-933]	933	1
COV	[935-935]	935	2
COV	[937-937]	937	1
COV	[938-938]	938	2
COV	[939-939]	939	1
COV	[940-940]	940	2
COV	[942-942]	942	3
COV	[943-943]	943	4
COV	[944-944]	944	1
COV	[945-945]	945	3
COV	[946-946]	946	3
COV	[947-947]	947	1
COV	[948-948]	948	2
COV	[949-949]	949	2
COV	[950-950]	950	3
COV	[951-951]	951	2
COV	[952-952]	952	1
COV	[953-953]	953	1
COV	[954-954]	954	3
COV	[955-955]	955	2
COV	[956-956]	956	1
COV	[957-957]	957	4
COV	[958-958]	958	1
COV	[959-959]	959	4
COV	[960-960]	960	2
COV	[961-961]	961	1
COV	[962-962]	962	4
COV	[963-963]	963	2
COV	[964-964]	964	8
COV	[965-965]	965	5
COV	[966-966]	966	10
COV	[967-967]	967	3
COV	[968-968]	968	2
COV	[969-969]	969	2
COV	[970-970]	970	5
COV	[971-971]	971	1
COV	[972-972]	972	1
COV	[973-973]	973	2
COV	[974-974]	974	4
COV	[975-975]	975	3
COV	[976-976]	976	3
COV	[977-977]	977	1
COV	[978-978]	978	6
COV	[979-979]	979	3
COV	[980-980]	980	4
COV	[981-981]	981	3
COV	[982-982]	982	2
COV	[983-983]	983	5
COV	[984-984]	984	3
COV	[985-985]	985	3
COV	[986-986]	986	7
COV	[987-987]	987	4
COV	[988-988]	988	5
COV	[989-989]	989	4
COV	[990-990]	990	3
COV	[991-991]	991	6
COV	[992-992]	992	3
COV	[993-993]	993	2
COV	[994-994]	994	4
COV	[995-995]	995	3
COV	[996-996]	996	2
COV	[997-997]	997	4
COV	[998-998]	998	1
COV	[999-999]	999	4
COV	[1000-1000]	1000	2
COV	[1000<]	1000	5910
# GC-depth. Use `grep ^GCD | cut -f 2-` to extract this part. The columns are: GC%, unique sequence percentiles, 10th, 25th, 50th, 75th and 90th depth percentile
GCD	0.0	100.000	0.000	0.000	0.000	0.000	0.000
