# This file was produced by samtools stats (1.9+htslib-1.9) and can be plotted using plot-bamstats
# This file contains statistics for all reads.
# The command line was:  stats -@ 20 amelRNA_3/amelRNA_3_dwv.bam
# CHK, Checksum	[2]Read Names	[3]Sequences	[4]Qualities
# CHK, CRC32 of reads which passed filtering followed by addition (32bit overflow)
CHK	40132fcb	4b9f77b6	766e49e5
# Summary Numbers. Use `grep ^SN | cut -f 2-` to extract this part.
SN	raw total sequences:	43996
SN	filtered sequences:	0
SN	sequences:	43996
SN	is sorted:	1
SN	1st fragments:	21626
SN	last fragments:	22370
SN	reads mapped:	40653
SN	reads mapped and paired:	37310	# paired-end technology bit set + both mates mapped
SN	reads unmapped:	3343
SN	reads properly paired:	35064	# proper-pair bit set
SN	reads paired:	43996	# paired-end technology bit set
SN	reads duplicated:	0	# PCR or optical duplicate bit set
SN	reads MQ0:	198	# mapped and MQ=0
SN	reads QC failed:	0
SN	non-primary alignments:	241
SN	total length:	6594965	# ignores clipping
SN	total first fragment length:	3242055	# ignores clipping
SN	total last fragment length:	3352910	# ignores clipping
SN	bases mapped:	6093845	# ignores clipping
SN	bases mapped (cigar):	6057957	# more accurate
SN	bases trimmed:	0
SN	bases duplicated:	0
SN	mismatches:	106267	# from NM fields
SN	error rate:	1.754172e-02	# mismatches / bases mapped (cigar)
SN	average length:	149
SN	average first fragment length:	150
SN	average last fragment length:	150
SN	maximum length:	150
SN	maximum first fragment length:	150
SN	maximum last fragment length:	150
SN	average quality:	36.3
SN	insert size average:	236.3
SN	insert size standard deviation:	43.0
SN	inward oriented pairs:	17366
SN	outward oriented pairs:	306
SN	pairs with other orientation:	0
SN	pairs on different chromosomes:	983
SN	percentage of properly paired reads (%):	79.7
# First Fragment Qualities. Use `grep ^FFQ | cut -f 2-` to extract this part.
# Columns correspond to qualities and rows to cycles. First column is the cycle number.
FFQ	1	0	0	0	0	0	0	0	0	0	0	0	171	0	0	0	0	0	0	0	0	0	0	0	0	0	292	0	0	0	0	0	0	0	0	0	0	0	21163	0
FFQ	2	0	0	2	0	0	0	0	0	0	0	0	141	0	0	0	0	0	0	0	0	0	0	0	0	0	314	0	0	0	0	0	0	0	0	0	0	0	21169	0
FFQ	3	0	0	1	0	0	0	0	0	0	0	0	135	0	0	0	0	0	0	0	0	0	0	0	0	0	287	0	0	0	0	0	0	0	0	0	0	0	21203	0
FFQ	4	0	0	0	0	0	0	0	0	0	0	0	128	0	0	0	0	0	0	0	0	0	0	0	0	0	263	0	0	0	0	0	0	0	0	0	0	0	21235	0
FFQ	5	0	0	0	0	0	0	0	0	0	0	0	119	0	0	0	0	0	0	0	0	0	0	0	0	0	261	0	0	0	0	0	0	0	0	0	0	0	21246	0
FFQ	6	0	0	9	0	0	0	0	0	0	0	0	100	0	0	0	0	0	0	0	0	0	0	0	0	0	286	0	0	0	0	0	0	0	0	0	0	0	21231	0
FFQ	7	0	0	1	0	0	0	0	0	0	0	0	128	0	0	0	0	0	0	0	0	0	0	0	0	0	303	0	0	0	0	0	0	0	0	0	0	0	21194	0
FFQ	8	0	0	0	0	0	0	0	0	0	0	0	104	0	0	0	0	0	0	0	0	0	0	0	0	0	335	0	0	0	0	0	0	0	0	0	0	0	21187	0
FFQ	9	0	0	0	0	0	0	0	0	0	0	0	109	0	0	0	0	0	0	0	0	0	0	0	0	0	311	0	0	0	0	0	0	0	0	0	0	0	21206	0
FFQ	10	0	0	0	0	0	0	0	0	0	0	0	136	0	0	0	0	0	0	0	0	0	0	0	0	0	309	0	0	0	0	0	0	0	0	0	0	0	21181	0
FFQ	11	0	0	0	0	0	0	0	0	0	0	0	120	0	0	0	0	0	0	0	0	0	0	0	0	0	298	0	0	0	0	0	0	0	0	0	0	0	21208	0
FFQ	12	0	0	0	0	0	0	0	0	0	0	0	119	0	0	0	0	0	0	0	0	0	0	0	0	0	343	0	0	0	0	0	0	0	0	0	0	0	21164	0
FFQ	13	0	0	1	0	0	0	0	0	0	0	0	100	0	0	0	0	0	0	0	0	0	0	0	0	0	354	0	0	0	0	0	0	0	0	0	0	0	21171	0
FFQ	14	0	0	0	0	0	0	0	0	0	0	0	120	0	0	0	0	0	0	0	0	0	0	0	0	0	330	0	0	0	0	0	0	0	0	0	0	0	21176	0
FFQ	15	0	0	0	0	0	0	0	0	0	0	0	126	0	0	0	0	0	0	0	0	0	0	0	0	0	339	0	0	0	0	0	0	0	0	0	0	0	21161	0
FFQ	16	0	0	0	0	0	0	0	0	0	0	0	107	0	0	0	0	0	0	0	0	0	0	0	0	0	320	0	0	0	0	0	0	0	0	0	0	0	21199	0
FFQ	17	0	0	0	0	0	0	0	0	0	0	0	121	0	0	0	0	0	0	0	0	0	0	0	0	0	362	0	0	0	0	0	0	0	0	0	0	0	21143	0
FFQ	18	0	0	0	0	0	0	0	0	0	0	0	119	0	0	0	0	0	0	0	0	0	0	0	0	0	318	0	0	0	0	0	0	0	0	0	0	0	21189	0
FFQ	19	0	0	0	0	0	0	0	0	0	0	0	100	0	0	0	0	0	0	0	0	0	0	0	0	0	326	0	0	0	0	0	0	0	0	0	0	0	21200	0
FFQ	20	0	0	0	0	0	0	0	0	0	0	0	95	0	0	0	0	0	0	0	0	0	0	0	0	0	342	0	0	0	0	0	0	0	0	0	0	0	21189	0
FFQ	21	0	0	0	0	0	0	0	0	0	0	0	124	0	0	0	0	0	0	0	0	0	0	0	0	0	351	0	0	0	0	0	0	0	0	0	0	0	21151	0
FFQ	22	0	0	0	0	0	0	0	0	0	0	0	118	0	0	0	0	0	0	0	0	0	0	0	0	0	355	0	0	0	0	0	0	0	0	0	0	0	21153	0
FFQ	23	0	0	0	0	0	0	0	0	0	0	0	96	0	0	0	0	0	0	0	0	0	0	0	0	0	316	0	0	0	0	0	0	0	0	0	0	0	21214	0
FFQ	24	0	0	0	0	0	0	0	0	0	0	0	116	0	0	0	0	0	0	0	0	0	0	0	0	0	339	0	0	0	0	0	0	0	0	0	0	0	21171	0
FFQ	25	0	0	0	0	0	0	0	0	0	0	0	107	0	0	0	0	0	0	0	0	0	0	0	0	0	369	0	0	0	0	0	0	0	0	0	0	0	21150	0
FFQ	26	0	0	0	0	0	0	0	0	0	0	0	129	0	0	0	0	0	0	0	0	0	0	0	0	0	372	0	0	0	0	0	0	0	0	0	0	0	21125	0
FFQ	27	0	0	0	0	0	0	0	0	0	0	0	157	0	0	0	0	0	0	0	0	0	0	0	0	0	450	0	0	0	0	0	0	0	0	0	0	0	21019	0
FFQ	28	0	0	0	0	0	0	0	0	0	0	0	162	0	0	0	0	0	0	0	0	0	0	0	0	0	420	0	0	0	0	0	0	0	0	0	0	0	21044	0
FFQ	29	0	0	0	0	0	0	0	0	0	0	0	176	0	0	0	0	0	0	0	0	0	0	0	0	0	376	0	0	0	0	0	0	0	0	0	0	0	21074	0
FFQ	30	0	0	0	0	0	0	0	0	0	0	0	144	0	0	0	0	0	0	0	0	0	0	0	0	0	404	0	0	0	0	0	0	0	0	0	0	0	21078	0
FFQ	31	0	0	0	0	0	0	0	0	0	0	0	125	0	0	0	0	0	0	0	0	0	0	0	0	0	361	0	0	0	0	0	0	0	0	0	0	0	21140	0
FFQ	32	0	0	0	0	0	0	0	0	0	0	0	162	0	0	0	0	0	0	0	0	0	0	0	0	0	371	0	0	0	0	0	0	0	0	0	0	0	21093	0
FFQ	33	0	0	0	0	0	0	0	0	0	0	0	137	0	0	0	0	0	0	0	0	0	0	0	0	0	404	0	0	0	0	0	0	0	0	0	0	0	21085	0
FFQ	34	0	0	0	0	0	0	0	0	0	0	0	136	0	0	0	0	0	0	0	0	0	0	0	0	0	398	0	0	0	0	0	0	0	0	0	0	0	21092	0
FFQ	35	0	0	0	0	0	0	0	0	0	0	0	163	0	0	0	0	0	0	0	0	0	0	0	0	0	412	0	0	0	0	0	0	0	0	0	0	0	21051	0
FFQ	36	0	0	0	0	0	0	0	0	0	0	0	137	0	0	0	0	0	0	0	0	0	0	0	0	0	395	0	0	0	0	0	0	0	0	0	0	0	21094	0
FFQ	37	0	0	0	0	0	0	0	0	0	0	0	122	0	0	0	0	0	0	0	0	0	0	0	0	0	427	0	0	0	0	0	0	0	0	0	0	0	21077	0
FFQ	38	0	0	0	0	0	0	0	0	0	0	0	149	0	0	0	0	0	0	0	0	0	0	0	0	0	414	0	0	0	0	0	0	0	0	0	0	0	21063	0
FFQ	39	0	0	0	0	0	0	0	0	0	0	0	188	0	0	0	0	0	0	0	0	0	0	0	0	0	454	0	0	0	0	0	0	0	0	0	0	0	20984	0
FFQ	40	0	0	0	0	0	0	0	0	0	0	0	232	0	0	0	0	0	0	0	0	0	0	0	0	0	442	0	0	0	0	0	0	0	0	0	0	0	20952	0
FFQ	41	0	0	0	0	0	0	0	0	0	0	0	235	0	0	0	0	0	0	0	0	0	0	0	0	0	520	0	0	0	0	0	0	0	0	0	0	0	20871	0
FFQ	42	0	0	0	0	0	0	0	0	0	0	0	235	0	0	0	0	0	0	0	0	0	0	0	0	0	476	0	0	0	0	0	0	0	0	0	0	0	20915	0
FFQ	43	0	0	0	0	0	0	0	0	0	0	0	268	0	0	0	0	0	0	0	0	0	0	0	0	0	478	0	0	0	0	0	0	0	0	0	0	0	20880	0
FFQ	44	0	0	0	0	0	0	0	0	0	0	0	192	0	0	0	0	0	0	0	0	0	0	0	0	0	411	0	0	0	0	0	0	0	0	0	0	0	21023	0
FFQ	45	0	0	0	0	0	0	0	0	0	0	0	186	0	0	0	0	0	0	0	0	0	0	0	0	0	449	0	0	0	0	0	0	0	0	0	0	0	20991	0
FFQ	46	0	0	0	0	0	0	0	0	0	0	0	176	0	0	0	0	0	0	0	0	0	0	0	0	0	418	0	0	0	0	0	0	0	0	0	0	0	21032	0
FFQ	47	0	0	0	0	0	0	0	0	0	0	0	149	0	0	0	0	0	0	0	0	0	0	0	0	0	458	0	0	0	0	0	0	0	0	0	0	0	21019	0
FFQ	48	0	0	0	0	0	0	0	0	0	0	0	159	0	0	0	0	0	0	0	0	0	0	0	0	0	453	0	0	0	0	0	0	0	0	0	0	0	21014	0
FFQ	49	0	0	0	0	0	0	0	0	0	0	0	172	0	0	0	0	0	0	0	0	0	0	0	0	0	456	0	0	0	0	0	0	0	0	0	0	0	20998	0
FFQ	50	0	0	0	0	0	0	0	0	0	0	0	148	0	0	0	0	0	0	0	0	0	0	0	0	0	425	0	0	0	0	0	0	0	0	0	0	0	21053	0
FFQ	51	0	0	0	0	0	0	0	0	0	0	0	171	0	0	0	0	0	0	0	0	0	0	0	0	0	421	0	0	0	0	0	0	0	0	0	0	0	21034	0
FFQ	52	0	0	0	0	0	0	0	0	0	0	0	131	0	0	0	0	0	0	0	0	0	0	0	0	0	378	0	0	0	0	0	0	0	0	0	0	0	21117	0
FFQ	53	0	0	0	0	0	0	0	0	0	0	0	176	0	0	0	0	0	0	0	0	0	0	0	0	0	450	0	0	0	0	0	0	0	0	0	0	0	21000	0
FFQ	54	0	0	0	0	0	0	0	0	0	0	0	146	0	0	0	0	0	0	0	0	0	0	0	0	0	405	0	0	0	0	0	0	0	0	0	0	0	21075	0
FFQ	55	0	0	0	0	0	0	0	0	0	0	0	155	0	0	0	0	0	0	0	0	0	0	0	0	0	424	0	0	0	0	0	0	0	0	0	0	0	21047	0
FFQ	56	0	0	0	0	0	0	0	0	0	0	0	168	0	0	0	0	0	0	0	0	0	0	0	0	0	373	0	0	0	0	0	0	0	0	0	0	0	21085	0
FFQ	57	0	0	0	0	0	0	0	0	0	0	0	170	0	0	0	0	0	0	0	0	0	0	0	0	0	396	0	0	0	0	0	0	0	0	0	0	0	21060	0
FFQ	58	0	0	0	0	0	0	0	0	0	0	0	146	0	0	0	0	0	0	0	0	0	0	0	0	0	432	0	0	0	0	0	0	0	0	0	0	0	21048	0
FFQ	59	0	0	0	0	0	0	0	0	0	0	0	151	0	0	0	0	0	0	0	0	0	0	0	0	0	428	0	0	0	0	0	0	0	0	0	0	0	21047	0
FFQ	60	0	0	0	0	0	0	0	0	0	0	0	154	0	0	0	0	0	0	0	0	0	0	0	0	0	402	0	0	0	0	0	0	0	0	0	0	0	21070	0
FFQ	61	0	0	0	0	0	0	0	0	0	0	0	192	0	0	0	0	0	0	0	0	0	0	0	0	0	436	0	0	0	0	0	0	0	0	0	0	0	20998	0
FFQ	62	0	0	0	0	0	0	0	0	0	0	0	158	0	0	0	0	0	0	0	0	0	0	0	0	0	417	0	0	0	0	0	0	0	0	0	0	0	21051	0
FFQ	63	0	0	0	0	0	0	0	0	0	0	0	169	0	0	0	0	0	0	0	0	0	0	0	0	0	475	0	0	0	0	0	0	0	0	0	0	0	20982	0
FFQ	64	0	0	0	0	0	0	0	0	0	0	0	173	0	0	0	0	0	0	0	0	0	0	0	0	0	478	0	0	0	0	0	0	0	0	0	0	0	20975	0
FFQ	65	0	0	0	0	0	0	0	0	0	0	0	167	0	0	0	0	0	0	0	0	0	0	0	0	0	504	0	0	0	0	0	0	0	0	0	0	0	20955	0
FFQ	66	0	0	0	0	0	0	0	0	0	0	0	172	0	0	0	0	0	0	0	0	0	0	0	0	0	539	0	0	0	0	0	0	0	0	0	0	0	20915	0
FFQ	67	0	0	0	0	0	0	0	0	0	0	0	198	0	0	0	0	0	0	0	0	0	0	0	0	0	519	0	0	0	0	0	0	0	0	0	0	0	20909	0
FFQ	68	0	0	0	0	0	0	0	0	0	0	0	182	0	0	0	0	0	0	0	0	0	0	0	0	0	557	0	0	0	0	0	0	0	0	0	0	0	20887	0
FFQ	69	0	0	0	0	0	0	0	0	0	0	0	175	0	0	0	0	0	0	0	0	0	0	0	0	0	513	0	0	0	0	0	0	0	0	0	0	0	20938	0
FFQ	70	0	0	0	0	0	0	0	0	0	0	0	189	0	0	0	0	0	0	0	0	0	0	0	0	0	539	0	0	0	0	0	0	0	0	0	0	0	20898	0
FFQ	71	0	0	0	0	0	0	0	0	0	0	0	168	0	0	0	0	0	0	0	0	0	0	0	0	0	507	0	0	0	0	0	0	0	0	0	0	0	20951	0
FFQ	72	0	0	0	0	0	0	0	0	0	0	0	160	0	0	0	0	0	0	0	0	0	0	0	0	0	526	0	0	0	0	0	0	0	0	0	0	0	20940	0
FFQ	73	0	0	0	0	0	0	0	0	0	0	0	174	0	0	0	0	0	0	0	0	0	0	0	0	0	456	0	0	0	0	0	0	0	0	0	0	0	20996	0
FFQ	74	0	0	0	0	0	0	0	0	0	0	0	157	0	0	0	0	0	0	0	0	0	0	0	0	0	516	0	0	0	0	0	0	0	0	0	0	0	20953	0
FFQ	75	0	0	0	0	0	0	0	0	0	0	0	197	0	0	0	0	0	0	0	0	0	0	0	0	0	493	0	0	0	0	0	0	0	0	0	0	0	20936	0
FFQ	76	0	0	0	0	0	0	0	0	0	0	0	184	0	0	0	0	0	0	0	0	0	0	0	0	0	532	0	0	0	0	0	0	0	0	0	0	0	20910	0
FFQ	77	0	0	0	0	0	0	0	0	0	0	0	215	0	0	0	0	0	0	0	0	0	0	0	0	0	520	0	0	0	0	0	0	0	0	0	0	0	20891	0
FFQ	78	0	0	0	0	0	0	0	0	0	0	0	177	0	0	0	0	0	0	0	0	0	0	0	0	0	522	0	0	0	0	0	0	0	0	0	0	0	20927	0
FFQ	79	0	0	0	0	0	0	0	0	0	0	0	166	0	0	0	0	0	0	0	0	0	0	0	0	0	494	0	0	0	0	0	0	0	0	0	0	0	20966	0
FFQ	80	0	0	0	0	0	0	0	0	0	0	0	165	0	0	0	0	0	0	0	0	0	0	0	0	0	477	0	0	0	0	0	0	0	0	0	0	0	20984	0
FFQ	81	0	0	0	0	0	0	0	0	0	0	0	180	0	0	0	0	0	0	0	0	0	0	0	0	0	508	0	0	0	0	0	0	0	0	0	0	0	20938	0
FFQ	82	0	0	0	0	0	0	0	0	0	0	0	187	0	0	0	0	0	0	0	0	0	0	0	0	0	516	0	0	0	0	0	0	0	0	0	0	0	20923	0
FFQ	83	0	0	0	0	0	0	0	0	0	0	0	186	0	0	0	0	0	0	0	0	0	0	0	0	0	506	0	0	0	0	0	0	0	0	0	0	0	20934	0
FFQ	84	0	0	0	0	0	0	0	0	0	0	0	166	0	0	0	0	0	0	0	0	0	0	0	0	0	488	0	0	0	0	0	0	0	0	0	0	0	20972	0
FFQ	85	0	0	0	0	0	0	0	0	0	0	0	210	0	0	0	0	0	0	0	0	0	0	0	0	0	524	0	0	0	0	0	0	0	0	0	0	0	20892	0
FFQ	86	0	0	0	0	0	0	0	0	0	0	0	162	0	0	0	0	0	0	0	0	0	0	0	0	0	497	0	0	0	0	0	0	0	0	0	0	0	20967	0
FFQ	87	0	0	0	0	0	0	0	0	0	0	0	180	0	0	0	0	0	0	0	0	0	0	0	0	0	494	0	0	0	0	0	0	0	0	0	0	0	20952	0
FFQ	88	0	0	0	0	0	0	0	0	0	0	0	228	0	0	0	0	0	0	0	0	0	0	0	0	0	581	0	0	0	0	0	0	0	0	0	0	0	20817	0
FFQ	89	0	0	0	0	0	0	0	0	0	0	0	180	0	0	0	0	0	0	0	0	0	0	0	0	0	559	0	0	0	0	0	0	0	0	0	0	0	20887	0
FFQ	90	0	0	0	0	0	0	0	0	0	0	0	185	0	0	0	0	0	0	0	0	0	0	0	0	0	490	0	0	0	0	0	0	0	0	0	0	0	20951	0
FFQ	91	0	0	0	0	0	0	0	0	0	0	0	185	0	0	0	0	0	0	0	0	0	0	0	0	0	505	0	0	0	0	0	0	0	0	0	0	0	20936	0
FFQ	92	0	0	0	0	0	0	0	0	0	0	0	174	0	0	0	0	0	0	0	0	0	0	0	0	0	515	0	0	0	0	0	0	0	0	0	0	0	20937	0
FFQ	93	0	0	0	0	0	0	0	0	0	0	0	203	0	0	0	0	0	0	0	0	0	0	0	0	0	529	0	0	0	0	0	0	0	0	0	0	0	20894	0
FFQ	94	0	0	0	0	0	0	0	0	0	0	0	199	0	0	0	0	0	0	0	0	0	0	0	0	0	525	0	0	0	0	0	0	0	0	0	0	0	20902	0
FFQ	95	0	0	0	0	0	0	0	0	0	0	0	223	0	0	0	0	0	0	0	0	0	0	0	0	0	482	0	0	0	0	0	0	0	0	0	0	0	20921	0
FFQ	96	0	0	0	0	0	0	0	0	0	0	0	182	0	0	0	0	0	0	0	0	0	0	0	0	0	553	0	0	0	0	0	0	0	0	0	0	0	20891	0
FFQ	97	0	0	0	0	0	0	0	0	0	0	0	204	0	0	0	0	0	0	0	0	0	0	0	0	0	473	0	0	0	0	0	0	0	0	0	0	0	20949	0
FFQ	98	0	0	0	0	0	0	0	0	0	0	0	214	0	0	0	0	0	0	0	0	0	0	0	0	0	514	0	0	0	0	0	0	0	0	0	0	0	20898	0
FFQ	99	0	0	0	0	0	0	0	0	0	0	0	199	0	0	0	0	0	0	0	0	0	0	0	0	0	530	0	0	0	0	0	0	0	0	0	0	0	20897	0
FFQ	100	0	0	0	0	0	0	0	0	0	0	0	224	0	0	0	0	0	0	0	0	0	0	0	0	0	562	0	0	0	0	0	0	0	0	0	0	0	20840	0
FFQ	101	0	0	0	0	0	0	0	0	0	0	0	192	0	0	0	0	0	0	0	0	0	0	0	0	0	551	0	0	0	0	0	0	0	0	0	0	0	20883	0
FFQ	102	0	0	0	0	0	0	0	0	0	0	0	201	0	0	0	0	0	0	0	0	0	0	0	0	0	604	0	0	0	0	0	0	0	0	0	0	0	20821	0
FFQ	103	0	0	0	0	0	0	0	0	0	0	0	211	0	0	0	0	0	0	0	0	0	0	0	0	0	616	0	0	0	0	0	0	0	0	0	0	0	20799	0
FFQ	104	0	0	0	0	0	0	0	0	0	0	0	206	0	0	0	0	0	0	0	0	0	0	0	0	0	568	0	0	0	0	0	0	0	0	0	0	0	20852	0
FFQ	105	0	0	0	0	0	0	0	0	0	0	0	191	0	0	0	0	0	0	0	0	0	0	0	0	0	591	0	0	0	0	0	0	0	0	0	0	0	20844	0
FFQ	106	0	0	0	0	0	0	0	0	0	0	0	241	0	0	0	0	0	0	0	0	0	0	0	0	0	579	0	0	0	0	0	0	0	0	0	0	0	20806	0
FFQ	107	0	0	0	0	0	0	0	0	0	0	0	215	0	0	0	0	0	0	0	0	0	0	0	0	0	647	0	0	0	0	0	0	0	0	0	0	0	20764	0
FFQ	108	0	0	0	0	0	0	0	0	0	0	0	266	0	0	0	0	0	0	0	0	0	0	0	0	0	632	0	0	0	0	0	0	0	0	0	0	0	20728	0
FFQ	109	0	0	0	0	0	0	0	0	0	0	0	265	0	0	0	0	0	0	0	0	0	0	0	0	0	692	0	0	0	0	0	0	0	0	0	0	0	20669	0
FFQ	110	0	0	0	0	0	0	0	0	0	0	0	263	0	0	0	0	0	0	0	0	0	0	0	0	0	653	0	0	0	0	0	0	0	0	0	0	0	20710	0
FFQ	111	0	0	0	0	0	0	0	0	0	0	0	233	0	0	0	0	0	0	0	0	0	0	0	0	0	607	0	0	0	0	0	0	0	0	0	0	0	20786	0
FFQ	112	0	0	0	0	0	0	0	0	0	0	0	228	0	0	0	0	0	0	0	0	0	0	0	0	0	613	0	0	0	0	0	0	0	0	0	0	0	20785	0
FFQ	113	0	0	0	0	0	0	0	0	0	0	0	249	0	0	0	0	0	0	0	0	0	0	0	0	0	660	0	0	0	0	0	0	0	0	0	0	0	20717	0
FFQ	114	0	0	0	0	0	0	0	0	0	0	0	284	0	0	0	0	0	0	0	0	0	0	0	0	0	730	0	0	0	0	0	0	0	0	0	0	0	20612	0
FFQ	115	0	0	0	0	0	0	0	0	0	0	0	241	0	0	0	0	0	0	0	0	0	0	0	0	0	687	0	0	0	0	0	0	0	0	0	0	0	20698	0
FFQ	116	0	0	0	0	0	0	0	0	0	0	0	243	0	0	0	0	0	0	0	0	0	0	0	0	0	690	0	0	0	0	0	0	0	0	0	0	0	20693	0
FFQ	117	0	0	0	0	0	0	0	0	0	0	0	242	0	0	0	0	0	0	0	0	0	0	0	0	0	682	0	0	0	0	0	0	0	0	0	0	0	20702	0
FFQ	118	0	0	0	0	0	0	0	0	0	0	0	265	0	0	0	0	0	0	0	0	0	0	0	0	0	726	0	0	0	0	0	0	0	0	0	0	0	20635	0
FFQ	119	0	0	0	0	0	0	0	0	0	0	0	249	0	0	0	0	0	0	0	0	0	0	0	0	0	692	0	0	0	0	0	0	0	0	0	0	0	20685	0
FFQ	120	0	0	0	0	0	0	0	0	0	0	0	287	0	0	0	0	0	0	0	0	0	0	0	0	0	712	0	0	0	0	0	0	0	0	0	0	0	20627	0
FFQ	121	0	0	0	0	0	0	0	0	0	0	0	265	0	0	0	0	0	0	0	0	0	0	0	0	0	672	0	0	0	0	0	0	0	0	0	0	0	20689	0
FFQ	122	0	0	0	0	0	0	0	0	0	0	0	283	0	0	0	0	0	0	0	0	0	0	0	0	0	722	0	0	0	0	0	0	0	0	0	0	0	20621	0
FFQ	123	0	0	0	0	0	0	0	0	0	0	0	258	0	0	0	0	0	0	0	0	0	0	0	0	0	793	0	0	0	0	0	0	0	0	0	0	0	20575	0
FFQ	124	0	0	0	0	0	0	0	0	0	0	0	279	0	0	0	0	0	0	0	0	0	0	0	0	0	763	0	0	0	0	0	0	0	0	0	0	0	20584	0
FFQ	125	0	0	0	0	0	0	0	0	0	0	0	330	0	0	0	0	0	0	0	0	0	0	0	0	0	861	0	0	0	0	0	0	0	0	0	0	0	20435	0
FFQ	126	0	0	0	0	0	0	0	0	0	0	0	313	0	0	0	0	0	0	0	0	0	0	0	0	0	762	0	0	0	0	0	0	0	0	0	0	0	20551	0
FFQ	127	0	0	0	0	0	0	0	0	0	0	0	281	0	0	0	0	0	0	0	0	0	0	0	0	0	694	0	0	0	0	0	0	0	0	0	0	0	20651	0
FFQ	128	0	0	0	0	0	0	0	0	0	0	0	303	0	0	0	0	0	0	0	0	0	0	0	0	0	800	0	0	0	0	0	0	0	0	0	0	0	20523	0
FFQ	129	0	0	0	0	0	0	0	0	0	0	0	309	0	0	0	0	0	0	0	0	0	0	0	0	0	797	0	0	0	0	0	0	0	0	0	0	0	20520	0
FFQ	130	0	0	0	0	0	0	0	0	0	0	0	306	0	0	0	0	0	0	0	0	0	0	0	0	0	770	0	0	0	0	0	0	0	0	0	0	0	20550	0
FFQ	131	0	0	0	0	0	0	0	0	0	0	0	291	0	0	0	0	0	0	0	0	0	0	0	0	0	796	0	0	0	0	0	0	0	0	0	0	0	20539	0
FFQ	132	0	0	0	0	0	0	0	0	0	0	0	297	0	0	0	0	0	0	0	0	0	0	0	0	0	746	0	0	0	0	0	0	0	0	0	0	0	20583	0
FFQ	133	0	0	0	0	0	0	0	0	0	0	0	293	0	0	0	0	0	0	0	0	0	0	0	0	0	788	0	0	0	0	0	0	0	0	0	0	0	20545	0
FFQ	134	0	0	0	0	0	0	0	0	0	0	0	291	0	0	0	0	0	0	0	0	0	0	0	0	0	739	0	0	0	0	0	0	0	0	0	0	0	20596	0
FFQ	135	0	0	0	0	0	0	0	0	0	0	0	297	0	0	0	0	0	0	0	0	0	0	0	0	0	828	0	0	0	0	0	0	0	0	0	0	0	20501	0
FFQ	136	0	0	0	0	0	0	0	0	0	0	0	308	0	0	0	0	0	0	0	0	0	0	0	0	0	862	0	0	0	0	0	0	0	0	0	0	0	20456	0
FFQ	137	0	0	0	0	0	0	0	0	0	0	0	348	0	0	0	0	0	0	0	0	0	0	0	0	0	939	0	0	0	0	0	0	0	0	0	0	0	20339	0
FFQ	138	0	0	0	0	0	0	0	0	0	0	0	382	0	0	0	0	0	0	0	0	0	0	0	0	0	935	0	0	0	0	0	0	0	0	0	0	0	20309	0
FFQ	139	0	0	0	0	0	0	0	0	0	0	0	398	0	0	0	0	0	0	0	0	0	0	0	0	0	1039	0	0	0	0	0	0	0	0	0	0	0	20189	0
FFQ	140	0	0	0	0	0	0	0	0	0	0	0	437	0	0	0	0	0	0	0	0	0	0	0	0	0	1001	0	0	0	0	0	0	0	0	0	0	0	20188	0
FFQ	141	0	0	0	0	0	0	0	0	0	0	0	368	0	0	0	0	0	0	0	0	0	0	0	0	0	917	0	0	0	0	0	0	0	0	0	0	0	20341	0
FFQ	142	0	0	0	0	0	0	0	0	0	0	0	386	0	0	0	0	0	0	0	0	0	0	0	0	0	959	0	0	0	0	0	0	0	0	0	0	0	20281	0
FFQ	143	0	0	0	0	0	0	0	0	0	0	0	374	0	0	0	0	0	0	0	0	0	0	0	0	0	932	0	0	0	0	0	0	0	0	0	0	0	20320	0
FFQ	144	0	0	0	0	0	0	0	0	0	0	0	353	0	0	0	0	0	0	0	0	0	0	0	0	0	994	0	0	0	0	0	0	0	0	0	0	0	20279	0
FFQ	145	0	0	0	0	0	0	0	0	0	0	0	396	0	0	0	0	0	0	0	0	0	0	0	0	0	1016	0	0	0	0	0	0	0	0	0	0	0	20214	0
FFQ	146	0	0	0	0	0	0	0	0	0	0	0	360	0	0	0	0	0	0	0	0	0	0	0	0	0	958	0	0	0	0	0	0	0	0	0	0	0	20297	0
FFQ	147	0	0	0	0	0	0	0	0	0	0	0	338	0	0	0	0	0	0	0	0	0	0	0	0	0	907	0	0	0	0	0	0	0	0	0	0	0	20323	0
FFQ	148	0	0	0	0	0	0	0	0	0	0	0	350	0	0	0	0	0	0	0	0	0	0	0	0	0	917	0	0	0	0	0	0	0	0	0	0	0	19767	0
FFQ	149	0	0	0	0	0	0	0	0	0	0	0	374	0	0	0	0	0	0	0	0	0	0	0	0	0	935	0	0	0	0	0	0	0	0	0	0	0	19725	0
FFQ	150	0	0	0	0	0	0	0	0	0	0	0	362	0	0	0	0	0	0	0	0	0	0	0	0	0	1041	0	0	0	0	0	0	0	0	0	0	0	19631	0
# Last Fragment Qualities. Use `grep ^LFQ | cut -f 2-` to extract this part.
# Columns correspond to qualities and rows to cycles. First column is the cycle number.
LFQ	1	0	0	0	0	0	0	0	0	0	0	0	242	0	0	0	0	0	0	0	0	0	0	0	0	0	575	0	0	0	0	0	0	0	0	0	0	0	21553	0
LFQ	2	0	0	0	0	0	0	0	0	0	0	0	200	0	0	0	0	0	0	0	0	0	0	0	0	0	656	0	0	0	0	0	0	0	0	0	0	0	21514	0
LFQ	3	0	0	0	0	0	0	0	0	0	0	0	194	0	0	0	0	0	0	0	0	0	0	0	0	0	568	0	0	0	0	0	0	0	0	0	0	0	21608	0
LFQ	4	0	0	0	0	0	0	0	0	0	0	0	165	0	0	0	0	0	0	0	0	0	0	0	0	0	499	0	0	0	0	0	0	0	0	0	0	0	21706	0
LFQ	5	0	0	0	0	0	0	0	0	0	0	0	158	0	0	0	0	0	0	0	0	0	0	0	0	0	462	0	0	0	0	0	0	0	0	0	0	0	21750	0
LFQ	6	0	0	0	0	0	0	0	0	0	0	0	160	0	0	0	0	0	0	0	0	0	0	0	0	0	515	0	0	0	0	0	0	0	0	0	0	0	21695	0
LFQ	7	0	0	0	0	0	0	0	0	0	0	0	154	0	0	0	0	0	0	0	0	0	0	0	0	0	498	0	0	0	0	0	0	0	0	0	0	0	21718	0
LFQ	8	0	0	0	0	0	0	0	0	0	0	0	141	0	0	0	0	0	0	0	0	0	0	0	0	0	430	0	0	0	0	0	0	0	0	0	0	0	21799	0
LFQ	9	0	0	0	0	0	0	0	0	0	0	0	138	0	0	0	0	0	0	0	0	0	0	0	0	0	477	0	0	0	0	0	0	0	0	0	0	0	21755	0
LFQ	10	0	0	0	0	0	0	0	0	0	0	0	131	0	0	0	0	0	0	0	0	0	0	0	0	0	439	0	0	0	0	0	0	0	0	0	0	0	21800	0
LFQ	11	0	0	0	0	0	0	0	0	0	0	0	127	0	0	0	0	0	0	0	0	0	0	0	0	0	504	0	0	0	0	0	0	0	0	0	0	0	21739	0
LFQ	12	0	0	0	0	0	0	0	0	0	0	0	122	0	0	0	0	0	0	0	0	0	0	0	0	0	430	0	0	0	0	0	0	0	0	0	0	0	21818	0
LFQ	13	0	0	0	0	0	0	0	0	0	0	0	123	0	0	0	0	0	0	0	0	0	0	0	0	0	393	0	0	0	0	0	0	0	0	0	0	0	21854	0
LFQ	14	0	0	0	0	0	0	0	0	0	0	0	152	0	0	0	0	0	0	0	0	0	0	0	0	0	491	0	0	0	0	0	0	0	0	0	0	0	21727	0
LFQ	15	0	0	0	0	0	0	0	0	0	0	0	123	0	0	0	0	0	0	0	0	0	0	0	0	0	470	0	0	0	0	0	0	0	0	0	0	0	21777	0
LFQ	16	0	0	0	0	0	0	0	0	0	0	0	111	0	0	0	0	0	0	0	0	0	0	0	0	0	445	0	0	0	0	0	0	0	0	0	0	0	21814	0
LFQ	17	0	0	0	0	0	0	0	0	0	0	0	114	0	0	0	0	0	0	0	0	0	0	0	0	0	433	0	0	0	0	0	0	0	0	0	0	0	21823	0
LFQ	18	0	0	0	0	0	0	0	0	0	0	0	124	0	0	0	0	0	0	0	0	0	0	0	0	0	451	0	0	0	0	0	0	0	0	0	0	0	21795	0
LFQ	19	0	0	0	0	0	0	0	0	0	0	0	124	0	0	0	0	0	0	0	0	0	0	0	0	0	409	0	0	0	0	0	0	0	0	0	0	0	21837	0
LFQ	20	0	0	0	0	0	0	0	0	0	0	0	139	0	0	0	0	0	0	0	0	0	0	0	0	0	458	0	0	0	0	0	0	0	0	0	0	0	21773	0
LFQ	21	0	0	0	0	0	0	0	0	0	0	0	168	0	0	0	0	0	0	0	0	0	0	0	0	0	473	0	0	0	0	0	0	0	0	0	0	0	21729	0
LFQ	22	0	0	0	0	0	0	0	0	0	0	0	129	0	0	0	0	0	0	0	0	0	0	0	0	0	523	0	0	0	0	0	0	0	0	0	0	0	21718	0
LFQ	23	0	0	0	0	0	0	0	0	0	0	0	172	0	0	0	0	0	0	0	0	0	0	0	0	0	563	0	0	0	0	0	0	0	0	0	0	0	21635	0
LFQ	24	0	0	0	0	0	0	0	0	0	0	0	141	0	0	0	0	0	0	0	0	0	0	0	0	0	492	0	0	0	0	0	0	0	0	0	0	0	21737	0
LFQ	25	0	0	0	0	0	0	0	0	0	0	0	154	0	0	0	0	0	0	0	0	0	0	0	0	0	541	0	0	0	0	0	0	0	0	0	0	0	21675	0
LFQ	26	0	0	0	0	0	0	0	0	0	0	0	152	0	0	0	0	0	0	0	0	0	0	0	0	0	529	0	0	0	0	0	0	0	0	0	0	0	21689	0
LFQ	27	0	0	0	0	0	0	0	0	0	0	0	168	0	0	0	0	0	0	0	0	0	0	0	0	0	535	0	0	0	0	0	0	0	0	0	0	0	21667	0
LFQ	28	0	0	0	0	0	0	0	0	0	0	0	162	0	0	0	0	0	0	0	0	0	0	0	0	0	556	0	0	0	0	0	0	0	0	0	0	0	21652	0
LFQ	29	0	0	0	0	0	0	0	0	0	0	0	166	0	0	0	0	0	0	0	0	0	0	0	0	0	593	0	0	0	0	0	0	0	0	0	0	0	21611	0
LFQ	30	0	0	0	0	0	0	0	0	0	0	0	212	0	0	0	0	0	0	0	0	0	0	0	0	0	580	0	0	0	0	0	0	0	0	0	0	0	21578	0
LFQ	31	0	0	0	0	0	0	0	0	0	0	0	177	0	0	0	0	0	0	0	0	0	0	0	0	0	584	0	0	0	0	0	0	0	0	0	0	0	21609	0
LFQ	32	0	0	0	0	0	0	0	0	0	0	0	194	0	0	0	0	0	0	0	0	0	0	0	0	0	668	0	0	0	0	0	0	0	0	0	0	0	21508	0
LFQ	33	0	0	0	0	0	0	0	0	0	0	0	189	0	0	0	0	0	0	0	0	0	0	0	0	0	604	0	0	0	0	0	0	0	0	0	0	0	21577	0
LFQ	34	0	0	0	0	0	0	0	0	0	0	0	170	0	0	0	0	0	0	0	0	0	0	0	0	0	570	0	0	0	0	0	0	0	0	0	0	0	21630	0
LFQ	35	0	0	0	0	0	0	0	0	0	0	0	194	0	0	0	0	0	0	0	0	0	0	0	0	0	600	0	0	0	0	0	0	0	0	0	0	0	21576	0
LFQ	36	0	0	0	0	0	0	0	0	0	0	0	174	0	0	0	0	0	0	0	0	0	0	0	0	0	607	0	0	0	0	0	0	0	0	0	0	0	21589	0
LFQ	37	0	0	0	0	0	0	0	0	0	0	0	164	0	0	0	0	0	0	0	0	0	0	0	0	0	572	0	0	0	0	0	0	0	0	0	0	0	21634	0
LFQ	38	0	0	0	0	0	0	0	0	0	0	0	167	0	0	0	0	0	0	0	0	0	0	0	0	0	553	0	0	0	0	0	0	0	0	0	0	0	21650	0
LFQ	39	0	0	0	0	0	0	0	0	0	0	0	166	0	0	0	0	0	0	0	0	0	0	0	0	0	604	0	0	0	0	0	0	0	0	0	0	0	21600	0
LFQ	40	0	0	0	0	0	0	0	0	0	0	0	202	0	0	0	0	0	0	0	0	0	0	0	0	0	624	0	0	0	0	0	0	0	0	0	0	0	21544	0
LFQ	41	0	0	0	0	0	0	0	0	0	0	0	175	0	0	0	0	0	0	0	0	0	0	0	0	0	598	0	0	0	0	0	0	0	0	0	0	0	21597	0
LFQ	42	0	0	0	0	0	0	0	0	0	0	0	199	0	0	0	0	0	0	0	0	0	0	0	0	0	622	0	0	0	0	0	0	0	0	0	0	0	21549	0
LFQ	43	0	0	0	0	0	0	0	0	0	0	0	184	0	0	0	0	0	0	0	0	0	0	0	0	0	621	0	0	0	0	0	0	0	0	0	0	0	21565	0
LFQ	44	0	0	0	0	0	0	0	0	0	0	0	200	0	0	0	0	0	0	0	0	0	0	0	0	0	629	0	0	0	0	0	0	0	0	0	0	0	21541	0
LFQ	45	0	0	0	0	0	0	0	0	0	0	0	169	0	0	0	0	0	0	0	0	0	0	0	0	0	572	0	0	0	0	0	0	0	0	0	0	0	21629	0
LFQ	46	0	0	0	0	0	0	0	0	0	0	0	178	0	0	0	0	0	0	0	0	0	0	0	0	0	571	0	0	0	0	0	0	0	0	0	0	0	21621	0
LFQ	47	0	0	0	0	0	0	0	0	0	0	0	189	0	0	0	0	0	0	0	0	0	0	0	0	0	598	0	0	0	0	0	0	0	0	0	0	0	21583	0
LFQ	48	0	0	0	0	0	0	0	0	0	0	0	196	0	0	0	0	0	0	0	0	0	0	0	0	0	590	0	0	0	0	0	0	0	0	0	0	0	21584	0
LFQ	49	0	0	0	0	0	0	0	0	0	0	0	217	0	0	0	0	0	0	0	0	0	0	0	0	0	611	0	0	0	0	0	0	0	0	0	0	0	21542	0
LFQ	50	0	0	0	0	0	0	0	0	0	0	0	168	0	0	0	0	0	0	0	0	0	0	0	0	0	635	0	0	0	0	0	0	0	0	0	0	0	21567	0
LFQ	51	0	0	0	0	0	0	0	0	0	0	0	204	0	0	0	0	0	0	0	0	0	0	0	0	0	641	0	0	0	0	0	0	0	0	0	0	0	21525	0
LFQ	52	0	0	0	0	0	0	0	0	0	0	0	197	0	0	0	0	0	0	0	0	0	0	0	0	0	650	0	0	0	0	0	0	0	0	0	0	0	21523	0
LFQ	53	0	0	0	0	0	0	0	0	0	0	0	213	0	0	0	0	0	0	0	0	0	0	0	0	0	643	0	0	0	0	0	0	0	0	0	0	0	21514	0
LFQ	54	0	0	0	0	0	0	0	0	0	0	0	204	0	0	0	0	0	0	0	0	0	0	0	0	0	583	0	0	0	0	0	0	0	0	0	0	0	21583	0
LFQ	55	0	0	0	0	0	0	0	0	0	0	0	180	0	0	0	0	0	0	0	0	0	0	0	0	0	601	0	0	0	0	0	0	0	0	0	0	0	21589	0
LFQ	56	0	0	0	0	0	0	0	0	0	0	0	178	0	0	0	0	0	0	0	0	0	0	0	0	0	603	0	0	0	0	0	0	0	0	0	0	0	21589	0
LFQ	57	0	0	0	0	0	0	0	0	0	0	0	180	0	0	0	0	0	0	0	0	0	0	0	0	0	650	0	0	0	0	0	0	0	0	0	0	0	21540	0
LFQ	58	0	0	0	0	0	0	0	0	0	0	0	194	0	0	0	0	0	0	0	0	0	0	0	0	0	620	0	0	0	0	0	0	0	0	0	0	0	21556	0
LFQ	59	0	0	0	0	0	0	0	0	0	0	0	244	0	0	0	0	0	0	0	0	0	0	0	0	0	685	0	0	0	0	0	0	0	0	0	0	0	21441	0
LFQ	60	0	0	0	0	0	0	0	0	0	0	0	220	0	0	0	0	0	0	0	0	0	0	0	0	0	575	0	0	0	0	0	0	0	0	0	0	0	21575	0
LFQ	61	0	0	0	0	0	0	0	0	0	0	0	219	0	0	0	0	0	0	0	0	0	0	0	0	0	647	0	0	0	0	0	0	0	0	0	0	0	21504	0
LFQ	62	0	0	0	0	0	0	0	0	0	0	0	195	0	0	0	0	0	0	0	0	0	0	0	0	0	656	0	0	0	0	0	0	0	0	0	0	0	21519	0
LFQ	63	0	0	0	0	0	0	0	0	0	0	0	238	0	0	0	0	0	0	0	0	0	0	0	0	0	687	0	0	0	0	0	0	0	0	0	0	0	21445	0
LFQ	64	0	0	0	0	0	0	0	0	0	0	0	238	0	0	0	0	0	0	0	0	0	0	0	0	0	685	0	0	0	0	0	0	0	0	0	0	0	21447	0
LFQ	65	0	0	0	0	0	0	0	0	0	0	0	238	0	0	0	0	0	0	0	0	0	0	0	0	0	695	0	0	0	0	0	0	0	0	0	0	0	21437	0
LFQ	66	0	0	0	0	0	0	0	0	0	0	0	234	0	0	0	0	0	0	0	0	0	0	0	0	0	695	0	0	0	0	0	0	0	0	0	0	0	21441	0
LFQ	67	0	0	0	0	0	0	0	0	0	0	0	264	0	0	0	0	0	0	0	0	0	0	0	0	0	719	0	0	0	0	0	0	0	0	0	0	0	21387	0
LFQ	68	0	0	0	0	0	0	0	0	0	0	0	252	0	0	0	0	0	0	0	0	0	0	0	0	0	717	0	0	0	0	0	0	0	0	0	0	0	21401	0
LFQ	69	0	0	0	0	0	0	0	0	0	0	0	276	0	0	0	0	0	0	0	0	0	0	0	0	0	756	0	0	0	0	0	0	0	0	0	0	0	21338	0
LFQ	70	0	0	0	0	0	0	0	0	0	0	0	260	0	0	0	0	0	0	0	0	0	0	0	0	0	734	0	0	0	0	0	0	0	0	0	0	0	21376	0
LFQ	71	0	0	0	0	0	0	0	0	0	0	0	200	0	0	0	0	0	0	0	0	0	0	0	0	0	653	0	0	0	0	0	0	0	0	0	0	0	21517	0
LFQ	72	0	0	0	0	0	0	0	0	0	0	0	233	0	0	0	0	0	0	0	0	0	0	0	0	0	756	0	0	0	0	0	0	0	0	0	0	0	21381	0
LFQ	73	0	0	0	0	0	0	0	0	0	0	0	237	0	0	0	0	0	0	0	0	0	0	0	0	0	764	0	0	0	0	0	0	0	0	0	0	0	21369	0
LFQ	74	0	0	0	0	0	0	0	0	0	0	0	220	0	0	0	0	0	0	0	0	0	0	0	0	0	790	0	0	0	0	0	0	0	0	0	0	0	21360	0
LFQ	75	0	0	0	0	0	0	0	0	0	0	0	270	0	0	0	0	0	0	0	0	0	0	0	0	0	784	0	0	0	0	0	0	0	0	0	0	0	21316	0
LFQ	76	0	0	0	0	0	0	0	0	0	0	0	283	0	0	0	0	0	0	0	0	0	0	0	0	0	776	0	0	0	0	0	0	0	0	0	0	0	21311	0
LFQ	77	0	0	0	0	0	0	0	0	0	0	0	264	0	0	0	0	0	0	0	0	0	0	0	0	0	754	0	0	0	0	0	0	0	0	0	0	0	21352	0
LFQ	78	0	0	0	0	0	0	0	0	0	0	0	258	0	0	0	0	0	0	0	0	0	0	0	0	0	754	0	0	0	0	0	0	0	0	0	0	0	21358	0
LFQ	79	0	0	0	0	0	0	0	0	0	0	0	278	0	0	0	0	0	0	0	0	0	0	0	0	0	778	0	0	0	0	0	0	0	0	0	0	0	21314	0
LFQ	80	0	0	0	0	0	0	0	0	0	0	0	294	0	0	0	0	0	0	0	0	0	0	0	0	0	781	0	0	0	0	0	0	0	0	0	0	0	21295	0
LFQ	81	0	0	0	0	0	0	0	0	0	0	0	232	0	0	0	0	0	0	0	0	0	0	0	0	0	802	0	0	0	0	0	0	0	0	0	0	0	21336	0
LFQ	82	0	0	0	0	0	0	0	0	0	0	0	256	0	0	0	0	0	0	0	0	0	0	0	0	0	757	0	0	0	0	0	0	0	0	0	0	0	21357	0
LFQ	83	0	0	0	0	0	0	0	0	0	0	0	285	0	0	0	0	0	0	0	0	0	0	0	0	0	772	0	0	0	0	0	0	0	0	0	0	0	21313	0
LFQ	84	0	0	0	0	0	0	0	0	0	0	0	253	0	0	0	0	0	0	0	0	0	0	0	0	0	785	0	0	0	0	0	0	0	0	0	0	0	21332	0
LFQ	85	0	0	0	0	0	0	0	0	0	0	0	274	0	0	0	0	0	0	0	0	0	0	0	0	0	772	0	0	0	0	0	0	0	0	0	0	0	21324	0
LFQ	86	0	0	0	0	0	0	0	0	0	0	0	276	0	0	0	0	0	0	0	0	0	0	0	0	0	844	0	0	0	0	0	0	0	0	0	0	0	21250	0
LFQ	87	0	0	0	0	0	0	0	0	0	0	0	263	0	0	0	0	0	0	0	0	0	0	0	0	0	772	0	0	0	0	0	0	0	0	0	0	0	21335	0
LFQ	88	0	0	0	0	0	0	0	0	0	0	0	340	0	0	0	0	0	0	0	0	0	0	0	0	0	801	0	0	0	0	0	0	0	0	0	0	0	21229	0
LFQ	89	0	0	0	0	0	0	0	0	0	0	0	302	0	0	0	0	0	0	0	0	0	0	0	0	0	864	0	0	0	0	0	0	0	0	0	0	0	21204	0
LFQ	90	0	0	0	0	0	0	0	0	0	0	0	256	0	0	0	0	0	0	0	0	0	0	0	0	0	790	0	0	0	0	0	0	0	0	0	0	0	21324	0
LFQ	91	0	0	0	0	0	0	0	0	0	0	0	295	0	0	0	0	0	0	0	0	0	0	0	0	0	933	0	0	0	0	0	0	0	0	0	0	0	21142	0
LFQ	92	0	0	0	0	0	0	0	0	0	0	0	300	0	0	0	0	0	0	0	0	0	0	0	0	0	863	0	0	0	0	0	0	0	0	0	0	0	21207	0
LFQ	93	0	0	0	0	0	0	0	0	0	0	0	311	0	0	0	0	0	0	0	0	0	0	0	0	0	853	0	0	0	0	0	0	0	0	0	0	0	21206	0
LFQ	94	0	0	0	0	0	0	0	0	0	0	0	319	0	0	0	0	0	0	0	0	0	0	0	0	0	875	0	0	0	0	0	0	0	0	0	0	0	21176	0
LFQ	95	0	0	0	0	0	0	0	0	0	0	0	302	0	0	0	0	0	0	0	0	0	0	0	0	0	911	0	0	0	0	0	0	0	0	0	0	0	21157	0
LFQ	96	0	0	0	0	0	0	0	0	0	0	0	357	0	0	0	0	0	0	0	0	0	0	0	0	0	886	0	0	0	0	0	0	0	0	0	0	0	21127	0
LFQ	97	0	0	0	0	0	0	0	0	0	0	0	268	0	0	0	0	0	0	0	0	0	0	0	0	0	870	0	0	0	0	0	0	0	0	0	0	0	21232	0
LFQ	98	0	0	0	0	0	0	0	0	0	0	0	297	0	0	0	0	0	0	0	0	0	0	0	0	0	878	0	0	0	0	0	0	0	0	0	0	0	21195	0
LFQ	99	0	0	0	0	0	0	0	0	0	0	0	328	0	0	0	0	0	0	0	0	0	0	0	0	0	930	0	0	0	0	0	0	0	0	0	0	0	21112	0
LFQ	100	0	0	0	0	0	0	0	0	0	0	0	312	0	0	0	0	0	0	0	0	0	0	0	0	0	924	0	0	0	0	0	0	0	0	0	0	0	21134	0
LFQ	101	0	0	0	0	0	0	0	0	0	0	0	317	0	0	0	0	0	0	0	0	0	0	0	0	0	872	0	0	0	0	0	0	0	0	0	0	0	21181	0
LFQ	102	0	0	0	0	0	0	0	0	0	0	0	329	0	0	0	0	0	0	0	0	0	0	0	0	0	938	0	0	0	0	0	0	0	0	0	0	0	21103	0
LFQ	103	0	0	0	0	0	0	0	0	0	0	0	338	0	0	0	0	0	0	0	0	0	0	0	0	0	934	0	0	0	0	0	0	0	0	0	0	0	21098	0
LFQ	104	0	0	0	0	0	0	0	0	0	0	0	361	0	0	0	0	0	0	0	0	0	0	0	0	0	941	0	0	0	0	0	0	0	0	0	0	0	21068	0
LFQ	105	0	0	0	0	0	0	0	0	0	0	0	311	0	0	0	0	0	0	0	0	0	0	0	0	0	940	0	0	0	0	0	0	0	0	0	0	0	21119	0
LFQ	106	0	0	0	0	0	0	0	0	0	0	0	338	0	0	0	0	0	0	0	0	0	0	0	0	0	889	0	0	0	0	0	0	0	0	0	0	0	21143	0
LFQ	107	0	0	0	0	0	0	0	0	0	0	0	347	0	0	0	0	0	0	0	0	0	0	0	0	0	952	0	0	0	0	0	0	0	0	0	0	0	21071	0
LFQ	108	0	0	0	0	0	0	0	0	0	0	0	359	0	0	0	0	0	0	0	0	0	0	0	0	0	955	0	0	0	0	0	0	0	0	0	0	0	21056	0
LFQ	109	0	0	0	0	0	0	0	0	0	0	0	366	0	0	0	0	0	0	0	0	0	0	0	0	0	995	0	0	0	0	0	0	0	0	0	0	0	21009	0
LFQ	110	0	0	0	0	0	0	0	0	0	0	0	401	0	0	0	0	0	0	0	0	0	0	0	0	0	1036	0	0	0	0	0	0	0	0	0	0	0	20933	0
LFQ	111	0	0	0	0	0	0	0	0	0	0	0	360	0	0	0	0	0	0	0	0	0	0	0	0	0	942	0	0	0	0	0	0	0	0	0	0	0	21068	0
LFQ	112	0	0	0	0	0	0	0	0	0	0	0	358	0	0	0	0	0	0	0	0	0	0	0	0	0	961	0	0	0	0	0	0	0	0	0	0	0	21051	0
LFQ	113	0	0	0	0	0	0	0	0	0	0	0	368	0	0	0	0	0	0	0	0	0	0	0	0	0	1001	0	0	0	0	0	0	0	0	0	0	0	21001	0
LFQ	114	0	0	0	0	0	0	0	0	0	0	0	405	0	0	0	0	0	0	0	0	0	0	0	0	0	1017	0	0	0	0	0	0	0	0	0	0	0	20948	0
LFQ	115	0	0	0	0	0	0	0	0	0	0	0	368	0	0	0	0	0	0	0	0	0	0	0	0	0	999	0	0	0	0	0	0	0	0	0	0	0	21003	0
LFQ	116	0	0	0	0	0	0	0	0	0	0	0	345	0	0	0	0	0	0	0	0	0	0	0	0	0	945	0	0	0	0	0	0	0	0	0	0	0	21080	0
LFQ	117	0	0	0	0	0	0	0	0	0	0	0	377	0	0	0	0	0	0	0	0	0	0	0	0	0	1017	0	0	0	0	0	0	0	0	0	0	0	20976	0
LFQ	118	0	0	0	0	0	0	0	0	0	0	0	399	0	0	0	0	0	0	0	0	0	0	0	0	0	1147	0	0	0	0	0	0	0	0	0	0	0	20824	0
LFQ	119	0	0	0	0	0	0	0	0	0	0	0	421	0	0	0	0	0	0	0	0	0	0	0	0	0	1100	0	0	0	0	0	0	0	0	0	0	0	20849	0
LFQ	120	0	0	0	0	0	0	0	0	0	0	0	370	0	0	0	0	0	0	0	0	0	0	0	0	0	1061	0	0	0	0	0	0	0	0	0	0	0	20939	0
LFQ	121	0	0	0	0	0	0	0	0	0	0	0	424	0	0	0	0	0	0	0	0	0	0	0	0	0	1071	0	0	0	0	0	0	0	0	0	0	0	20875	0
LFQ	122	0	0	0	0	0	0	0	0	0	0	0	420	0	0	0	0	0	0	0	0	0	0	0	0	0	1113	0	0	0	0	0	0	0	0	0	0	0	20837	0
LFQ	123	0	0	0	0	0	0	0	0	0	0	0	421	0	0	0	0	0	0	0	0	0	0	0	0	0	1121	0	0	0	0	0	0	0	0	0	0	0	20828	0
LFQ	124	0	0	0	0	0	0	0	0	0	0	0	472	0	0	0	0	0	0	0	0	0	0	0	0	0	1198	0	0	0	0	0	0	0	0	0	0	0	20700	0
LFQ	125	0	0	0	0	0	0	0	0	0	0	0	463	0	0	0	0	0	0	0	0	0	0	0	0	0	1178	0	0	0	0	0	0	0	0	0	0	0	20729	0
LFQ	126	0	0	0	0	0	0	0	0	0	0	0	470	0	0	0	0	0	0	0	0	0	0	0	0	0	1096	0	0	0	0	0	0	0	0	0	0	0	20804	0
LFQ	127	0	0	0	0	0	0	0	0	0	0	0	410	0	0	0	0	0	0	0	0	0	0	0	0	0	1057	0	0	0	0	0	0	0	0	0	0	0	20903	0
LFQ	128	0	0	0	0	0	0	0	0	0	0	0	529	0	0	0	0	0	0	0	0	0	0	0	0	0	1156	0	0	0	0	0	0	0	0	0	0	0	20685	0
LFQ	129	0	0	0	0	0	0	0	0	0	0	0	477	0	0	0	0	0	0	0	0	0	0	0	0	0	1158	0	0	0	0	0	0	0	0	0	0	0	20735	0
LFQ	130	0	0	0	0	0	0	0	0	0	0	0	466	0	0	0	0	0	0	0	0	0	0	0	0	0	1271	0	0	0	0	0	0	0	0	0	0	0	20633	0
LFQ	131	0	0	0	0	0	0	0	0	0	0	0	456	0	0	0	0	0	0	0	0	0	0	0	0	0	1149	0	0	0	0	0	0	0	0	0	0	0	20765	0
LFQ	132	0	0	0	0	0	0	0	0	0	0	0	514	0	0	0	0	0	0	0	0	0	0	0	0	0	1238	0	0	0	0	0	0	0	0	0	0	0	20618	0
LFQ	133	0	0	0	0	0	0	0	0	0	0	0	501	0	0	0	0	0	0	0	0	0	0	0	0	0	1210	0	0	0	0	0	0	0	0	0	0	0	20659	0
LFQ	134	0	0	0	0	0	0	0	0	0	0	0	451	0	0	0	0	0	0	0	0	0	0	0	0	0	1161	0	0	0	0	0	0	0	0	0	0	0	20758	0
LFQ	135	0	0	0	0	0	0	0	0	0	0	0	462	0	0	0	0	0	0	0	0	0	0	0	0	0	1304	0	0	0	0	0	0	0	0	0	0	0	20604	0
LFQ	136	0	0	0	0	0	0	0	0	0	0	0	540	0	0	0	0	0	0	0	0	0	0	0	0	0	1247	0	0	0	0	0	0	0	0	0	0	0	20583	0
LFQ	137	0	0	0	0	0	0	0	0	0	0	0	563	0	0	0	0	0	0	0	0	0	0	0	0	0	1319	0	0	0	0	0	0	0	0	0	0	0	20488	0
LFQ	138	0	0	0	0	0	0	0	0	0	0	0	457	0	0	0	0	0	0	0	0	0	0	0	0	0	1194	0	0	0	0	0	0	0	0	0	0	0	20702	0
LFQ	139	0	0	0	0	0	0	0	0	0	0	0	502	0	0	0	0	0	0	0	0	0	0	0	0	0	1220	0	0	0	0	0	0	0	0	0	0	0	20612	0
LFQ	140	0	0	0	0	0	0	0	0	0	0	0	544	0	0	0	0	0	0	0	0	0	0	0	0	0	1312	0	0	0	0	0	0	0	0	0	0	0	20466	0
LFQ	141	0	0	0	0	0	0	0	0	0	0	0	627	0	0	0	0	0	0	0	0	0	0	0	0	0	1388	0	0	0	0	0	0	0	0	0	0	0	20295	0
LFQ	142	0	0	0	0	0	0	0	0	0	0	0	598	0	0	0	0	0	0	0	0	0	0	0	0	0	1360	0	0	0	0	0	0	0	0	0	0	0	20345	0
LFQ	143	0	0	0	0	0	0	0	0	0	0	0	526	0	0	0	0	0	0	0	0	0	0	0	0	0	1336	0	0	0	0	0	0	0	0	0	0	0	20421	0
LFQ	144	0	0	0	0	0	0	0	0	0	0	0	571	0	0	0	0	0	0	0	0	0	0	0	0	0	1377	0	0	0	0	0	0	0	0	0	0	0	20309	0
LFQ	145	0	0	0	0	0	0	0	0	0	0	0	586	0	0	0	0	0	0	0	0	0	0	0	0	0	1353	0	0	0	0	0	0	0	0	0	0	0	20307	0
LFQ	146	0	0	0	0	0	0	0	0	0	0	0	562	0	0	0	0	0	0	0	0	0	0	0	0	0	1244	0	0	0	0	0	0	0	0	0	0	0	20419	0
LFQ	147	0	0	0	0	0	0	0	0	0	0	0	637	0	0	0	0	0	0	0	0	0	0	0	0	0	1356	0	0	0	0	0	0	0	0	0	0	0	20170	0
LFQ	148	0	0	0	0	0	0	0	0	0	0	0	520	0	0	0	0	0	0	0	0	0	0	0	0	0	1267	0	0	0	0	0	0	0	0	0	0	0	20025	0
LFQ	149	0	0	0	0	0	0	0	0	0	0	0	637	0	0	0	0	0	0	0	0	0	0	0	0	0	1361	0	0	0	0	0	0	0	0	0	0	0	19814	0
LFQ	150	0	0	0	0	0	0	0	0	0	0	0	603	0	0	0	0	0	0	0	0	0	0	0	0	0	1440	0	0	0	0	0	0	0	0	0	0	0	19757	0
# GC Content of first fragments. Use `grep ^GCF | cut -f 2-` to extract this part.
GCF	2.51	0
GCF	5.28	1
GCF	6.28	0
GCF	7.29	1
GCF	10.05	0
GCF	12.81	1
GCF	18.09	0
GCF	23.62	1
GCF	25.38	0
GCF	26.88	2
GCF	27.39	6
GCF	28.14	12
GCF	28.89	44
GCF	29.40	34
GCF	29.90	96
GCF	30.40	95
GCF	30.90	157
GCF	31.41	213
GCF	31.91	535
GCF	32.41	528
GCF	32.91	319
GCF	33.42	211
GCF	33.92	395
GCF	34.42	656
GCF	34.92	660
GCF	35.43	754
GCF	35.93	1589
GCF	36.43	1226
GCF	36.93	1207
GCF	37.44	1404
GCF	37.94	1193
GCF	38.44	1448
GCF	38.94	1502
GCF	39.45	1517
GCF	39.95	862
GCF	40.45	750
GCF	40.95	745
GCF	41.46	728
GCF	41.96	703
GCF	42.46	1021
GCF	42.96	1009
GCF	43.47	1174
GCF	43.97	869
GCF	44.47	582
GCF	44.97	575
GCF	45.48	426
GCF	45.98	764
GCF	46.48	621
GCF	46.98	622
GCF	47.49	620
GCF	47.99	231
GCF	48.74	73
GCF	49.50	88
GCF	50.00	28
GCF	50.75	115
GCF	51.51	125
GCF	52.01	25
GCF	52.76	2
GCF	53.77	0
GCF	54.77	2
# GC Content of last fragments. Use `grep ^GCL | cut -f 2-` to extract this part.
GCL	0.25	0
GCL	0.75	1
GCL	1.26	0
GCL	2.01	1
GCL	4.02	0
GCL	6.03	1
GCL	12.06	0
GCL	18.59	1
GCL	21.11	0
GCL	22.86	2
GCL	23.37	0
GCL	24.12	2
GCL	24.87	0
GCL	25.88	1
GCL	26.88	11
GCL	27.39	108
GCL	27.89	25
GCL	28.39	28
GCL	28.89	49
GCL	29.40	103
GCL	29.90	78
GCL	30.40	83
GCL	30.90	283
GCL	31.41	171
GCL	31.91	234
GCL	32.41	233
GCL	32.91	216
GCL	33.42	477
GCL	33.92	674
GCL	34.42	1042
GCL	34.92	1043
GCL	35.68	1709
GCL	36.43	1616
GCL	36.93	1651
GCL	37.44	2356
GCL	37.94	1350
GCL	38.44	980
GCL	38.94	978
GCL	39.45	1001
GCL	39.95	789
GCL	40.45	779
GCL	40.95	775
GCL	41.46	886
GCL	41.96	776
GCL	42.71	1144
GCL	43.47	935
GCL	43.97	910
GCL	44.47	684
GCL	44.97	660
GCL	45.48	331
GCL	45.98	418
GCL	46.48	280
GCL	46.98	288
GCL	47.49	94
GCL	47.99	92
GCL	48.49	14
GCL	48.99	12
GCL	49.50	5
GCL	50.00	0
GCL	50.75	1
GCL	51.76	0
GCL	52.76	1
GCL	53.52	0
GCL	54.02	2
GCL	54.77	1
GCL	57.79	0
GCL	60.80	1
GCL	72.61	0
GCL	84.17	1
# ACGT content per cycle. Use `grep ^GCC | cut -f 2-` to extract this part. The columns are: cycle; A,C,G,T base counts as a percentage of all A/C/G/T bases [%]; and N and O counts as a percentage of all A/C/G/T bases [%]
GCC	1	21.58	25.35	36.62	16.45	0.00	0.00
GCC	2	29.86	14.62	32.08	23.43	0.00	0.00
GCC	3	31.26	14.93	30.44	23.38	0.00	0.00
GCC	4	30.12	16.60	29.96	23.32	0.00	0.00
GCC	5	32.67	18.04	24.17	25.13	0.00	0.00
GCC	6	33.49	18.49	21.83	26.19	0.02	0.00
GCC	7	30.66	14.70	20.89	33.75	0.00	0.00
GCC	8	30.47	17.93	21.84	29.77	0.00	0.00
GCC	9	31.03	17.49	21.02	30.46	0.00	0.00
GCC	10	33.81	14.21	18.92	33.07	0.00	0.00
GCC	11	29.52	18.34	23.08	29.06	0.00	0.00
GCC	12	25.20	19.14	22.78	32.88	0.00	0.00
GCC	13	26.59	20.10	20.38	32.92	0.00	0.00
GCC	14	29.63	16.49	21.85	32.03	0.00	0.00
GCC	15	31.14	16.50	20.33	32.03	0.00	0.00
GCC	16	29.18	15.40	23.98	31.45	0.00	0.00
GCC	17	29.59	15.70	24.03	30.69	0.00	0.00
GCC	18	30.23	16.07	22.92	30.77	0.00	0.00
GCC	19	27.88	15.54	25.68	30.90	0.00	0.00
GCC	20	29.80	15.05	25.68	29.47	0.00	0.00
GCC	21	30.73	15.64	21.52	32.11	0.00	0.00
GCC	22	31.31	15.45	23.55	29.69	0.00	0.00
GCC	23	32.61	16.10	22.13	29.16	0.00	0.00
GCC	24	29.56	16.47	24.25	29.72	0.00	0.00
GCC	25	31.73	16.88	20.75	30.63	0.00	0.00
GCC	26	30.28	16.15	22.42	31.14	0.00	0.00
GCC	27	30.17	18.56	23.48	27.79	0.00	0.00
GCC	28	30.90	15.92	22.76	30.41	0.00	0.00
GCC	29	31.23	16.38	22.90	29.49	0.00	0.00
GCC	30	31.10	16.17	23.14	29.58	0.00	0.00
GCC	31	30.13	16.90	22.74	30.23	0.00	0.00
GCC	32	32.94	15.68	21.77	29.60	0.00	0.00
GCC	33	29.79	18.41	19.96	31.84	0.00	0.00
GCC	34	29.50	17.25	21.90	31.35	0.00	0.00
GCC	35	28.75	18.57	22.77	29.91	0.00	0.00
GCC	36	29.50	15.39	22.02	33.09	0.00	0.00
GCC	37	28.02	16.10	24.49	31.39	0.00	0.00
GCC	38	28.70	17.62	24.83	28.86	0.00	0.00
GCC	39	32.31	16.32	20.21	31.16	0.00	0.00
GCC	40	28.18	17.22	23.25	31.35	0.00	0.00
GCC	41	32.36	16.43	22.22	28.99	0.00	0.00
GCC	42	31.44	15.45	22.23	30.88	0.00	0.00
GCC	43	29.88	14.39	25.38	30.36	0.00	0.00
GCC	44	29.46	17.52	22.92	30.10	0.00	0.00
GCC	45	29.21	19.50	20.81	30.47	0.00	0.00
GCC	46	31.28	16.54	23.06	29.13	0.00	0.00
GCC	47	30.42	17.67	22.87	29.04	0.00	0.00
GCC	48	32.04	15.68	23.22	29.06	0.00	0.00
GCC	49	32.08	16.80	20.81	30.31	0.00	0.00
GCC	50	30.45	17.86	22.37	29.32	0.00	0.00
GCC	51	31.81	17.14	21.29	29.76	0.00	0.00
GCC	52	32.57	16.63	21.33	29.48	0.00	0.00
GCC	53	31.09	17.33	23.03	28.55	0.00	0.00
GCC	54	30.69	16.39	22.92	30.00	0.00	0.00
GCC	55	30.33	16.70	24.07	28.91	0.00	0.00
GCC	56	29.48	18.49	21.42	30.61	0.00	0.00
GCC	57	29.88	18.53	22.03	29.56	0.00	0.00
GCC	58	32.21	15.97	20.90	30.93	0.00	0.00
GCC	59	31.62	16.54	18.95	32.88	0.00	0.00
GCC	60	31.29	14.39	19.72	34.61	0.00	0.00
GCC	61	28.95	16.25	21.08	33.72	0.00	0.00
GCC	62	29.14	15.37	21.98	33.51	0.00	0.00
GCC	63	28.44	15.90	23.89	31.77	0.00	0.00
GCC	64	29.08	15.95	23.77	31.20	0.00	0.00
GCC	65	31.28	15.17	20.40	33.15	0.00	0.00
GCC	66	29.69	14.79	21.24	34.28	0.00	0.00
GCC	67	30.01	16.94	21.02	32.03	0.00	0.00
GCC	68	29.88	16.40	21.28	32.44	0.00	0.00
GCC	69	31.51	16.27	22.56	29.67	0.00	0.00
GCC	70	30.23	17.10	21.31	31.36	0.00	0.00
GCC	71	29.44	15.29	22.44	32.83	0.00	0.00
GCC	72	31.22	16.93	21.60	30.25	0.00	0.00
GCC	73	30.42	15.52	21.64	32.42	0.00	0.00
GCC	74	29.97	16.41	21.11	32.51	0.00	0.00
GCC	75	32.12	15.53	19.83	32.52	0.00	0.00
GCC	76	29.44	14.12	22.89	33.55	0.00	0.00
GCC	77	29.39	17.38	21.97	31.25	0.00	0.00
GCC	78	31.03	16.80	22.12	30.05	0.00	0.00
GCC	79	30.13	14.83	22.67	32.37	0.00	0.00
GCC	80	29.83	14.25	24.20	31.71	0.00	0.00
GCC	81	29.55	16.85	24.27	29.32	0.00	0.00
GCC	82	29.47	15.34	22.72	32.47	0.00	0.00
GCC	83	31.61	15.57	21.97	30.85	0.00	0.00
GCC	84	30.51	14.99	22.13	32.37	0.00	0.00
GCC	85	29.48	16.27	22.53	31.72	0.00	0.00
GCC	86	29.98	15.92	21.31	32.79	0.00	0.00
GCC	87	30.37	14.32	21.90	33.41	0.00	0.00
GCC	88	30.04	14.89	21.56	33.51	0.00	0.00
GCC	89	30.19	15.98	23.77	30.05	0.00	0.00
GCC	90	29.29	16.27	25.60	28.84	0.00	0.00
GCC	91	28.95	15.68	23.10	32.27	0.00	0.00
GCC	92	28.74	16.35	22.98	31.93	0.00	0.00
GCC	93	32.29	15.89	20.85	30.97	0.00	0.00
GCC	94	28.67	16.27	20.80	34.26	0.00	0.00
GCC	95	30.63	16.72	20.31	32.34	0.00	0.00
GCC	96	29.78	17.62	21.71	30.89	0.00	0.00
GCC	97	28.97	15.61	22.27	33.15	0.00	0.00
GCC	98	30.09	17.51	22.61	29.79	0.00	0.00
GCC	99	29.37	18.06	20.72	31.85	0.00	0.00
GCC	100	31.81	14.34	21.03	32.81	0.00	0.00
GCC	101	33.15	15.73	21.47	29.65	0.00	0.00
GCC	102	32.71	16.80	21.34	29.15	0.00	0.00
GCC	103	31.38	15.27	22.62	30.73	0.00	0.00
GCC	104	30.67	16.29	22.21	30.83	0.00	0.00
GCC	105	31.23	17.12	21.00	30.64	0.00	0.00
GCC	106	29.64	17.22	22.23	30.91	0.00	0.00
GCC	107	28.42	15.33	24.01	32.24	0.00	0.00
GCC	108	26.46	17.89	24.05	31.60	0.00	0.00
GCC	109	27.97	16.22	23.97	31.84	0.00	0.00
GCC	110	29.05	16.44	23.78	30.74	0.00	0.00
GCC	111	28.61	17.77	22.44	31.19	0.00	0.00
GCC	112	31.06	16.09	24.36	28.48	0.00	0.00
GCC	113	31.41	17.29	23.38	27.93	0.00	0.00
GCC	114	30.58	17.43	23.15	28.84	0.00	0.00
GCC	115	30.06	17.80	22.63	29.51	0.00	0.00
GCC	116	32.54	16.24	22.45	28.76	0.00	0.00
GCC	117	33.13	17.16	21.77	27.93	0.00	0.00
GCC	118	33.69	14.68	21.68	29.96	0.00	0.00
GCC	119	33.31	15.48	20.03	31.18	0.00	0.00
GCC	120	32.02	18.88	19.57	29.53	0.00	0.00
GCC	121	31.39	16.77	21.50	30.34	0.00	0.00
GCC	122	30.71	16.88	22.22	30.19	0.00	0.00
GCC	123	30.74	16.34	22.89	30.03	0.00	0.00
GCC	124	29.29	18.54	22.39	29.78	0.00	0.00
GCC	125	30.77	15.01	22.87	31.36	0.00	0.00
GCC	126	30.54	15.85	22.49	31.13	0.00	0.00
GCC	127	28.05	15.83	22.30	33.82	0.00	0.00
GCC	128	29.83	17.38	22.00	30.80	0.00	0.00
GCC	129	29.15	16.02	25.87	28.97	0.00	0.00
GCC	130	30.22	14.47	24.14	31.17	0.00	0.00
GCC	131	31.69	17.69	22.22	28.41	0.00	0.00
GCC	132	30.74	18.45	23.04	27.77	0.00	0.00
GCC	133	30.77	16.15	22.96	30.12	0.00	0.00
GCC	134	31.96	15.88	22.26	29.90	0.00	0.00
GCC	135	31.68	17.00	22.62	28.70	0.00	0.00
GCC	136	31.82	15.80	23.07	29.31	0.00	0.00
GCC	137	32.18	16.42	21.62	29.79	0.00	0.00
GCC	138	32.23	16.56	20.34	30.86	0.00	0.00
GCC	139	32.15	14.97	23.76	29.11	0.00	0.00
GCC	140	30.35	17.50	22.44	29.71	0.00	0.00
GCC	141	28.97	18.39	25.18	27.46	0.00	0.00
GCC	142	30.00	18.49	24.26	27.25	0.00	0.00
GCC	143	32.03	17.07	22.63	28.26	0.00	0.00
GCC	144	29.91	17.85	22.82	29.42	0.00	0.00
GCC	145	29.78	16.91	20.40	32.90	0.00	0.00
GCC	146	28.32	16.55	22.53	32.60	0.00	0.00
GCC	147	28.39	18.43	22.44	30.74	0.00	0.00
GCC	148	30.85	14.95	21.97	32.23	0.00	0.00
GCC	149	31.54	16.07	22.99	29.40	0.00	0.00
GCC	150	30.25	16.92	22.68	30.15	0.00	0.00
# ACGT content per cycle for first fragments. Use `grep ^FBC | cut -f 2-` to extract this part. The columns are: cycle; A,C,G,T base counts as a percentage of all A/C/G/T bases [%]; and N and O counts as a percentage of all A/C/G/T bases [%]
FBC	1	15.94	24.25	46.37	13.43	0.00	0.00
FBC	2	30.09	21.10	35.18	13.63	0.01	0.00
FBC	3	28.17	15.36	41.59	14.88	0.00	0.00
FBC	4	25.26	19.94	36.32	18.47	0.00	0.00
FBC	5	27.23	23.47	25.14	24.17	0.00	0.00
FBC	6	25.52	22.48	25.05	26.94	0.04	0.00
FBC	7	39.16	13.49	21.48	25.87	0.00	0.00
FBC	8	34.82	17.42	23.31	24.44	0.00	0.00
FBC	9	37.87	16.07	20.87	25.19	0.00	0.00
FBC	10	32.02	15.04	16.46	36.48	0.00	0.00
FBC	11	25.21	20.57	19.83	34.39	0.00	0.00
FBC	12	25.93	20.89	20.72	32.47	0.00	0.00
FBC	13	26.59	22.70	19.28	31.43	0.00	0.00
FBC	14	27.14	17.35	23.03	32.48	0.00	0.00
FBC	15	31.15	17.29	21.18	30.38	0.00	0.00
FBC	16	30.37	15.29	23.72	30.62	0.00	0.00
FBC	17	28.25	16.40	25.44	29.91	0.00	0.00
FBC	18	31.02	12.95	25.27	30.76	0.00	0.00
FBC	19	29.27	14.09	27.96	28.67	0.00	0.00
FBC	20	28.65	14.38	26.44	30.53	0.00	0.00
FBC	21	33.18	14.83	22.37	29.62	0.00	0.00
FBC	22	30.75	16.26	24.18	28.81	0.00	0.00
FBC	23	28.71	18.82	23.09	29.38	0.00	0.00
FBC	24	29.21	18.60	24.11	28.08	0.00	0.00
FBC	25	32.09	17.92	20.27	29.72	0.00	0.00
FBC	26	32.68	17.53	19.99	29.81	0.00	0.00
FBC	27	31.21	19.79	22.81	26.19	0.00	0.00
FBC	28	31.58	16.43	22.27	29.72	0.00	0.00
FBC	29	31.91	16.27	22.10	29.72	0.00	0.00
FBC	30	29.61	17.33	25.43	27.63	0.00	0.00
FBC	31	30.61	16.94	23.00	29.45	0.00	0.00
FBC	32	32.92	18.31	21.24	27.53	0.00	0.00
FBC	33	31.32	20.04	18.26	30.38	0.00	0.00
FBC	34	26.98	19.39	21.82	31.81	0.00	0.00
FBC	35	25.19	21.40	25.74	27.67	0.00	0.00
FBC	36	29.76	17.37	22.14	30.73	0.00	0.00
FBC	37	26.98	18.32	26.14	28.56	0.00	0.00
FBC	38	28.65	19.59	25.15	26.62	0.00	0.00
FBC	39	31.54	17.66	20.65	30.16	0.00	0.00
FBC	40	27.24	17.00	25.58	30.18	0.00	0.00
FBC	41	31.75	18.63	23.03	26.59	0.00	0.00
FBC	42	32.23	14.85	21.74	31.19	0.00	0.00
FBC	43	31.02	14.58	25.00	29.40	0.00	0.00
FBC	44	29.30	18.52	23.54	28.64	0.00	0.00
FBC	45	33.05	18.95	21.32	26.67	0.00	0.00
FBC	46	33.23	17.03	23.15	26.59	0.00	0.00
FBC	47	30.14	20.03	23.52	26.31	0.00	0.00
FBC	48	33.71	15.46	23.49	27.34	0.00	0.00
FBC	49	33.58	19.31	21.73	25.39	0.00	0.00
FBC	50	35.06	17.91	21.44	25.60	0.00	0.00
FBC	51	33.89	16.91	21.80	27.40	0.00	0.00
FBC	52	35.06	16.81	20.19	27.94	0.00	0.00
FBC	53	31.80	18.90	22.47	26.83	0.00	0.00
FBC	54	29.61	18.02	25.01	27.36	0.00	0.00
FBC	55	31.88	17.56	22.91	27.64	0.00	0.00
FBC	56	27.44	22.07	19.16	31.32	0.00	0.00
FBC	57	30.14	18.63	21.45	29.78	0.00	0.00
FBC	58	33.52	16.69	20.57	29.21	0.00	0.00
FBC	59	32.15	15.64	17.82	34.39	0.00	0.00
FBC	60	30.34	14.30	19.51	35.85	0.00	0.00
FBC	61	28.09	17.55	20.17	34.20	0.00	0.00
FBC	62	29.51	15.35	22.33	32.81	0.00	0.00
FBC	63	27.59	15.01	26.69	30.72	0.00	0.00
FBC	64	27.10	16.72	26.06	30.12	0.00	0.00
FBC	65	29.77	16.26	20.00	33.97	0.00	0.00
FBC	66	27.42	15.87	19.94	36.77	0.00	0.00
FBC	67	27.62	18.69	21.71	31.99	0.00	0.00
FBC	68	31.95	15.95	22.14	29.95	0.00	0.00
FBC	69	32.31	15.78	25.28	26.63	0.00	0.00
FBC	70	30.51	16.91	22.17	30.40	0.00	0.00
FBC	71	29.80	16.29	20.91	33.00	0.00	0.00
FBC	72	32.04	18.08	18.36	31.53	0.00	0.00
FBC	73	30.66	18.23	20.27	30.84	0.00	0.00
FBC	74	29.77	16.21	19.80	34.22	0.00	0.00
FBC	75	32.74	14.41	19.31	33.54	0.00	0.00
FBC	76	29.91	14.73	20.77	34.59	0.00	0.00
FBC	77	28.85	16.96	21.78	32.41	0.00	0.00
FBC	78	29.95	15.61	23.36	31.08	0.00	0.00
FBC	79	30.59	13.98	22.88	32.56	0.00	0.00
FBC	80	31.09	15.00	21.31	32.60	0.00	0.00
FBC	81	29.90	17.48	24.59	28.04	0.00	0.00
FBC	82	30.04	17.08	23.38	29.49	0.00	0.00
FBC	83	29.35	15.64	21.28	33.72	0.00	0.00
FBC	84	27.65	14.76	21.70	35.88	0.00	0.00
FBC	85	27.76	16.57	21.92	33.75	0.00	0.00
FBC	86	30.37	14.87	21.92	32.85	0.00	0.00
FBC	87	28.88	11.89	23.73	35.50	0.00	0.00
FBC	88	30.67	13.60	19.53	36.20	0.00	0.00
FBC	89	31.74	15.00	23.37	29.89	0.00	0.00
FBC	90	28.48	17.35	25.87	28.29	0.00	0.00
FBC	91	28.95	14.77	22.58	33.70	0.00	0.00
FBC	92	24.98	18.06	24.03	32.93	0.00	0.00
FBC	93	32.88	15.94	20.79	30.38	0.00	0.00
FBC	94	28.03	14.85	21.87	35.25	0.00	0.00
FBC	95	28.65	17.05	19.86	34.44	0.00	0.00
FBC	96	29.96	16.72	21.35	31.97	0.00	0.00
FBC	97	28.94	16.63	21.08	33.35	0.00	0.00
FBC	98	32.35	16.09	21.28	30.27	0.00	0.00
FBC	99	29.67	18.96	20.29	31.08	0.00	0.00
FBC	100	34.39	12.56	20.37	32.68	0.00	0.00
FBC	101	35.09	15.06	19.96	29.89	0.00	0.00
FBC	102	30.78	18.49	21.01	29.72	0.00	0.00
FBC	103	31.37	14.42	22.83	31.38	0.00	0.00
FBC	104	30.70	16.13	20.45	32.72	0.00	0.00
FBC	105	32.52	16.26	19.16	32.06	0.00	0.00
FBC	106	32.42	18.55	19.35	29.68	0.00	0.00
FBC	107	26.68	15.68	24.23	33.42	0.00	0.00
FBC	108	25.18	18.39	24.91	31.52	0.00	0.00
FBC	109	26.27	18.35	23.51	31.87	0.00	0.00
FBC	110	28.47	16.13	23.84	31.55	0.00	0.00
FBC	111	28.78	17.65	21.73	31.84	0.00	0.00
FBC	112	28.45	17.45	26.25	27.86	0.00	0.00
FBC	113	32.48	16.58	24.54	26.40	0.00	0.00
FBC	114	31.00	20.06	23.48	25.46	0.00	0.00
FBC	115	29.67	20.35	21.83	28.16	0.00	0.00
FBC	116	31.53	18.80	21.06	28.62	0.00	0.00
FBC	117	32.53	18.23	21.25	27.99	0.00	0.00
FBC	118	34.77	14.79	19.40	31.04	0.00	0.00
FBC	119	32.64	15.05	18.23	34.07	0.00	0.00
FBC	120	33.61	17.47	18.40	30.52	0.00	0.00
FBC	121	31.05	17.84	20.55	30.57	0.00	0.00
FBC	122	31.87	16.74	19.35	32.04	0.00	0.00
FBC	123	32.44	16.31	22.40	28.84	0.00	0.00
FBC	124	29.94	18.57	21.24	30.26	0.00	0.00
FBC	125	31.35	15.79	21.13	31.73	0.00	0.00
FBC	126	29.62	14.84	22.93	32.61	0.00	0.00
FBC	127	26.47	15.29	21.48	36.76	0.00	0.00
FBC	128	29.76	18.26	22.56	29.43	0.00	0.00
FBC	129	30.42	14.86	25.40	29.32	0.00	0.00
FBC	130	32.33	13.14	22.50	32.04	0.00	0.00
FBC	131	34.20	18.34	21.30	26.15	0.00	0.00
FBC	132	31.28	18.73	22.16	27.83	0.00	0.00
FBC	133	31.03	15.95	23.13	29.89	0.00	0.00
FBC	134	32.96	17.10	21.61	28.32	0.00	0.00
FBC	135	31.98	18.49	21.40	28.13	0.00	0.00
FBC	136	31.87	17.41	24.12	26.60	0.00	0.00
FBC	137	34.48	14.85	20.42	30.25	0.00	0.00
FBC	138	32.08	16.56	20.73	30.63	0.00	0.00
FBC	139	32.39	15.89	23.62	28.10	0.00	0.00
FBC	140	29.36	18.34	22.39	29.92	0.00	0.00
FBC	141	27.87	19.42	27.52	25.18	0.00	0.00
FBC	142	27.98	22.10	23.72	26.20	0.00	0.00
FBC	143	30.38	18.98	22.45	28.20	0.00	0.00
FBC	144	29.61	18.62	22.36	29.41	0.00	0.00
FBC	145	28.81	18.02	20.39	32.78	0.00	0.00
FBC	146	28.27	16.37	23.14	32.21	0.00	0.00
FBC	147	28.14	17.49	22.99	31.37	0.00	0.00
FBC	148	30.81	14.61	24.09	30.48	0.00	0.00
FBC	149	33.04	14.83	24.00	28.13	0.00	0.00
FBC	150	28.58	14.84	22.29	34.29	0.00	0.00
# ACGT content per cycle for last fragments. Use `grep ^LBC | cut -f 2-` to extract this part. The columns are: cycle; A,C,G,T base counts as a percentage of all A/C/G/T bases [%]; and N and O counts as a percentage of all A/C/G/T bases [%]
LBC	1	27.02	26.41	27.18	19.38	0.00	0.00
LBC	2	29.64	8.36	29.09	32.91	0.00	0.00
LBC	3	34.24	14.51	19.66	31.59	0.00	0.00
LBC	4	34.82	13.36	23.80	28.02	0.00	0.00
LBC	5	37.93	12.79	23.23	26.05	0.00	0.00
LBC	6	41.19	14.63	18.72	25.47	0.00	0.00
LBC	7	22.44	15.88	20.31	41.37	0.00	0.00
LBC	8	26.26	18.41	20.41	34.92	0.00	0.00
LBC	9	24.41	18.86	21.16	35.57	0.00	0.00
LBC	10	35.54	13.41	21.29	29.77	0.00	0.00
LBC	11	33.69	16.18	26.23	23.91	0.00	0.00
LBC	12	24.50	17.45	24.77	33.28	0.00	0.00
LBC	13	26.59	17.59	21.45	34.36	0.00	0.00
LBC	14	32.03	15.65	20.72	31.60	0.00	0.00
LBC	15	31.14	15.73	19.51	33.63	0.00	0.00
LBC	16	28.02	15.50	24.23	32.24	0.00	0.00
LBC	17	30.88	15.02	22.66	31.43	0.00	0.00
LBC	18	29.48	19.10	20.65	30.77	0.00	0.00
LBC	19	26.52	16.95	23.47	33.06	0.00	0.00
LBC	20	30.91	15.70	24.95	28.44	0.00	0.00
LBC	21	28.35	16.43	20.70	34.52	0.00	0.00
LBC	22	31.86	14.67	22.95	30.53	0.00	0.00
LBC	23	36.38	13.47	21.21	28.95	0.00	0.00
LBC	24	29.91	14.41	24.38	31.31	0.00	0.00
LBC	25	31.39	15.87	21.22	31.51	0.00	0.00
LBC	26	27.96	14.83	24.78	32.44	0.00	0.00
LBC	27	29.16	17.37	24.14	29.34	0.00	0.00
LBC	28	30.25	15.43	23.23	31.09	0.00	0.00
LBC	29	30.57	16.49	23.67	29.27	0.00	0.00
LBC	30	32.55	15.06	20.92	31.47	0.00	0.00
LBC	31	29.66	16.87	22.49	30.98	0.00	0.00
LBC	32	32.95	13.15	22.29	31.61	0.00	0.00
LBC	33	28.31	16.83	21.61	33.25	0.00	0.00
LBC	34	31.93	15.19	21.99	30.89	0.00	0.00
LBC	35	32.19	15.83	19.91	32.07	0.00	0.00
LBC	36	29.26	13.46	21.90	35.37	0.00	0.00
LBC	37	29.03	13.96	22.88	34.13	0.00	0.00
LBC	38	28.74	15.72	24.52	31.02	0.00	0.00
LBC	39	33.06	15.02	19.79	32.13	0.00	0.00
LBC	40	29.08	17.43	21.00	32.49	0.00	0.00
LBC	41	32.95	14.30	21.43	31.31	0.00	0.00
LBC	42	30.68	16.03	22.70	30.59	0.00	0.00
LBC	43	28.78	14.20	25.74	31.28	0.00	0.00
LBC	44	29.62	16.55	22.32	31.52	0.00	0.00
LBC	45	25.50	20.03	20.32	34.15	0.00	0.00
LBC	46	29.39	16.06	22.97	31.58	0.00	0.00
LBC	47	30.68	15.40	22.24	31.69	0.00	0.00
LBC	48	30.42	15.89	22.97	30.72	0.00	0.00
LBC	49	30.63	14.39	19.92	35.07	0.00	0.00
LBC	50	26.00	17.82	23.27	32.91	0.00	0.00
LBC	51	29.81	17.35	20.80	32.04	0.00	0.00
LBC	52	30.17	16.45	22.42	30.96	0.00	0.00
LBC	53	30.40	15.82	23.57	30.21	0.00	0.00
LBC	54	31.73	14.81	20.90	32.55	0.00	0.00
LBC	55	28.82	15.86	25.19	30.13	0.00	0.00
LBC	56	31.45	15.02	23.61	29.92	0.00	0.00
LBC	57	29.63	18.44	22.59	29.34	0.00	0.00
LBC	58	30.93	15.26	21.21	32.60	0.00	0.00
LBC	59	31.11	17.42	20.04	31.43	0.00	0.00
LBC	60	32.20	14.47	19.91	33.42	0.00	0.00
LBC	61	29.78	14.99	21.97	33.26	0.00	0.00
LBC	62	28.79	15.39	21.64	34.18	0.00	0.00
LBC	63	29.26	16.77	21.19	32.78	0.00	0.00
LBC	64	31.00	15.20	21.56	32.24	0.00	0.00
LBC	65	32.75	14.13	20.78	32.35	0.00	0.00
LBC	66	31.89	13.74	22.49	31.88	0.00	0.00
LBC	67	32.32	15.25	20.36	32.07	0.00	0.00
LBC	68	27.89	16.83	20.44	34.84	0.00	0.00
LBC	69	30.72	16.74	19.92	32.61	0.00	0.00
LBC	70	29.96	17.28	20.48	32.28	0.00	0.00
LBC	71	29.09	14.33	23.92	32.66	0.00	0.00
LBC	72	30.43	15.82	24.73	29.02	0.00	0.00
LBC	73	30.18	12.91	22.96	33.95	0.00	0.00
LBC	74	30.17	16.61	22.38	30.84	0.00	0.00
LBC	75	31.52	16.60	20.34	31.54	0.00	0.00
LBC	76	28.99	13.52	24.95	32.54	0.00	0.00
LBC	77	29.92	17.79	22.16	30.13	0.00	0.00
LBC	78	32.08	17.94	20.93	29.05	0.00	0.00
LBC	79	29.68	15.66	22.47	32.19	0.00	0.00
LBC	80	28.62	13.54	27.00	30.84	0.00	0.00
LBC	81	29.22	16.24	23.97	30.57	0.00	0.00
LBC	82	28.91	13.65	22.09	35.35	0.00	0.00
LBC	83	33.79	15.51	22.63	28.07	0.00	0.00
LBC	84	33.27	15.21	22.54	28.98	0.00	0.00
LBC	85	31.14	15.98	23.12	29.76	0.00	0.00
LBC	86	29.61	16.94	20.72	32.74	0.00	0.00
LBC	87	31.81	16.67	20.14	31.38	0.00	0.00
LBC	88	29.44	16.14	23.53	30.90	0.00	0.00
LBC	89	28.69	16.93	24.17	30.21	0.00	0.00
LBC	90	30.08	15.22	25.34	29.37	0.00	0.00
LBC	91	28.95	16.55	23.61	30.89	0.00	0.00
LBC	92	32.37	14.70	21.97	30.96	0.00	0.00
LBC	93	31.73	15.83	20.91	31.54	0.00	0.00
LBC	94	29.29	17.64	19.76	33.30	0.00	0.00
LBC	95	32.55	16.40	20.74	30.31	0.00	0.00
LBC	96	29.60	18.49	22.06	29.85	0.00	0.00
LBC	97	28.99	14.62	23.43	32.96	0.00	0.00
LBC	98	27.90	18.89	23.89	29.32	0.00	0.00
LBC	99	29.08	17.20	21.13	32.59	0.00	0.00
LBC	100	29.32	16.07	21.67	32.94	0.00	0.00
LBC	101	31.27	16.37	22.94	29.42	0.00	0.00
LBC	102	34.59	15.16	21.65	28.60	0.00	0.00
LBC	103	31.39	16.09	22.41	30.10	0.00	0.00
LBC	104	30.64	16.45	23.91	29.00	0.00	0.00
LBC	105	30.00	17.95	22.78	29.27	0.00	0.00
LBC	106	26.96	15.93	25.01	32.10	0.00	0.00
LBC	107	30.10	14.99	23.80	31.10	0.00	0.00
LBC	108	27.71	17.40	23.22	31.67	0.00	0.00
LBC	109	29.62	14.16	24.42	31.81	0.00	0.00
LBC	110	29.60	16.73	23.72	29.95	0.00	0.00
LBC	111	28.44	17.88	23.12	30.56	0.00	0.00
LBC	112	33.59	14.77	22.54	29.09	0.00	0.00
LBC	113	30.37	17.97	22.26	29.41	0.00	0.00
LBC	114	30.18	14.88	22.83	32.11	0.00	0.00
LBC	115	30.43	15.35	23.41	30.82	0.00	0.00
LBC	116	33.53	13.77	23.80	28.90	0.00	0.00
LBC	117	33.72	16.13	22.28	27.87	0.00	0.00
LBC	118	32.64	14.57	23.88	28.91	0.00	0.00
LBC	119	33.95	15.89	21.77	28.39	0.00	0.00
LBC	120	30.48	20.25	20.71	28.56	0.00	0.00
LBC	121	31.73	15.74	22.42	30.12	0.00	0.00
LBC	122	29.60	17.00	25.00	28.40	0.00	0.00
LBC	123	29.09	16.37	23.35	31.19	0.00	0.00
LBC	124	28.66	18.50	23.50	29.33	0.00	0.00
LBC	125	30.21	14.25	24.55	30.99	0.00	0.00
LBC	126	31.43	16.82	22.06	29.69	0.00	0.00
LBC	127	29.58	16.36	23.09	30.97	0.00	0.00
LBC	128	29.89	16.54	21.45	32.12	0.00	0.00
LBC	129	27.92	17.13	26.32	28.63	0.00	0.00
LBC	130	28.18	15.75	25.73	30.34	0.00	0.00
LBC	131	29.26	17.05	23.10	30.59	0.00	0.00
LBC	132	30.22	18.19	23.88	27.71	0.00	0.00
LBC	133	30.52	16.35	22.79	30.34	0.00	0.00
LBC	134	30.99	14.69	22.89	31.42	0.00	0.00
LBC	135	31.38	15.56	23.80	29.25	0.00	0.00
LBC	136	31.78	14.24	22.05	31.93	0.00	0.00
LBC	137	29.96	17.93	22.77	29.34	0.00	0.00
LBC	138	32.38	16.56	19.97	31.09	0.00	0.00
LBC	139	31.92	14.08	23.90	30.09	0.00	0.00
LBC	140	31.31	16.69	22.49	29.50	0.00	0.00
LBC	141	30.03	17.39	22.90	29.68	0.00	0.00
LBC	142	31.96	14.98	24.77	28.28	0.00	0.00
LBC	143	33.64	15.22	22.82	28.33	0.00	0.00
LBC	144	30.21	17.10	23.27	29.42	0.00	0.00
LBC	145	30.73	15.83	20.40	33.03	0.00	0.00
LBC	146	28.36	16.72	21.94	32.99	0.00	0.00
LBC	147	28.63	19.35	21.90	30.12	0.00	0.00
LBC	148	30.89	15.27	19.92	33.91	0.00	0.00
LBC	149	30.09	17.27	22.01	30.63	0.00	0.00
LBC	150	31.85	18.93	23.06	26.16	0.00	0.00
# Insert sizes. Use `grep ^IS | cut -f 2-` to extract this part. The columns are: insert size, pairs total, inward oriented pairs, outward oriented pairs, other pairs
IS	0	38	7	31	0
IS	1	0	0	0	0
IS	2	0	0	0	0
IS	3	0	0	0	0
IS	4	0	0	0	0
IS	5	0	0	0	0
IS	6	0	0	0	0
IS	7	0	0	0	0
IS	8	0	0	0	0
IS	9	0	0	0	0
IS	10	0	0	0	0
IS	11	0	0	0	0
IS	12	0	0	0	0
IS	13	0	0	0	0
IS	14	0	0	0	0
IS	15	0	0	0	0
IS	16	0	0	0	0
IS	17	0	0	0	0
IS	18	0	0	0	0
IS	19	0	0	0	0
IS	20	0	0	0	0
IS	21	0	0	0	0
IS	22	0	0	0	0
IS	23	0	0	0	0
IS	24	0	0	0	0
IS	25	0	0	0	0
IS	26	0	0	0	0
IS	27	0	0	0	0
IS	28	0	0	0	0
IS	29	0	0	0	0
IS	30	0	0	0	0
IS	31	0	0	0	0
IS	32	0	0	0	0
IS	33	0	0	0	0
IS	34	0	0	0	0
IS	35	0	0	0	0
IS	36	0	0	0	0
IS	37	0	0	0	0
IS	38	0	0	0	0
IS	39	0	0	0	0
IS	40	0	0	0	0
IS	41	0	0	0	0
IS	42	0	0	0	0
IS	43	0	0	0	0
IS	44	0	0	0	0
IS	45	0	0	0	0
IS	46	0	0	0	0
IS	47	0	0	0	0
IS	48	0	0	0	0
IS	49	0	0	0	0
IS	50	0	0	0	0
IS	51	0	0	0	0
IS	52	0	0	0	0
IS	53	0	0	0	0
IS	54	0	0	0	0
IS	55	0	0	0	0
IS	56	0	0	0	0
IS	57	0	0	0	0
IS	58	0	0	0	0
IS	59	0	0	0	0
IS	60	0	0	0	0
IS	61	0	0	0	0
IS	62	0	0	0	0
IS	63	0	0	0	0
IS	64	0	0	0	0
IS	65	0	0	0	0
IS	66	0	0	0	0
IS	67	0	0	0	0
IS	68	0	0	0	0
IS	69	0	0	0	0
IS	70	0	0	0	0
IS	71	0	0	0	0
IS	72	0	0	0	0
IS	73	0	0	0	0
IS	74	0	0	0	0
IS	75	0	0	0	0
IS	76	0	0	0	0
IS	77	0	0	0	0
IS	78	0	0	0	0
IS	79	0	0	0	0
IS	80	0	0	0	0
IS	81	0	0	0	0
IS	82	0	0	0	0
IS	83	0	0	0	0
IS	84	0	0	0	0
IS	85	0	0	0	0
IS	86	0	0	0	0
IS	87	0	0	0	0
IS	88	0	0	0	0
IS	89	0	0	0	0
IS	90	0	0	0	0
IS	91	0	0	0	0
IS	92	0	0	0	0
IS	93	0	0	0	0
IS	94	0	0	0	0
IS	95	0	0	0	0
IS	96	0	0	0	0
IS	97	0	0	0	0
IS	98	0	0	0	0
IS	99	0	0	0	0
IS	100	0	0	0	0
IS	101	0	0	0	0
IS	102	0	0	0	0
IS	103	0	0	0	0
IS	104	0	0	0	0
IS	105	0	0	0	0
IS	106	0	0	0	0
IS	107	0	0	0	0
IS	108	0	0	0	0
IS	109	0	0	0	0
IS	110	0	0	0	0
IS	111	0	0	0	0
IS	112	0	0	0	0
IS	113	0	0	0	0
IS	114	0	0	0	0
IS	115	0	0	0	0
IS	116	0	0	0	0
IS	117	0	0	0	0
IS	118	0	0	0	0
IS	119	0	0	0	0
IS	120	0	0	0	0
IS	121	0	0	0	0
IS	122	0	0	0	0
IS	123	0	0	0	0
IS	124	0	0	0	0
IS	125	0	0	0	0
IS	126	0	0	0	0
IS	127	0	0	0	0
IS	128	0	0	0	0
IS	129	0	0	0	0
IS	130	0	0	0	0
IS	131	0	0	0	0
IS	132	0	0	0	0
IS	133	0	0	0	0
IS	134	0	0	0	0
IS	135	0	0	0	0
IS	136	0	0	0	0
IS	137	0	0	0	0
IS	138	0	0	0	0
IS	139	0	0	0	0
IS	140	0	0	0	0
IS	141	0	0	0	0
IS	142	0	0	0	0
IS	143	0	0	0	0
IS	144	0	0	0	0
IS	145	0	0	0	0
IS	146	0	0	0	0
IS	147	0	0	0	0
IS	148	0	0	0	0
IS	149	0	0	0	0
IS	150	25	4	21	0
IS	151	186	41	145	0
IS	152	48	37	11	0
IS	153	54	42	12	0
IS	154	47	46	1	0
IS	155	24	20	4	0
IS	156	36	36	0	0
IS	157	35	32	3	0
IS	158	27	27	0	0
IS	159	40	40	0	0
IS	160	34	34	0	0
IS	161	34	34	0	0
IS	162	53	53	0	0
IS	163	36	36	0	0
IS	164	33	32	1	0
IS	165	71	65	6	0
IS	166	66	51	15	0
IS	167	52	39	13	0
IS	168	66	55	11	0
IS	169	61	53	8	0
IS	170	57	54	3	0
IS	171	54	53	1	0
IS	172	67	65	2	0
IS	173	54	43	11	0
IS	174	55	51	4	0
IS	175	76	76	0	0
IS	176	69	68	1	0
IS	177	45	44	1	0
IS	178	53	52	1	0
IS	179	62	62	0	0
IS	180	60	60	0	0
IS	181	90	90	0	0
IS	182	87	87	0	0
IS	183	70	70	0	0
IS	184	99	99	0	0
IS	185	69	69	0	0
IS	186	74	74	0	0
IS	187	102	102	0	0
IS	188	104	104	0	0
IS	189	113	113	0	0
IS	190	102	102	0	0
IS	191	102	102	0	0
IS	192	100	100	0	0
IS	193	104	104	0	0
IS	194	106	106	0	0
IS	195	93	93	0	0
IS	196	94	94	0	0
IS	197	100	100	0	0
IS	198	92	92	0	0
IS	199	110	110	0	0
IS	200	124	124	0	0
IS	201	118	118	0	0
IS	202	129	129	0	0
IS	203	119	119	0	0
IS	204	107	107	0	0
IS	205	99	99	0	0
IS	206	116	116	0	0
IS	207	160	160	0	0
IS	208	137	137	0	0
IS	209	132	132	0	0
IS	210	150	150	0	0
IS	211	138	138	0	0
IS	212	134	134	0	0
IS	213	136	136	0	0
IS	214	159	159	0	0
IS	215	153	153	0	0
IS	216	166	166	0	0
IS	217	171	171	0	0
IS	218	201	201	0	0
IS	219	192	192	0	0
IS	220	176	176	0	0
IS	221	179	179	0	0
IS	222	147	147	0	0
IS	223	156	156	0	0
IS	224	159	159	0	0
IS	225	139	139	0	0
IS	226	148	148	0	0
IS	227	162	162	0	0
IS	228	145	145	0	0
IS	229	150	150	0	0
IS	230	178	178	0	0
IS	231	193	193	0	0
IS	232	168	168	0	0
IS	233	163	163	0	0
IS	234	150	150	0	0
IS	235	190	190	0	0
IS	236	187	187	0	0
IS	237	182	182	0	0
IS	238	139	139	0	0
IS	239	174	174	0	0
IS	240	152	152	0	0
IS	241	145	145	0	0
IS	242	129	129	0	0
IS	243	149	149	0	0
IS	244	145	145	0	0
IS	245	117	117	0	0
IS	246	108	108	0	0
IS	247	117	117	0	0
IS	248	168	168	0	0
IS	249	139	139	0	0
IS	250	130	130	0	0
IS	251	107	107	0	0
IS	252	124	124	0	0
IS	253	125	125	0	0
IS	254	145	145	0	0
IS	255	144	144	0	0
IS	256	121	121	0	0
IS	257	129	129	0	0
IS	258	113	113	0	0
IS	259	142	142	0	0
IS	260	148	148	0	0
IS	261	138	138	0	0
IS	262	109	109	0	0
IS	263	130	130	0	0
IS	264	130	130	0	0
IS	265	116	116	0	0
IS	266	97	97	0	0
IS	267	121	121	0	0
IS	268	113	113	0	0
IS	269	99	99	0	0
IS	270	117	117	0	0
IS	271	143	143	0	0
IS	272	85	85	0	0
IS	273	123	123	0	0
IS	274	129	129	0	0
IS	275	110	110	0	0
IS	276	96	96	0	0
IS	277	102	102	0	0
IS	278	110	110	0	0
IS	279	109	109	0	0
IS	280	97	97	0	0
IS	281	97	97	0	0
IS	282	88	88	0	0
IS	283	90	90	0	0
IS	284	79	79	0	0
IS	285	107	107	0	0
IS	286	57	57	0	0
IS	287	77	77	0	0
IS	288	65	65	0	0
IS	289	68	68	0	0
IS	290	54	54	0	0
IS	291	57	57	0	0
IS	292	74	74	0	0
IS	293	69	69	0	0
IS	294	68	68	0	0
IS	295	45	45	0	0
IS	296	56	56	0	0
IS	297	80	80	0	0
IS	298	39	39	0	0
IS	299	54	54	0	0
IS	300	47	47	0	0
IS	301	57	57	0	0
IS	302	53	53	0	0
IS	303	73	73	0	0
IS	304	46	46	0	0
IS	305	33	33	0	0
IS	306	34	34	0	0
IS	307	39	39	0	0
IS	308	37	37	0	0
IS	309	57	57	0	0
IS	310	44	44	0	0
IS	311	44	44	0	0
IS	312	43	43	0	0
IS	313	27	27	0	0
IS	314	42	42	0	0
IS	315	31	31	0	0
IS	316	29	29	0	0
IS	317	37	37	0	0
IS	318	21	21	0	0
IS	319	38	38	0	0
IS	320	29	29	0	0
IS	321	33	33	0	0
IS	322	19	19	0	0
IS	323	26	26	0	0
IS	324	27	27	0	0
IS	325	30	30	0	0
IS	326	27	27	0	0
IS	327	25	25	0	0
IS	328	14	14	0	0
IS	329	30	30	0	0
IS	330	12	12	0	0
IS	331	17	17	0	0
IS	332	20	20	0	0
IS	333	20	20	0	0
IS	334	9	9	0	0
IS	335	11	11	0	0
IS	336	8	8	0	0
IS	337	15	15	0	0
IS	338	14	14	0	0
IS	339	18	18	0	0
IS	340	14	14	0	0
IS	341	5	5	0	0
IS	342	19	19	0	0
IS	343	12	12	0	0
IS	344	16	16	0	0
IS	345	14	14	0	0
IS	346	7	7	0	0
IS	347	13	13	0	0
IS	348	10	10	0	0
IS	349	8	8	0	0
IS	350	8	8	0	0
IS	351	10	10	0	0
IS	352	6	6	0	0
IS	353	8	8	0	0
IS	354	13	13	0	0
IS	355	3	3	0	0
IS	356	8	8	0	0
IS	357	6	6	0	0
IS	358	5	5	0	0
IS	359	6	6	0	0
IS	360	2	2	0	0
IS	361	5	5	0	0
IS	362	3	3	0	0
IS	363	7	7	0	0
IS	364	7	7	0	0
# Read lengths. Use `grep ^RL | cut -f 2-` to extract this part. The columns are: read length, count
RL	137	17
RL	138	19
RL	139	12
RL	140	12
RL	141	7
RL	142	20
RL	143	26
RL	144	11
RL	145	32
RL	146	109
RL	147	885
RL	149	12
RL	150	42834
# Read lengths - first fragments. Use `grep ^FRL | cut -f 2-` to extract this part. The columns are: read length, count
FRL	145	11
FRL	146	47
FRL	147	534
FRL	150	21034
# Read lengths - last fragments. Use `grep ^LRL | cut -f 2-` to extract this part. The columns are: read length, count
LRL	137	17
LRL	138	19
LRL	139	12
LRL	140	12
LRL	141	7
LRL	142	20
LRL	143	26
LRL	144	11
LRL	145	21
LRL	146	62
LRL	147	351
LRL	149	12
LRL	150	21800
# Indel distribution. Use `grep ^ID | cut -f 2-` to extract this part. The columns are: length, number of insertions, number of deletions
ID	1	18	128
ID	2	0	40
ID	3	0	3
# Indels per cycle. Use `grep ^IC | cut -f 2-` to extract this part. The columns are: cycle, number of insertions (fwd), .. (rev) , number of deletions (fwd), .. (rev)
IC	5	0	0	0	4
IC	6	0	0	0	1
IC	7	0	0	0	2
IC	15	0	0	0	2
IC	16	0	0	1	0
IC	23	0	1	0	0
IC	24	0	0	1	0
IC	25	0	0	0	1
IC	27	0	0	0	1
IC	28	1	0	1	0
IC	29	0	0	5	0
IC	30	0	0	1	1
IC	31	0	0	3	0
IC	32	0	0	0	1
IC	33	0	1	2	1
IC	34	0	0	2	0
IC	36	1	0	1	1
IC	37	1	0	0	0
IC	39	0	0	2	0
IC	41	2	0	0	0
IC	42	0	0	0	1
IC	43	0	0	4	0
IC	44	2	0	0	1
IC	46	0	0	1	0
IC	49	0	0	0	1
IC	50	0	0	1	0
IC	52	0	0	0	1
IC	53	0	0	2	0
IC	55	0	0	0	3
IC	56	0	0	0	1
IC	57	0	0	0	1
IC	58	0	0	0	1
IC	60	0	0	2	1
IC	61	0	0	1	0
IC	62	0	0	2	0
IC	63	0	0	0	3
IC	64	0	1	0	0
IC	65	0	0	0	2
IC	66	0	1	0	0
IC	68	0	0	0	1
IC	69	0	0	0	2
IC	70	0	0	0	2
IC	73	1	0	0	1
IC	74	0	0	1	1
IC	76	0	0	0	1
IC	77	0	0	3	3
IC	78	0	0	0	2
IC	80	0	0	0	3
IC	81	0	0	2	0
IC	83	0	0	1	1
IC	84	0	0	4	1
IC	85	0	0	1	0
IC	86	0	0	1	1
IC	87	0	0	0	2
IC	88	0	0	1	1
IC	89	0	0	1	1
IC	91	0	0	0	1
IC	92	0	0	1	0
IC	93	0	0	1	3
IC	94	0	0	1	0
IC	95	0	0	1	3
IC	96	0	1	1	3
IC	97	0	0	0	2
IC	98	1	0	0	0
IC	100	0	0	0	1
IC	101	0	0	3	0
IC	102	0	0	1	0
IC	103	1	0	1	0
IC	104	0	0	0	1
IC	105	1	0	0	0
IC	106	0	1	0	1
IC	107	0	0	0	3
IC	108	0	0	1	0
IC	109	0	0	3	2
IC	112	0	0	1	2
IC	113	0	0	1	0
IC	116	0	0	2	2
IC	117	0	0	2	2
IC	118	0	0	2	0
IC	119	0	0	0	1
IC	120	0	0	4	0
IC	123	0	0	1	0
IC	124	0	1	1	1
IC	126	0	0	2	4
IC	128	0	0	0	1
IC	132	0	0	2	0
IC	133	0	0	1	0
IC	143	0	0	1	0
IC	144	0	0	2	0
IC	145	0	0	1	0
# Coverage distribution. Use `grep ^COV | cut -f 2-` to extract this part.
COV	[1-1]	1	40
COV	[2-2]	2	89
COV	[3-3]	3	130
COV	[4-4]	4	81
COV	[5-5]	5	117
COV	[6-6]	6	106
COV	[7-7]	7	65
COV	[8-8]	8	189
COV	[9-9]	9	17
COV	[10-10]	10	2
COV	[11-11]	11	22
COV	[12-12]	12	12
COV	[13-13]	13	5
COV	[14-14]	14	8
COV	[15-15]	15	16
COV	[16-16]	16	4
COV	[17-17]	17	3
COV	[19-19]	19	3
COV	[20-20]	20	2
COV	[21-21]	21	4
COV	[22-22]	22	25
COV	[23-23]	23	1
COV	[24-24]	24	5
COV	[25-25]	25	8
COV	[26-26]	26	8
COV	[29-29]	29	2
COV	[30-30]	30	4
COV	[31-31]	31	5
COV	[32-32]	32	1
COV	[34-34]	34	2
COV	[35-35]	35	1
COV	[36-36]	36	2
COV	[37-37]	37	3
COV	[38-38]	38	3
COV	[39-39]	39	3
COV	[40-40]	40	8
COV	[41-41]	41	7
COV	[42-42]	42	4
COV	[43-43]	43	14
COV	[44-44]	44	6
COV	[45-45]	45	1
COV	[46-46]	46	25
COV	[47-47]	47	5
COV	[48-48]	48	2
COV	[49-49]	49	1
COV	[50-50]	50	2
COV	[51-51]	51	4
COV	[52-52]	52	8
COV	[53-53]	53	4
COV	[54-54]	54	8
COV	[55-55]	55	9
COV	[56-56]	56	10
COV	[57-57]	57	7
COV	[58-58]	58	5
COV	[59-59]	59	7
COV	[60-60]	60	22
COV	[61-61]	61	7
COV	[62-62]	62	15
COV	[63-63]	63	3
COV	[64-64]	64	3
COV	[65-65]	65	9
COV	[66-66]	66	10
COV	[67-67]	67	8
COV	[69-69]	69	3
COV	[70-70]	70	2
COV	[71-71]	71	2
COV	[72-72]	72	1
COV	[73-73]	73	3
COV	[75-75]	75	1
COV	[76-76]	76	1
COV	[77-77]	77	2
COV	[78-78]	78	1
COV	[80-80]	80	1
COV	[81-81]	81	2
COV	[82-82]	82	2
COV	[83-83]	83	3
COV	[84-84]	84	6
COV	[85-85]	85	3
COV	[86-86]	86	4
COV	[87-87]	87	3
COV	[88-88]	88	6
COV	[89-89]	89	2
COV	[91-91]	91	3
COV	[93-93]	93	9
COV	[95-95]	95	2
COV	[96-96]	96	1
COV	[97-97]	97	2
COV	[99-99]	99	3
COV	[100-100]	100	2
COV	[101-101]	101	1
COV	[102-102]	102	4
COV	[104-104]	104	4
COV	[105-105]	105	4
COV	[106-106]	106	2
COV	[107-107]	107	1
COV	[108-108]	108	9
COV	[110-110]	110	1
COV	[111-111]	111	1
COV	[112-112]	112	1
COV	[113-113]	113	3
COV	[115-115]	115	6
COV	[116-116]	116	3
COV	[117-117]	117	1
COV	[118-118]	118	1
COV	[119-119]	119	1
COV	[120-120]	120	3
COV	[121-121]	121	2
COV	[123-123]	123	2
COV	[124-124]	124	1
COV	[127-127]	127	3
COV	[128-128]	128	1
COV	[129-129]	129	4
COV	[131-131]	131	2
COV	[132-132]	132	2
COV	[134-134]	134	1
COV	[136-136]	136	3
COV	[137-137]	137	1
COV	[139-139]	139	2
COV	[140-140]	140	2
COV	[142-142]	142	4
COV	[143-143]	143	4
COV	[144-144]	144	2
COV	[145-145]	145	1
COV	[146-146]	146	2
COV	[147-147]	147	4
COV	[148-148]	148	6
COV	[149-149]	149	3
COV	[151-151]	151	2
COV	[152-152]	152	1
COV	[153-153]	153	2
COV	[154-154]	154	2
COV	[156-156]	156	1
COV	[157-157]	157	5
COV	[159-159]	159	3
COV	[160-160]	160	8
COV	[161-161]	161	1
COV	[162-162]	162	1
COV	[163-163]	163	6
COV	[164-164]	164	5
COV	[166-166]	166	2
COV	[167-167]	167	1
COV	[168-168]	168	4
COV	[169-169]	169	6
COV	[170-170]	170	2
COV	[171-171]	171	3
COV	[172-172]	172	2
COV	[173-173]	173	1
COV	[176-176]	176	1
COV	[177-177]	177	1
COV	[178-178]	178	1
COV	[179-179]	179	1
COV	[180-180]	180	1
COV	[181-181]	181	3
COV	[182-182]	182	1
COV	[183-183]	183	4
COV	[184-184]	184	2
COV	[185-185]	185	1
COV	[189-189]	189	1
COV	[192-192]	192	1
COV	[193-193]	193	3
COV	[194-194]	194	7
COV	[195-195]	195	8
COV	[196-196]	196	7
COV	[197-197]	197	2
COV	[198-198]	198	3
COV	[199-199]	199	1
COV	[200-200]	200	1
COV	[201-201]	201	1
COV	[202-202]	202	1
COV	[203-203]	203	1
COV	[205-205]	205	2
COV	[209-209]	209	1
COV	[210-210]	210	2
COV	[212-212]	212	1
COV	[213-213]	213	1
COV	[214-214]	214	1
COV	[220-220]	220	1
COV	[222-222]	222	2
COV	[223-223]	223	2
COV	[224-224]	224	2
COV	[225-225]	225	3
COV	[226-226]	226	2
COV	[227-227]	227	1
COV	[229-229]	229	2
COV	[230-230]	230	2
COV	[231-231]	231	4
COV	[232-232]	232	2
COV	[233-233]	233	2
COV	[234-234]	234	4
COV	[235-235]	235	5
COV	[236-236]	236	2
COV	[237-237]	237	3
COV	[238-238]	238	2
COV	[239-239]	239	5
COV	[241-241]	241	3
COV	[242-242]	242	9
COV	[243-243]	243	7
COV	[244-244]	244	5
COV	[245-245]	245	6
COV	[246-246]	246	5
COV	[247-247]	247	2
COV	[248-248]	248	3
COV	[249-249]	249	6
COV	[250-250]	250	2
COV	[251-251]	251	1
COV	[252-252]	252	3
COV	[254-254]	254	2
COV	[255-255]	255	2
COV	[256-256]	256	5
COV	[257-257]	257	3
COV	[258-258]	258	1
COV	[259-259]	259	4
COV	[260-260]	260	1
COV	[263-263]	263	2
COV	[265-265]	265	3
COV	[268-268]	268	1
COV	[269-269]	269	1
COV	[270-270]	270	1
COV	[271-271]	271	2
COV	[273-273]	273	3
COV	[274-274]	274	11
COV	[275-275]	275	2
COV	[276-276]	276	4
COV	[277-277]	277	4
COV	[278-278]	278	1
COV	[279-279]	279	2
COV	[280-280]	280	4
COV	[281-281]	281	1
COV	[282-282]	282	3
COV	[284-284]	284	1
COV	[286-286]	286	1
COV	[287-287]	287	2
COV	[289-289]	289	2
COV	[290-290]	290	1
COV	[291-291]	291	3
COV	[293-293]	293	2
COV	[294-294]	294	3
COV	[295-295]	295	4
COV	[296-296]	296	1
COV	[297-297]	297	1
COV	[298-298]	298	1
COV	[299-299]	299	3
COV	[301-301]	301	2
COV	[303-303]	303	1
COV	[304-304]	304	1
COV	[305-305]	305	1
COV	[306-306]	306	1
COV	[307-307]	307	2
COV	[308-308]	308	10
COV	[310-310]	310	1
COV	[312-312]	312	2
COV	[313-313]	313	5
COV	[314-314]	314	2
COV	[315-315]	315	2
COV	[317-317]	317	1
COV	[318-318]	318	1
COV	[319-319]	319	1
COV	[320-320]	320	2
COV	[321-321]	321	1
COV	[322-322]	322	4
COV	[323-323]	323	5
COV	[324-324]	324	5
COV	[325-325]	325	3
COV	[326-326]	326	3
COV	[327-327]	327	3
COV	[328-328]	328	6
COV	[329-329]	329	4
COV	[330-330]	330	1
COV	[331-331]	331	1
COV	[332-332]	332	3
COV	[333-333]	333	4
COV	[334-334]	334	2
COV	[336-336]	336	2
COV	[338-338]	338	2
COV	[339-339]	339	1
COV	[341-341]	341	2
COV	[342-342]	342	5
COV	[343-343]	343	1
COV	[344-344]	344	5
COV	[345-345]	345	3
COV	[347-347]	347	1
COV	[348-348]	348	3
COV	[350-350]	350	2
COV	[351-351]	351	1
COV	[352-352]	352	2
COV	[353-353]	353	1
COV	[356-356]	356	1
COV	[359-359]	359	2
COV	[361-361]	361	1
COV	[362-362]	362	3
COV	[363-363]	363	1
COV	[364-364]	364	1
COV	[365-365]	365	1
COV	[368-368]	368	2
COV	[369-369]	369	1
COV	[370-370]	370	3
COV	[371-371]	371	2
COV	[374-374]	374	1
COV	[375-375]	375	2
COV	[376-376]	376	3
COV	[377-377]	377	2
COV	[378-378]	378	7
COV	[379-379]	379	1
COV	[380-380]	380	3
COV	[381-381]	381	3
COV	[382-382]	382	3
COV	[383-383]	383	5
COV	[384-384]	384	1
COV	[385-385]	385	3
COV	[386-386]	386	9
COV	[387-387]	387	1
COV	[388-388]	388	7
COV	[389-389]	389	2
COV	[390-390]	390	2
COV	[391-391]	391	8
COV	[392-392]	392	6
COV	[393-393]	393	8
COV	[394-394]	394	3
COV	[395-395]	395	4
COV	[396-396]	396	3
COV	[397-397]	397	5
COV	[398-398]	398	3
COV	[399-399]	399	5
COV	[400-400]	400	4
COV	[401-401]	401	3
COV	[402-402]	402	5
COV	[403-403]	403	5
COV	[404-404]	404	5
COV	[405-405]	405	7
COV	[406-406]	406	5
COV	[407-407]	407	5
COV	[408-408]	408	2
COV	[409-409]	409	4
COV	[410-410]	410	3
COV	[411-411]	411	3
COV	[412-412]	412	3
COV	[413-413]	413	3
COV	[414-414]	414	3
COV	[415-415]	415	6
COV	[416-416]	416	3
COV	[417-417]	417	3
COV	[418-418]	418	4
COV	[419-419]	419	2
COV	[420-420]	420	4
COV	[421-421]	421	1
COV	[422-422]	422	1
COV	[423-423]	423	1
COV	[424-424]	424	2
COV	[425-425]	425	3
COV	[427-427]	427	2
COV	[428-428]	428	1
COV	[429-429]	429	3
COV	[430-430]	430	1
COV	[431-431]	431	5
COV	[432-432]	432	1
COV	[433-433]	433	4
COV	[434-434]	434	2
COV	[435-435]	435	3
COV	[436-436]	436	2
COV	[438-438]	438	5
COV	[439-439]	439	2
COV	[440-440]	440	3
COV	[441-441]	441	8
COV	[442-442]	442	12
COV	[443-443]	443	2
COV	[444-444]	444	4
COV	[445-445]	445	1
COV	[446-446]	446	1
COV	[447-447]	447	3
COV	[448-448]	448	3
COV	[449-449]	449	2
COV	[450-450]	450	7
COV	[451-451]	451	4
COV	[452-452]	452	7
COV	[454-454]	454	4
COV	[455-455]	455	2
COV	[456-456]	456	1
COV	[457-457]	457	1
COV	[458-458]	458	8
COV	[459-459]	459	4
COV	[460-460]	460	4
COV	[461-461]	461	5
COV	[462-462]	462	2
COV	[463-463]	463	3
COV	[464-464]	464	9
COV	[465-465]	465	9
COV	[466-466]	466	6
COV	[467-467]	467	5
COV	[468-468]	468	10
COV	[469-469]	469	6
COV	[470-470]	470	3
COV	[471-471]	471	8
COV	[472-472]	472	4
COV	[473-473]	473	6
COV	[474-474]	474	2
COV	[475-475]	475	5
COV	[476-476]	476	5
COV	[477-477]	477	3
COV	[478-478]	478	5
COV	[479-479]	479	6
COV	[480-480]	480	7
COV	[481-481]	481	6
COV	[482-482]	482	3
COV	[483-483]	483	2
COV	[484-484]	484	1
COV	[485-485]	485	2
COV	[486-486]	486	2
COV	[487-487]	487	4
COV	[488-488]	488	3
COV	[489-489]	489	2
COV	[491-491]	491	5
COV	[492-492]	492	5
COV	[493-493]	493	6
COV	[494-494]	494	4
COV	[496-496]	496	7
COV	[497-497]	497	4
COV	[498-498]	498	6
COV	[499-499]	499	3
COV	[500-500]	500	3
COV	[501-501]	501	4
COV	[502-502]	502	4
COV	[503-503]	503	2
COV	[505-505]	505	2
COV	[506-506]	506	2
COV	[507-507]	507	1
COV	[508-508]	508	3
COV	[509-509]	509	2
COV	[512-512]	512	1
COV	[515-515]	515	1
COV	[516-516]	516	4
COV	[517-517]	517	2
COV	[518-518]	518	2
COV	[520-520]	520	1
COV	[521-521]	521	4
COV	[522-522]	522	5
COV	[523-523]	523	3
COV	[524-524]	524	2
COV	[525-525]	525	3
COV	[526-526]	526	4
COV	[527-527]	527	6
COV	[528-528]	528	7
COV	[529-529]	529	2
COV	[530-530]	530	1
COV	[531-531]	531	1
COV	[532-532]	532	4
COV	[533-533]	533	3
COV	[534-534]	534	1
COV	[535-535]	535	2
COV	[536-536]	536	5
COV	[537-537]	537	3
COV	[538-538]	538	2
COV	[539-539]	539	1
COV	[540-540]	540	6
COV	[542-542]	542	1
COV	[543-543]	543	1
COV	[544-544]	544	3
COV	[546-546]	546	1
COV	[547-547]	547	2
COV	[548-548]	548	1
COV	[549-549]	549	3
COV	[550-550]	550	1
COV	[551-551]	551	5
COV	[552-552]	552	2
COV	[553-553]	553	3
COV	[554-554]	554	3
COV	[555-555]	555	2
COV	[556-556]	556	5
COV	[557-557]	557	3
COV	[558-558]	558	6
COV	[559-559]	559	1
COV	[560-560]	560	1
COV	[561-561]	561	3
COV	[562-562]	562	1
COV	[563-563]	563	3
COV	[565-565]	565	5
COV	[566-566]	566	2
COV	[567-567]	567	2
COV	[568-568]	568	3
COV	[569-569]	569	1
COV	[570-570]	570	3
COV	[571-571]	571	1
COV	[572-572]	572	2
COV	[574-574]	574	5
COV	[575-575]	575	1
COV	[576-576]	576	3
COV	[577-577]	577	3
COV	[578-578]	578	2
COV	[579-579]	579	4
COV	[580-580]	580	2
COV	[581-581]	581	2
COV	[582-582]	582	6
COV	[583-583]	583	4
COV	[584-584]	584	2
COV	[585-585]	585	1
COV	[586-586]	586	5
COV	[587-587]	587	1
COV	[588-588]	588	1
COV	[589-589]	589	1
COV	[590-590]	590	3
COV	[591-591]	591	1
COV	[592-592]	592	2
COV	[593-593]	593	1
COV	[594-594]	594	1
COV	[595-595]	595	2
COV	[596-596]	596	1
COV	[598-598]	598	1
COV	[599-599]	599	3
COV	[600-600]	600	3
COV	[601-601]	601	4
COV	[603-603]	603	2
COV	[604-604]	604	3
COV	[606-606]	606	3
COV	[607-607]	607	4
COV	[608-608]	608	1
COV	[609-609]	609	1
COV	[610-610]	610	3
COV	[611-611]	611	1
COV	[612-612]	612	2
COV	[613-613]	613	3
COV	[614-614]	614	3
COV	[615-615]	615	2
COV	[616-616]	616	3
COV	[617-617]	617	1
COV	[618-618]	618	2
COV	[619-619]	619	3
COV	[620-620]	620	4
COV	[621-621]	621	4
COV	[623-623]	623	5
COV	[624-624]	624	1
COV	[625-625]	625	5
COV	[626-626]	626	3
COV	[627-627]	627	3
COV	[628-628]	628	6
COV	[629-629]	629	2
COV	[630-630]	630	5
COV	[631-631]	631	6
COV	[632-632]	632	3
COV	[633-633]	633	1
COV	[635-635]	635	3
COV	[636-636]	636	2
COV	[637-637]	637	4
COV	[638-638]	638	1
COV	[639-639]	639	2
COV	[640-640]	640	3
COV	[641-641]	641	4
COV	[642-642]	642	3
COV	[643-643]	643	1
COV	[644-644]	644	2
COV	[645-645]	645	2
COV	[646-646]	646	1
COV	[647-647]	647	1
COV	[649-649]	649	1
COV	[650-650]	650	3
COV	[651-651]	651	4
COV	[652-652]	652	1
COV	[653-653]	653	3
COV	[654-654]	654	4
COV	[655-655]	655	4
COV	[656-656]	656	1
COV	[657-657]	657	1
COV	[658-658]	658	1
COV	[660-660]	660	2
COV	[661-661]	661	1
COV	[662-662]	662	2
COV	[663-663]	663	2
COV	[664-664]	664	1
COV	[666-666]	666	3
COV	[667-667]	667	1
COV	[668-668]	668	2
COV	[669-669]	669	5
COV	[670-670]	670	2
COV	[671-671]	671	2
COV	[672-672]	672	2
COV	[673-673]	673	2
COV	[674-674]	674	1
COV	[675-675]	675	3
COV	[676-676]	676	6
COV	[677-677]	677	8
COV	[678-678]	678	1
COV	[679-679]	679	2
COV	[680-680]	680	3
COV	[681-681]	681	2
COV	[682-682]	682	4
COV	[683-683]	683	4
COV	[684-684]	684	4
COV	[685-685]	685	4
COV	[686-686]	686	3
COV	[687-687]	687	4
COV	[688-688]	688	5
COV	[689-689]	689	4
COV	[690-690]	690	3
COV	[691-691]	691	2
COV	[692-692]	692	4
COV	[693-693]	693	3
COV	[694-694]	694	3
COV	[695-695]	695	7
COV	[696-696]	696	3
COV	[697-697]	697	2
COV	[698-698]	698	2
COV	[699-699]	699	2
COV	[700-700]	700	5
COV	[701-701]	701	5
COV	[702-702]	702	4
COV	[703-703]	703	6
COV	[704-704]	704	5
COV	[705-705]	705	4
COV	[706-706]	706	8
COV	[707-707]	707	4
COV	[708-708]	708	8
COV	[710-710]	710	4
COV	[711-711]	711	1
COV	[712-712]	712	2
COV	[713-713]	713	4
COV	[714-714]	714	1
COV	[715-715]	715	3
COV	[716-716]	716	4
COV	[717-717]	717	2
COV	[718-718]	718	8
COV	[719-719]	719	10
COV	[720-720]	720	1
COV	[721-721]	721	5
COV	[722-722]	722	4
COV	[723-723]	723	2
COV	[724-724]	724	1
COV	[725-725]	725	4
COV	[726-726]	726	3
COV	[727-727]	727	4
COV	[728-728]	728	3
COV	[729-729]	729	5
COV	[730-730]	730	1
COV	[731-731]	731	5
COV	[732-732]	732	7
COV	[733-733]	733	1
COV	[734-734]	734	1
COV	[735-735]	735	6
COV	[737-737]	737	2
COV	[739-739]	739	1
COV	[740-740]	740	4
COV	[741-741]	741	6
COV	[742-742]	742	3
COV	[743-743]	743	7
COV	[744-744]	744	3
COV	[745-745]	745	9
COV	[746-746]	746	2
COV	[747-747]	747	3
COV	[748-748]	748	6
COV	[749-749]	749	2
COV	[750-750]	750	4
COV	[751-751]	751	1
COV	[752-752]	752	1
COV	[753-753]	753	3
COV	[754-754]	754	2
COV	[755-755]	755	1
COV	[756-756]	756	4
COV	[757-757]	757	3
COV	[758-758]	758	3
COV	[759-759]	759	4
COV	[760-760]	760	6
COV	[761-761]	761	5
COV	[762-762]	762	2
COV	[763-763]	763	3
COV	[764-764]	764	4
COV	[765-765]	765	6
COV	[766-766]	766	5
COV	[767-767]	767	2
COV	[768-768]	768	3
COV	[769-769]	769	2
COV	[771-771]	771	4
COV	[772-772]	772	2
COV	[773-773]	773	2
COV	[774-774]	774	4
COV	[775-775]	775	5
COV	[776-776]	776	4
COV	[777-777]	777	3
COV	[778-778]	778	5
COV	[779-779]	779	4
COV	[780-780]	780	1
COV	[781-781]	781	4
COV	[782-782]	782	2
COV	[783-783]	783	7
COV	[784-784]	784	4
COV	[785-785]	785	4
COV	[786-786]	786	6
COV	[787-787]	787	10
COV	[788-788]	788	1
COV	[789-789]	789	3
COV	[790-790]	790	5
COV	[791-791]	791	7
COV	[792-792]	792	4
COV	[793-793]	793	2
COV	[794-794]	794	1
COV	[795-795]	795	6
COV	[796-796]	796	4
COV	[797-797]	797	2
COV	[798-798]	798	7
COV	[799-799]	799	5
COV	[800-800]	800	3
COV	[801-801]	801	9
COV	[802-802]	802	6
COV	[803-803]	803	2
COV	[804-804]	804	7
COV	[805-805]	805	1
COV	[806-806]	806	4
COV	[807-807]	807	5
COV	[808-808]	808	4
COV	[809-809]	809	4
COV	[810-810]	810	2
COV	[811-811]	811	2
COV	[812-812]	812	5
COV	[813-813]	813	3
COV	[814-814]	814	1
COV	[815-815]	815	4
COV	[816-816]	816	7
COV	[817-817]	817	9
COV	[818-818]	818	4
COV	[819-819]	819	1
COV	[820-820]	820	7
COV	[821-821]	821	2
COV	[822-822]	822	1
COV	[823-823]	823	2
COV	[824-824]	824	4
COV	[825-825]	825	2
COV	[826-826]	826	1
COV	[827-827]	827	3
COV	[828-828]	828	2
COV	[829-829]	829	5
COV	[830-830]	830	3
COV	[831-831]	831	3
COV	[832-832]	832	1
COV	[833-833]	833	2
COV	[834-834]	834	5
COV	[835-835]	835	3
COV	[836-836]	836	3
COV	[837-837]	837	4
COV	[838-838]	838	3
COV	[839-839]	839	1
COV	[840-840]	840	3
COV	[842-842]	842	4
COV	[843-843]	843	2
COV	[844-844]	844	3
COV	[845-845]	845	1
COV	[847-847]	847	2
COV	[848-848]	848	1
COV	[849-849]	849	1
COV	[851-851]	851	5
COV	[852-852]	852	2
COV	[854-854]	854	2
COV	[855-855]	855	2
COV	[856-856]	856	1
COV	[857-857]	857	7
COV	[858-858]	858	2
COV	[859-859]	859	8
COV	[860-860]	860	2
COV	[861-861]	861	7
COV	[862-862]	862	4
COV	[863-863]	863	3
COV	[864-864]	864	2
COV	[865-865]	865	3
COV	[867-867]	867	3
COV	[868-868]	868	1
COV	[869-869]	869	3
COV	[870-870]	870	5
COV	[871-871]	871	2
COV	[872-872]	872	2
COV	[873-873]	873	2
COV	[874-874]	874	2
COV	[875-875]	875	6
COV	[877-877]	877	3
COV	[878-878]	878	7
COV	[879-879]	879	5
COV	[880-880]	880	1
COV	[881-881]	881	3
COV	[883-883]	883	3
COV	[884-884]	884	7
COV	[885-885]	885	4
COV	[886-886]	886	3
COV	[887-887]	887	1
COV	[888-888]	888	2
COV	[889-889]	889	3
COV	[890-890]	890	2
COV	[891-891]	891	4
COV	[892-892]	892	2
COV	[895-895]	895	3
COV	[896-896]	896	1
COV	[897-897]	897	3
COV	[898-898]	898	14
COV	[899-899]	899	6
COV	[900-900]	900	3
COV	[901-901]	901	4
COV	[902-902]	902	2
COV	[903-903]	903	1
COV	[904-904]	904	4
COV	[905-905]	905	1
COV	[906-906]	906	5
COV	[907-907]	907	4
COV	[908-908]	908	4
COV	[909-909]	909	4
COV	[910-910]	910	2
COV	[911-911]	911	1
COV	[912-912]	912	6
COV	[914-914]	914	1
COV	[915-915]	915	2
COV	[916-916]	916	1
COV	[917-917]	917	1
COV	[918-918]	918	8
COV	[919-919]	919	3
COV	[921-921]	921	1
COV	[922-922]	922	2
COV	[923-923]	923	1
COV	[924-924]	924	1
COV	[926-926]	926	3
COV	[927-927]	927	2
COV	[928-928]	928	2
COV	[929-929]	929	2
COV	[930-930]	930	1
COV	[931-931]	931	1
COV	[933-933]	933	4
COV	[934-934]	934	3
COV	[935-935]	935	1
COV	[937-937]	937	2
COV	[938-938]	938	3
COV	[939-939]	939	2
COV	[940-940]	940	1
COV	[941-941]	941	4
COV	[942-942]	942	2
COV	[943-943]	943	2
COV	[944-944]	944	4
COV	[945-945]	945	1
COV	[946-946]	946	5
COV	[947-947]	947	2
COV	[948-948]	948	1
COV	[949-949]	949	2
COV	[950-950]	950	2
COV	[951-951]	951	1
COV	[952-952]	952	4
COV	[953-953]	953	1
COV	[954-954]	954	1
COV	[955-955]	955	2
COV	[958-958]	958	1
COV	[959-959]	959	1
COV	[960-960]	960	3
COV	[962-962]	962	2
COV	[963-963]	963	1
COV	[964-964]	964	2
COV	[965-965]	965	5
COV	[968-968]	968	2
COV	[969-969]	969	4
COV	[970-970]	970	1
COV	[972-972]	972	4
COV	[973-973]	973	4
COV	[976-976]	976	1
COV	[977-977]	977	2
COV	[978-978]	978	2
COV	[980-980]	980	2
COV	[982-982]	982	4
COV	[983-983]	983	1
COV	[984-984]	984	1
COV	[986-986]	986	1
COV	[988-988]	988	1
COV	[990-990]	990	5
COV	[992-992]	992	1
COV	[996-996]	996	3
COV	[998-998]	998	2
COV	[999-999]	999	4
COV	[1000-1000]	1000	2
COV	[1000<]	1000	1731
# GC-depth. Use `grep ^GCD | cut -f 2-` to extract this part. The columns are: GC%, unique sequence percentiles, 10th, 25th, 50th, 75th and 90th depth percentile
GCD	0.0	100.000	0.000	0.000	0.000	0.000	0.000
