# This file was produced by samtools stats (1.9+htslib-1.9) and can be plotted using plot-bamstats
# This file contains statistics for all reads.
# The command line was:  stats -@ 20 amelRNA_2/amelRNA_2_dwv.bam
# CHK, Checksum	[2]Read Names	[3]Sequences	[4]Qualities
# CHK, CRC32 of reads which passed filtering followed by addition (32bit overflow)
CHK	2a881501	e6991eed	56c33759
# Summary Numbers. Use `grep ^SN | cut -f 2-` to extract this part.
SN	raw total sequences:	131030
SN	filtered sequences:	0
SN	sequences:	131030
SN	is sorted:	1
SN	1st fragments:	63943
SN	last fragments:	67087
SN	reads mapped:	126773
SN	reads mapped and paired:	122516	# paired-end technology bit set + both mates mapped
SN	reads unmapped:	4257
SN	reads properly paired:	114792	# proper-pair bit set
SN	reads paired:	131030	# paired-end technology bit set
SN	reads duplicated:	0	# PCR or optical duplicate bit set
SN	reads MQ0:	1235	# mapped and MQ=0
SN	reads QC failed:	0
SN	non-primary alignments:	1240
SN	total length:	19637589	# ignores clipping
SN	total first fragment length:	9584812	# ignores clipping
SN	total last fragment length:	10052777	# ignores clipping
SN	bases mapped:	18999290	# ignores clipping
SN	bases mapped (cigar):	18910895	# more accurate
SN	bases trimmed:	0
SN	bases duplicated:	0
SN	mismatches:	308421	# from NM fields
SN	error rate:	1.630917e-02	# mismatches / bases mapped (cigar)
SN	average length:	149
SN	average first fragment length:	150
SN	average last fragment length:	150
SN	maximum length:	150
SN	maximum first fragment length:	150
SN	maximum last fragment length:	150
SN	average quality:	36.3
SN	insert size average:	235.3
SN	insert size standard deviation:	42.8
SN	inward oriented pairs:	56941
SN	outward oriented pairs:	882
SN	pairs with other orientation:	5
SN	pairs on different chromosomes:	3430
SN	percentage of properly paired reads (%):	87.6
# First Fragment Qualities. Use `grep ^FFQ | cut -f 2-` to extract this part.
# Columns correspond to qualities and rows to cycles. First column is the cycle number.
FFQ	1	0	0	0	0	0	0	0	0	0	0	0	449	0	0	0	0	0	0	0	0	0	0	0	0	0	845	0	0	0	0	0	0	0	0	0	0	0	62649	0
FFQ	2	0	0	1	0	0	0	0	0	0	0	0	451	0	0	0	0	0	0	0	0	0	0	0	0	0	907	0	0	0	0	0	0	0	0	0	0	0	62584	0
FFQ	3	0	0	3	0	0	0	0	0	0	0	0	387	0	0	0	0	0	0	0	0	0	0	0	0	0	794	0	0	0	0	0	0	0	0	0	0	0	62759	0
FFQ	4	0	0	0	0	0	0	0	0	0	0	0	344	0	0	0	0	0	0	0	0	0	0	0	0	0	814	0	0	0	0	0	0	0	0	0	0	0	62785	0
FFQ	5	0	0	0	0	0	0	0	0	0	0	0	327	0	0	0	0	0	0	0	0	0	0	0	0	0	712	0	0	0	0	0	0	0	0	0	0	0	62904	0
FFQ	6	0	0	19	0	0	0	0	0	0	0	0	283	0	0	0	0	0	0	0	0	0	0	0	0	0	713	0	0	0	0	0	0	0	0	0	0	0	62928	0
FFQ	7	0	0	1	0	0	0	0	0	0	0	0	376	0	0	0	0	0	0	0	0	0	0	0	0	0	934	0	0	0	0	0	0	0	0	0	0	0	62632	0
FFQ	8	0	0	6	0	0	0	0	0	0	0	0	332	0	0	0	0	0	0	0	0	0	0	0	0	0	825	0	0	0	0	0	0	0	0	0	0	0	62780	0
FFQ	9	0	0	0	0	0	0	0	0	0	0	0	308	0	0	0	0	0	0	0	0	0	0	0	0	0	866	0	0	0	0	0	0	0	0	0	0	0	62769	0
FFQ	10	0	0	1	0	0	0	0	0	0	0	0	285	0	0	0	0	0	0	0	0	0	0	0	0	0	834	0	0	0	0	0	0	0	0	0	0	0	62823	0
FFQ	11	0	0	0	0	0	0	0	0	0	0	0	282	0	0	0	0	0	0	0	0	0	0	0	0	0	841	0	0	0	0	0	0	0	0	0	0	0	62820	0
FFQ	12	0	0	0	0	0	0	0	0	0	0	0	296	0	0	0	0	0	0	0	0	0	0	0	0	0	885	0	0	0	0	0	0	0	0	0	0	0	62762	0
FFQ	13	0	0	0	0	0	0	0	0	0	0	0	281	0	0	0	0	0	0	0	0	0	0	0	0	0	866	0	0	0	0	0	0	0	0	0	0	0	62796	0
FFQ	14	0	0	0	0	0	0	0	0	0	0	0	273	0	0	0	0	0	0	0	0	0	0	0	0	0	902	0	0	0	0	0	0	0	0	0	0	0	62768	0
FFQ	15	0	0	0	0	0	0	0	0	0	0	0	301	0	0	0	0	0	0	0	0	0	0	0	0	0	906	0	0	0	0	0	0	0	0	0	0	0	62736	0
FFQ	16	0	0	0	0	0	0	0	0	0	0	0	300	0	0	0	0	0	0	0	0	0	0	0	0	0	880	0	0	0	0	0	0	0	0	0	0	0	62763	0
FFQ	17	0	0	0	0	0	0	0	0	0	0	0	274	0	0	0	0	0	0	0	0	0	0	0	0	0	953	0	0	0	0	0	0	0	0	0	0	0	62716	0
FFQ	18	0	0	0	0	0	0	0	0	0	0	0	312	0	0	0	0	0	0	0	0	0	0	0	0	0	948	0	0	0	0	0	0	0	0	0	0	0	62683	0
FFQ	19	0	0	0	0	0	0	0	0	0	0	0	325	0	0	0	0	0	0	0	0	0	0	0	0	0	942	0	0	0	0	0	0	0	0	0	0	0	62676	0
FFQ	20	0	0	0	0	0	0	0	0	0	0	0	306	0	0	0	0	0	0	0	0	0	0	0	0	0	895	0	0	0	0	0	0	0	0	0	0	0	62742	0
FFQ	21	0	0	0	0	0	0	0	0	0	0	0	298	0	0	0	0	0	0	0	0	0	0	0	0	0	974	0	0	0	0	0	0	0	0	0	0	0	62671	0
FFQ	22	0	0	0	0	0	0	0	0	0	0	0	331	0	0	0	0	0	0	0	0	0	0	0	0	0	1015	0	0	0	0	0	0	0	0	0	0	0	62597	0
FFQ	23	0	0	0	0	0	0	0	0	0	0	0	346	0	0	0	0	0	0	0	0	0	0	0	0	0	1021	0	0	0	0	0	0	0	0	0	0	0	62576	0
FFQ	24	0	0	0	0	0	0	0	0	0	0	0	323	0	0	0	0	0	0	0	0	0	0	0	0	0	1008	0	0	0	0	0	0	0	0	0	0	0	62612	0
FFQ	25	0	0	0	0	0	0	0	0	0	0	0	400	0	0	0	0	0	0	0	0	0	0	0	0	0	1025	0	0	0	0	0	0	0	0	0	0	0	62518	0
FFQ	26	0	0	0	0	0	0	0	0	0	0	0	453	0	0	0	0	0	0	0	0	0	0	0	0	0	1061	0	0	0	0	0	0	0	0	0	0	0	62429	0
FFQ	27	0	0	0	0	0	0	0	0	0	0	0	372	0	0	0	0	0	0	0	0	0	0	0	0	0	1064	0	0	0	0	0	0	0	0	0	0	0	62507	0
FFQ	28	0	0	0	0	0	0	0	0	0	0	0	346	0	0	0	0	0	0	0	0	0	0	0	0	0	1037	0	0	0	0	0	0	0	0	0	0	0	62560	0
FFQ	29	0	0	0	0	0	0	0	0	0	0	0	410	0	0	0	0	0	0	0	0	0	0	0	0	0	1083	0	0	0	0	0	0	0	0	0	0	0	62450	0
FFQ	30	0	0	0	0	0	0	0	0	0	0	0	373	0	0	0	0	0	0	0	0	0	0	0	0	0	1080	0	0	0	0	0	0	0	0	0	0	0	62490	0
FFQ	31	0	0	0	0	0	0	0	0	0	0	0	373	0	0	0	0	0	0	0	0	0	0	0	0	0	1070	0	0	0	0	0	0	0	0	0	0	0	62500	0
FFQ	32	0	0	0	0	0	0	0	0	0	0	0	414	0	0	0	0	0	0	0	0	0	0	0	0	0	1135	0	0	0	0	0	0	0	0	0	0	0	62394	0
FFQ	33	0	0	0	0	0	0	0	0	0	0	0	412	0	0	0	0	0	0	0	0	0	0	0	0	0	1132	0	0	0	0	0	0	0	0	0	0	0	62399	0
FFQ	34	0	0	0	0	0	0	0	0	0	0	0	395	0	0	0	0	0	0	0	0	0	0	0	0	0	1051	0	0	0	0	0	0	0	0	0	0	0	62497	0
FFQ	35	0	0	0	0	0	0	0	0	0	0	0	427	0	0	0	0	0	0	0	0	0	0	0	0	0	1122	0	0	0	0	0	0	0	0	0	0	0	62394	0
FFQ	36	0	0	0	0	0	0	0	0	0	0	0	409	0	0	0	0	0	0	0	0	0	0	0	0	0	1147	0	0	0	0	0	0	0	0	0	0	0	62387	0
FFQ	37	0	0	0	0	0	0	0	0	0	0	0	388	0	0	0	0	0	0	0	0	0	0	0	0	0	1072	0	0	0	0	0	0	0	0	0	0	0	62483	0
FFQ	38	0	0	0	0	0	0	0	0	0	0	0	423	0	0	0	0	0	0	0	0	0	0	0	0	0	1122	0	0	0	0	0	0	0	0	0	0	0	62398	0
FFQ	39	0	0	0	0	0	0	0	0	0	0	0	416	0	0	0	0	0	0	0	0	0	0	0	0	0	1128	0	0	0	0	0	0	0	0	0	0	0	62399	0
FFQ	40	0	0	0	0	0	0	0	0	0	0	0	429	0	0	0	0	0	0	0	0	0	0	0	0	0	1184	0	0	0	0	0	0	0	0	0	0	0	62330	0
FFQ	41	0	0	0	0	0	0	0	0	0	0	0	508	0	0	0	0	0	0	0	0	0	0	0	0	0	1259	0	0	0	0	0	0	0	0	0	0	0	62176	0
FFQ	42	0	0	0	0	0	0	0	0	0	0	0	487	0	0	0	0	0	0	0	0	0	0	0	0	0	1286	0	0	0	0	0	0	0	0	0	0	0	62170	0
FFQ	43	0	0	1	0	0	0	0	0	0	0	0	521	0	0	0	0	0	0	0	0	0	0	0	0	0	1239	0	0	0	0	0	0	0	0	0	0	0	62182	0
FFQ	44	0	0	0	0	0	0	0	0	0	0	0	525	0	0	0	0	0	0	0	0	0	0	0	0	0	1315	0	0	0	0	0	0	0	0	0	0	0	62103	0
FFQ	45	0	0	0	0	0	0	0	0	0	0	0	555	0	0	0	0	0	0	0	0	0	0	0	0	0	1242	0	0	0	0	0	0	0	0	0	0	0	62146	0
FFQ	46	0	0	0	0	0	0	0	0	0	0	0	494	0	0	0	0	0	0	0	0	0	0	0	0	0	1263	0	0	0	0	0	0	0	0	0	0	0	62186	0
FFQ	47	0	0	0	0	0	0	0	0	0	0	0	569	0	0	0	0	0	0	0	0	0	0	0	0	0	1448	0	0	0	0	0	0	0	0	0	0	0	61926	0
FFQ	48	0	0	0	0	0	0	0	0	0	0	0	553	0	0	0	0	0	0	0	0	0	0	0	0	0	1346	0	0	0	0	0	0	0	0	0	0	0	62044	0
FFQ	49	0	0	0	0	0	0	0	0	0	0	0	535	0	0	0	0	0	0	0	0	0	0	0	0	0	1351	0	0	0	0	0	0	0	0	0	0	0	62057	0
FFQ	50	0	0	0	0	0	0	0	0	0	0	0	480	0	0	0	0	0	0	0	0	0	0	0	0	0	1248	0	0	0	0	0	0	0	0	0	0	0	62215	0
FFQ	51	0	0	0	0	0	0	0	0	0	0	0	470	0	0	0	0	0	0	0	0	0	0	0	0	0	1181	0	0	0	0	0	0	0	0	0	0	0	62292	0
FFQ	52	0	0	0	0	0	0	0	0	0	0	0	445	0	0	0	0	0	0	0	0	0	0	0	0	0	1156	0	0	0	0	0	0	0	0	0	0	0	62342	0
FFQ	53	0	0	0	0	0	0	0	0	0	0	0	509	0	0	0	0	0	0	0	0	0	0	0	0	0	1150	0	0	0	0	0	0	0	0	0	0	0	62284	0
FFQ	54	0	0	0	0	0	0	0	0	0	0	0	463	0	0	0	0	0	0	0	0	0	0	0	0	0	1086	0	0	0	0	0	0	0	0	0	0	0	62394	0
FFQ	55	0	0	0	0	0	0	0	0	0	0	0	433	0	0	0	0	0	0	0	0	0	0	0	0	0	1211	0	0	0	0	0	0	0	0	0	0	0	62299	0
FFQ	56	0	0	0	0	0	0	0	0	0	0	0	508	0	0	0	0	0	0	0	0	0	0	0	0	0	1272	0	0	0	0	0	0	0	0	0	0	0	62163	0
FFQ	57	0	0	0	0	0	0	0	0	0	0	0	460	0	0	0	0	0	0	0	0	0	0	0	0	0	1219	0	0	0	0	0	0	0	0	0	0	0	62264	0
FFQ	58	0	0	0	0	0	0	0	0	0	0	0	441	0	0	0	0	0	0	0	0	0	0	0	0	0	1365	0	0	0	0	0	0	0	0	0	0	0	62137	0
FFQ	59	0	0	0	0	0	0	0	0	0	0	0	520	0	0	0	0	0	0	0	0	0	0	0	0	0	1433	0	0	0	0	0	0	0	0	0	0	0	61990	0
FFQ	60	0	0	0	0	0	0	0	0	0	0	0	505	0	0	0	0	0	0	0	0	0	0	0	0	0	1378	0	0	0	0	0	0	0	0	0	0	0	62060	0
FFQ	61	0	0	0	0	0	0	0	0	0	0	0	533	0	0	0	0	0	0	0	0	0	0	0	0	0	1284	0	0	0	0	0	0	0	0	0	0	0	62126	0
FFQ	62	0	0	0	0	0	0	0	0	0	0	0	462	0	0	0	0	0	0	0	0	0	0	0	0	0	1246	0	0	0	0	0	0	0	0	0	0	0	62235	0
FFQ	63	0	0	0	0	0	0	0	0	0	0	0	450	0	0	0	0	0	0	0	0	0	0	0	0	0	1273	0	0	0	0	0	0	0	0	0	0	0	62220	0
FFQ	64	0	0	0	0	0	0	0	0	0	0	0	558	0	0	0	0	0	0	0	0	0	0	0	0	0	1283	0	0	0	0	0	0	0	0	0	0	0	62102	0
FFQ	65	0	0	0	0	0	0	0	0	0	0	0	433	0	0	0	0	0	0	0	0	0	0	0	0	0	1273	0	0	0	0	0	0	0	0	0	0	0	62237	0
FFQ	66	0	0	0	0	0	0	0	0	0	0	0	507	0	0	0	0	0	0	0	0	0	0	0	0	0	1378	0	0	0	0	0	0	0	0	0	0	0	62058	0
FFQ	67	0	0	0	0	0	0	0	0	0	0	0	536	0	0	0	0	0	0	0	0	0	0	0	0	0	1451	0	0	0	0	0	0	0	0	0	0	0	61956	0
FFQ	68	0	0	0	0	0	0	0	0	0	0	0	496	0	0	0	0	0	0	0	0	0	0	0	0	0	1357	0	0	0	0	0	0	0	0	0	0	0	62090	0
FFQ	69	0	0	0	0	0	0	0	0	0	0	0	499	0	0	0	0	0	0	0	0	0	0	0	0	0	1317	0	0	0	0	0	0	0	0	0	0	0	62127	0
FFQ	70	0	0	0	0	0	0	0	0	0	0	0	497	0	0	0	0	0	0	0	0	0	0	0	0	0	1482	0	0	0	0	0	0	0	0	0	0	0	61964	0
FFQ	71	0	0	0	0	0	0	0	0	0	0	0	510	0	0	0	0	0	0	0	0	0	0	0	0	0	1469	0	0	0	0	0	0	0	0	0	0	0	61964	0
FFQ	72	0	0	0	0	0	0	0	0	0	0	0	513	0	0	0	0	0	0	0	0	0	0	0	0	0	1363	0	0	0	0	0	0	0	0	0	0	0	62067	0
FFQ	73	0	0	0	0	0	0	0	0	0	0	0	465	0	0	0	0	0	0	0	0	0	0	0	0	0	1279	0	0	0	0	0	0	0	0	0	0	0	62199	0
FFQ	74	0	0	0	0	0	0	0	0	0	0	0	487	0	0	0	0	0	0	0	0	0	0	0	0	0	1320	0	0	0	0	0	0	0	0	0	0	0	62136	0
FFQ	75	0	0	0	0	0	0	0	0	0	0	0	463	0	0	0	0	0	0	0	0	0	0	0	0	0	1342	0	0	0	0	0	0	0	0	0	0	0	62138	0
FFQ	76	0	0	0	0	0	0	0	0	0	0	0	521	0	0	0	0	0	0	0	0	0	0	0	0	0	1398	0	0	0	0	0	0	0	0	0	0	0	62024	0
FFQ	77	0	0	0	0	0	0	0	0	0	0	0	550	0	0	0	0	0	0	0	0	0	0	0	0	0	1346	0	0	0	0	0	0	0	0	0	0	0	62047	0
FFQ	78	0	0	0	0	0	0	0	0	0	0	0	463	0	0	0	0	0	0	0	0	0	0	0	0	0	1395	0	0	0	0	0	0	0	0	0	0	0	62085	0
FFQ	79	0	0	0	0	0	0	0	0	0	0	0	550	0	0	0	0	0	0	0	0	0	0	0	0	0	1474	0	0	0	0	0	0	0	0	0	0	0	61919	0
FFQ	80	0	0	0	0	0	0	0	0	0	0	0	599	0	0	0	0	0	0	0	0	0	0	0	0	0	1546	0	0	0	0	0	0	0	0	0	0	0	61798	0
FFQ	81	0	0	0	0	0	0	0	0	0	0	0	536	0	0	0	0	0	0	0	0	0	0	0	0	0	1467	0	0	0	0	0	0	0	0	0	0	0	61940	0
FFQ	82	0	0	0	0	0	0	0	0	0	0	0	551	0	0	0	0	0	0	0	0	0	0	0	0	0	1424	0	0	0	0	0	0	0	0	0	0	0	61968	0
FFQ	83	0	0	0	0	0	0	0	0	0	0	0	547	0	0	0	0	0	0	0	0	0	0	0	0	0	1447	0	0	0	0	0	0	0	0	0	0	0	61949	0
FFQ	84	0	0	0	0	0	0	0	0	0	0	0	522	0	0	0	0	0	0	0	0	0	0	0	0	0	1457	0	0	0	0	0	0	0	0	0	0	0	61964	0
FFQ	85	0	0	0	0	0	0	0	0	0	0	0	542	0	0	0	0	0	0	0	0	0	0	0	0	0	1564	0	0	0	0	0	0	0	0	0	0	0	61837	0
FFQ	86	0	0	0	0	0	0	0	0	0	0	0	605	0	0	0	0	0	0	0	0	0	0	0	0	0	1674	0	0	0	0	0	0	0	0	0	0	0	61664	0
FFQ	87	0	0	0	0	0	0	0	0	0	0	0	611	0	0	0	0	0	0	0	0	0	0	0	0	0	1585	0	0	0	0	0	0	0	0	0	0	0	61747	0
FFQ	88	0	0	0	0	0	0	0	0	0	0	0	672	0	0	0	0	0	0	0	0	0	0	0	0	0	1730	0	0	0	0	0	0	0	0	0	0	0	61541	0
FFQ	89	0	0	0	0	0	0	0	0	0	0	0	625	0	0	0	0	0	0	0	0	0	0	0	0	0	1768	0	0	0	0	0	0	0	0	0	0	0	61550	0
FFQ	90	0	0	0	0	0	0	0	0	0	0	0	609	0	0	0	0	0	0	0	0	0	0	0	0	0	1685	0	0	0	0	0	0	0	0	0	0	0	61649	0
FFQ	91	0	0	0	0	0	0	0	0	0	0	0	607	0	0	0	0	0	0	0	0	0	0	0	0	0	1568	0	0	0	0	0	0	0	0	0	0	0	61768	0
FFQ	92	0	0	0	0	0	0	0	0	0	0	0	638	0	0	0	0	0	0	0	0	0	0	0	0	0	1571	0	0	0	0	0	0	0	0	0	0	0	61734	0
FFQ	93	0	0	0	0	0	0	0	0	0	0	0	665	0	0	0	0	0	0	0	0	0	0	0	0	0	1538	0	0	0	0	0	0	0	0	0	0	0	61740	0
FFQ	94	0	0	0	0	0	0	0	0	0	0	0	587	0	0	0	0	0	0	0	0	0	0	0	0	0	1529	0	0	0	0	0	0	0	0	0	0	0	61827	0
FFQ	95	0	0	0	0	0	0	0	0	0	0	0	541	0	0	0	0	0	0	0	0	0	0	0	0	0	1473	0	0	0	0	0	0	0	0	0	0	0	61929	0
FFQ	96	0	0	0	0	0	0	0	0	0	0	0	581	0	0	0	0	0	0	0	0	0	0	0	0	0	1542	0	0	0	0	0	0	0	0	0	0	0	61820	0
FFQ	97	0	0	0	0	0	0	0	0	0	0	0	616	0	0	0	0	0	0	0	0	0	0	0	0	0	1639	0	0	0	0	0	0	0	0	0	0	0	61688	0
FFQ	98	0	0	0	0	0	0	0	0	0	0	0	584	0	0	0	0	0	0	0	0	0	0	0	0	0	1654	0	0	0	0	0	0	0	0	0	0	0	61705	0
FFQ	99	0	0	0	0	0	0	0	0	0	0	0	622	0	0	0	0	0	0	0	0	0	0	0	0	0	1609	0	0	0	0	0	0	0	0	0	0	0	61712	0
FFQ	100	0	0	0	0	0	0	0	0	0	0	0	590	0	0	0	0	0	0	0	0	0	0	0	0	0	1594	0	0	0	0	0	0	0	0	0	0	0	61759	0
FFQ	101	0	0	0	0	0	0	0	0	0	0	0	621	0	0	0	0	0	0	0	0	0	0	0	0	0	1725	0	0	0	0	0	0	0	0	0	0	0	61597	0
FFQ	102	0	0	0	0	0	0	0	0	0	0	0	655	0	0	0	0	0	0	0	0	0	0	0	0	0	1712	0	0	0	0	0	0	0	0	0	0	0	61576	0
FFQ	103	0	0	0	0	0	0	0	0	0	0	0	604	0	0	0	0	0	0	0	0	0	0	0	0	0	1662	0	0	0	0	0	0	0	0	0	0	0	61677	0
FFQ	104	0	0	0	0	0	0	0	0	0	0	0	591	0	0	0	0	0	0	0	0	0	0	0	0	0	1580	0	0	0	0	0	0	0	0	0	0	0	61772	0
FFQ	105	0	0	0	0	0	0	0	0	0	0	0	629	0	0	0	0	0	0	0	0	0	0	0	0	0	1602	0	0	0	0	0	0	0	0	0	0	0	61712	0
FFQ	106	0	0	0	0	0	0	0	0	0	0	0	637	0	0	0	0	0	0	0	0	0	0	0	0	0	1651	0	0	0	0	0	0	0	0	0	0	0	61655	0
FFQ	107	0	0	0	0	0	0	0	0	0	0	0	665	0	0	0	0	0	0	0	0	0	0	0	0	0	1750	0	0	0	0	0	0	0	0	0	0	0	61528	0
FFQ	108	0	0	0	0	0	0	0	0	0	0	0	670	0	0	0	0	0	0	0	0	0	0	0	0	0	1771	0	0	0	0	0	0	0	0	0	0	0	61502	0
FFQ	109	0	0	0	0	0	0	0	0	0	0	0	629	0	0	0	0	0	0	0	0	0	0	0	0	0	1757	0	0	0	0	0	0	0	0	0	0	0	61557	0
FFQ	110	0	0	0	0	0	0	0	0	0	0	0	701	0	0	0	0	0	0	0	0	0	0	0	0	0	1831	0	0	0	0	0	0	0	0	0	0	0	61411	0
FFQ	111	0	0	0	0	0	0	0	0	0	0	0	603	0	0	0	0	0	0	0	0	0	0	0	0	0	1609	0	0	0	0	0	0	0	0	0	0	0	61731	0
FFQ	112	0	0	0	0	0	0	0	0	0	0	0	592	0	0	0	0	0	0	0	0	0	0	0	0	0	1652	0	0	0	0	0	0	0	0	0	0	0	61699	0
FFQ	113	0	0	0	0	0	0	0	0	0	0	0	640	0	0	0	0	0	0	0	0	0	0	0	0	0	1751	0	0	0	0	0	0	0	0	0	0	0	61552	0
FFQ	114	0	0	0	0	0	0	0	0	0	0	0	738	0	0	0	0	0	0	0	0	0	0	0	0	0	1840	0	0	0	0	0	0	0	0	0	0	0	61365	0
FFQ	115	0	0	0	0	0	0	0	0	0	0	0	722	0	0	0	0	0	0	0	0	0	0	0	0	0	2052	0	0	0	0	0	0	0	0	0	0	0	61169	0
FFQ	116	0	0	0	0	0	0	0	0	0	0	0	746	0	0	0	0	0	0	0	0	0	0	0	0	0	1996	0	0	0	0	0	0	0	0	0	0	0	61201	0
FFQ	117	0	0	0	0	0	0	0	0	0	0	0	773	0	0	0	0	0	0	0	0	0	0	0	0	0	2146	0	0	0	0	0	0	0	0	0	0	0	61024	0
FFQ	118	0	0	0	0	0	0	0	0	0	0	0	785	0	0	0	0	0	0	0	0	0	0	0	0	0	2059	0	0	0	0	0	0	0	0	0	0	0	61099	0
FFQ	119	0	0	0	0	0	0	0	0	0	0	0	720	0	0	0	0	0	0	0	0	0	0	0	0	0	2019	0	0	0	0	0	0	0	0	0	0	0	61204	0
FFQ	120	0	0	0	0	0	0	0	0	0	0	0	824	0	0	0	0	0	0	0	0	0	0	0	0	0	2099	0	0	0	0	0	0	0	0	0	0	0	61020	0
FFQ	121	0	0	0	0	0	0	0	0	0	0	0	823	0	0	0	0	0	0	0	0	0	0	0	0	0	2079	0	0	0	0	0	0	0	0	0	0	0	61041	0
FFQ	122	0	0	0	0	0	0	0	0	0	0	0	852	0	0	0	0	0	0	0	0	0	0	0	0	0	2255	0	0	0	0	0	0	0	0	0	0	0	60836	0
FFQ	123	0	0	0	0	0	0	0	0	0	0	0	865	0	0	0	0	0	0	0	0	0	0	0	0	0	2253	0	0	0	0	0	0	0	0	0	0	0	60825	0
FFQ	124	0	0	0	0	0	0	0	0	0	0	0	949	0	0	0	0	0	0	0	0	0	0	0	0	0	2233	0	0	0	0	0	0	0	0	0	0	0	60761	0
FFQ	125	0	0	0	0	0	0	0	0	0	0	0	939	0	0	0	0	0	0	0	0	0	0	0	0	0	2337	0	0	0	0	0	0	0	0	0	0	0	60667	0
FFQ	126	0	0	0	0	0	0	0	0	0	0	0	940	0	0	0	0	0	0	0	0	0	0	0	0	0	2387	0	0	0	0	0	0	0	0	0	0	0	60616	0
FFQ	127	0	0	0	0	0	0	0	0	0	0	0	864	0	0	0	0	0	0	0	0	0	0	0	0	0	2275	0	0	0	0	0	0	0	0	0	0	0	60804	0
FFQ	128	0	0	2	0	0	0	0	0	0	0	0	919	0	0	0	0	0	0	0	0	0	0	0	0	0	2309	0	0	0	0	0	0	0	0	0	0	0	60713	0
FFQ	129	0	0	0	0	0	0	0	0	0	0	0	960	0	0	0	0	0	0	0	0	0	0	0	0	0	2293	0	0	0	0	0	0	0	0	0	0	0	60690	0
FFQ	130	0	0	0	0	0	0	0	0	0	0	0	873	0	0	0	0	0	0	0	0	0	0	0	0	0	2198	0	0	0	0	0	0	0	0	0	0	0	60872	0
FFQ	131	0	0	0	0	0	0	0	0	0	0	0	925	0	0	0	0	0	0	0	0	0	0	0	0	0	2159	0	0	0	0	0	0	0	0	0	0	0	60859	0
FFQ	132	0	0	0	0	0	0	0	0	0	0	0	911	0	0	0	0	0	0	0	0	0	0	0	0	0	2362	0	0	0	0	0	0	0	0	0	0	0	60670	0
FFQ	133	0	0	0	0	0	0	0	0	0	0	0	950	0	0	0	0	0	0	0	0	0	0	0	0	0	2384	0	0	0	0	0	0	0	0	0	0	0	60609	0
FFQ	134	0	0	0	0	0	0	0	0	0	0	0	930	0	0	0	0	0	0	0	0	0	0	0	0	0	2408	0	0	0	0	0	0	0	0	0	0	0	60605	0
FFQ	135	0	0	0	0	0	0	0	0	0	0	0	894	0	0	0	0	0	0	0	0	0	0	0	0	0	2360	0	0	0	0	0	0	0	0	0	0	0	60689	0
FFQ	136	0	0	0	0	0	0	0	0	0	0	0	968	0	0	0	0	0	0	0	0	0	0	0	0	0	2537	0	0	0	0	0	0	0	0	0	0	0	60438	0
FFQ	137	0	0	0	0	0	0	0	0	0	0	0	1016	0	0	0	0	0	0	0	0	0	0	0	0	0	2543	0	0	0	0	0	0	0	0	0	0	0	60384	0
FFQ	138	0	0	0	0	0	0	0	0	0	0	0	1000	0	0	0	0	0	0	0	0	0	0	0	0	0	2477	0	0	0	0	0	0	0	0	0	0	0	60466	0
FFQ	139	0	0	0	0	0	0	0	0	0	0	0	1309	0	0	0	0	0	0	0	0	0	0	0	0	0	3071	0	0	0	0	0	0	0	0	0	0	0	59563	0
FFQ	140	0	0	0	0	0	0	0	0	0	0	0	1243	0	0	0	0	0	0	0	0	0	0	0	0	0	2874	0	0	0	0	0	0	0	0	0	0	0	59826	0
FFQ	141	0	0	0	0	0	0	0	0	0	0	0	1139	0	0	0	0	0	0	0	0	0	0	0	0	0	2700	0	0	0	0	0	0	0	0	0	0	0	60104	0
FFQ	142	0	0	0	0	0	0	0	0	0	0	0	1020	0	0	0	0	0	0	0	0	0	0	0	0	0	2642	0	0	0	0	0	0	0	0	0	0	0	60281	0
FFQ	143	0	0	0	0	0	0	0	0	0	0	0	989	0	0	0	0	0	0	0	0	0	0	0	0	0	2597	0	0	0	0	0	0	0	0	0	0	0	60357	0
FFQ	144	0	0	0	0	0	0	0	0	0	0	0	1069	0	0	0	0	0	0	0	0	0	0	0	0	0	2662	0	0	0	0	0	0	0	0	0	0	0	60211	0
FFQ	145	0	0	0	0	0	0	0	0	0	0	0	1243	0	0	0	0	0	0	0	0	0	0	0	0	0	2928	0	0	0	0	0	0	0	0	0	0	0	59684	0
FFQ	146	0	0	0	0	0	0	0	0	0	0	0	1067	0	0	0	0	0	0	0	0	0	0	0	0	0	2763	0	0	0	0	0	0	0	0	0	0	0	59963	0
FFQ	147	0	0	0	0	0	0	0	0	0	0	0	1043	0	0	0	0	0	0	0	0	0	0	0	0	0	2726	0	0	0	0	0	0	0	0	0	0	0	59904	0
FFQ	148	0	0	0	0	0	0	0	0	0	0	0	1102	0	0	0	0	0	0	0	0	0	0	0	0	0	2650	0	0	0	0	0	0	0	0	0	0	0	58148	0
FFQ	149	0	0	0	0	0	0	0	0	0	0	0	1140	0	0	0	0	0	0	0	0	0	0	0	0	0	2683	0	0	0	0	0	0	0	0	0	0	0	58077	0
FFQ	150	0	0	0	0	0	0	0	0	0	0	0	1233	0	0	0	0	0	0	0	0	0	0	0	0	0	2859	0	0	0	0	0	0	0	0	0	0	0	57808	0
# Last Fragment Qualities. Use `grep ^LFQ | cut -f 2-` to extract this part.
# Columns correspond to qualities and rows to cycles. First column is the cycle number.
LFQ	1	0	0	0	0	0	0	0	0	0	0	0	727	0	0	0	0	0	0	0	0	0	0	0	0	0	1901	0	0	0	0	0	0	0	0	0	0	0	64459	0
LFQ	2	0	0	0	0	0	0	0	0	0	0	0	762	0	0	0	0	0	0	0	0	0	0	0	0	0	2379	0	0	0	0	0	0	0	0	0	0	0	63946	0
LFQ	3	0	0	0	0	0	0	0	0	0	0	0	665	0	0	0	0	0	0	0	0	0	0	0	0	0	2002	0	0	0	0	0	0	0	0	0	0	0	64420	0
LFQ	4	0	0	0	0	0	0	0	0	0	0	0	636	0	0	0	0	0	0	0	0	0	0	0	0	0	1773	0	0	0	0	0	0	0	0	0	0	0	64678	0
LFQ	5	0	0	0	0	0	0	0	0	0	0	0	515	0	0	0	0	0	0	0	0	0	0	0	0	0	1616	0	0	0	0	0	0	0	0	0	0	0	64956	0
LFQ	6	0	0	0	0	0	0	0	0	0	0	0	551	0	0	0	0	0	0	0	0	0	0	0	0	0	1732	0	0	0	0	0	0	0	0	0	0	0	64804	0
LFQ	7	0	0	0	0	0	0	0	0	0	0	0	592	0	0	0	0	0	0	0	0	0	0	0	0	0	1726	0	0	0	0	0	0	0	0	0	0	0	64769	0
LFQ	8	0	0	0	0	0	0	0	0	0	0	0	508	0	0	0	0	0	0	0	0	0	0	0	0	0	1510	0	0	0	0	0	0	0	0	0	0	0	65069	0
LFQ	9	0	0	2	0	0	0	0	0	0	0	0	527	0	0	0	0	0	0	0	0	0	0	0	0	0	1441	0	0	0	0	0	0	0	0	0	0	0	65117	0
LFQ	10	0	0	0	0	0	0	0	0	0	0	0	549	0	0	0	0	0	0	0	0	0	0	0	0	0	1577	0	0	0	0	0	0	0	0	0	0	0	64961	0
LFQ	11	0	0	0	0	0	0	0	0	0	0	0	530	0	0	0	0	0	0	0	0	0	0	0	0	0	1490	0	0	0	0	0	0	0	0	0	0	0	65067	0
LFQ	12	0	0	0	0	0	0	0	0	0	0	0	581	0	0	0	0	0	0	0	0	0	0	0	0	0	1599	0	0	0	0	0	0	0	0	0	0	0	64907	0
LFQ	13	0	0	0	0	0	0	0	0	0	0	0	582	0	0	0	0	0	0	0	0	0	0	0	0	0	1553	0	0	0	0	0	0	0	0	0	0	0	64952	0
LFQ	14	0	0	0	0	0	0	0	0	0	0	0	528	0	0	0	0	0	0	0	0	0	0	0	0	0	1565	0	0	0	0	0	0	0	0	0	0	0	64994	0
LFQ	15	0	0	0	0	0	0	0	0	0	0	0	607	0	0	0	0	0	0	0	0	0	0	0	0	0	1589	0	0	0	0	0	0	0	0	0	0	0	64891	0
LFQ	16	0	0	0	0	0	0	0	0	0	0	0	486	0	0	0	0	0	0	0	0	0	0	0	0	0	1563	0	0	0	0	0	0	0	0	0	0	0	65038	0
LFQ	17	0	0	0	0	0	0	0	0	0	0	0	547	0	0	0	0	0	0	0	0	0	0	0	0	0	1567	0	0	0	0	0	0	0	0	0	0	0	64973	0
LFQ	18	0	0	0	0	0	0	0	0	0	0	0	508	0	0	0	0	0	0	0	0	0	0	0	0	0	1569	0	0	0	0	0	0	0	0	0	0	0	65010	0
LFQ	19	0	0	0	0	0	0	0	0	0	0	0	518	0	0	0	0	0	0	0	0	0	0	0	0	0	1480	0	0	0	0	0	0	0	0	0	0	0	65089	0
LFQ	20	0	0	0	0	0	0	0	0	0	0	0	518	0	0	0	0	0	0	0	0	0	0	0	0	0	1576	0	0	0	0	0	0	0	0	0	0	0	64993	0
LFQ	21	0	0	0	0	0	0	0	0	0	0	0	532	0	0	0	0	0	0	0	0	0	0	0	0	0	1549	0	0	0	0	0	0	0	0	0	0	0	65006	0
LFQ	22	0	0	0	0	0	0	0	0	0	0	0	551	0	0	0	0	0	0	0	0	0	0	0	0	0	1628	0	0	0	0	0	0	0	0	0	0	0	64908	0
LFQ	23	0	0	0	0	0	0	0	0	0	0	0	523	0	0	0	0	0	0	0	0	0	0	0	0	0	1655	0	0	0	0	0	0	0	0	0	0	0	64909	0
LFQ	24	0	0	0	0	0	0	0	0	0	0	0	567	0	0	0	0	0	0	0	0	0	0	0	0	0	1625	0	0	0	0	0	0	0	0	0	0	0	64895	0
LFQ	25	0	0	0	0	0	0	0	0	0	0	0	627	0	0	0	0	0	0	0	0	0	0	0	0	0	1814	0	0	0	0	0	0	0	0	0	0	0	64646	0
LFQ	26	0	0	0	0	0	0	0	0	0	0	0	604	0	0	0	0	0	0	0	0	0	0	0	0	0	1804	0	0	0	0	0	0	0	0	0	0	0	64679	0
LFQ	27	0	0	0	0	0	0	0	0	0	0	0	585	0	0	0	0	0	0	0	0	0	0	0	0	0	1837	0	0	0	0	0	0	0	0	0	0	0	64665	0
LFQ	28	0	0	0	0	0	0	0	0	0	0	0	600	0	0	0	0	0	0	0	0	0	0	0	0	0	1919	0	0	0	0	0	0	0	0	0	0	0	64568	0
LFQ	29	0	0	0	0	0	0	0	0	0	0	0	623	0	0	0	0	0	0	0	0	0	0	0	0	0	1844	0	0	0	0	0	0	0	0	0	0	0	64620	0
LFQ	30	0	0	0	0	0	0	0	0	0	0	0	642	0	0	0	0	0	0	0	0	0	0	0	0	0	1852	0	0	0	0	0	0	0	0	0	0	0	64593	0
LFQ	31	0	0	0	0	0	0	0	0	0	0	0	647	0	0	0	0	0	0	0	0	0	0	0	0	0	1875	0	0	0	0	0	0	0	0	0	0	0	64565	0
LFQ	32	0	0	0	0	0	0	0	0	0	0	0	640	0	0	0	0	0	0	0	0	0	0	0	0	0	1888	0	0	0	0	0	0	0	0	0	0	0	64559	0
LFQ	33	0	0	0	0	0	0	0	0	0	0	0	642	0	0	0	0	0	0	0	0	0	0	0	0	0	1861	0	0	0	0	0	0	0	0	0	0	0	64584	0
LFQ	34	0	0	0	0	0	0	0	0	0	0	0	588	0	0	0	0	0	0	0	0	0	0	0	0	0	1834	0	0	0	0	0	0	0	0	0	0	0	64665	0
LFQ	35	0	0	0	0	0	0	0	0	0	0	0	591	0	0	0	0	0	0	0	0	0	0	0	0	0	1864	0	0	0	0	0	0	0	0	0	0	0	64632	0
LFQ	36	0	0	0	0	0	0	0	0	0	0	0	664	0	0	0	0	0	0	0	0	0	0	0	0	0	1842	0	0	0	0	0	0	0	0	0	0	0	64581	0
LFQ	37	0	0	1	0	0	0	0	0	0	0	0	672	0	0	0	0	0	0	0	0	0	0	0	0	0	1792	0	0	0	0	0	0	0	0	0	0	0	64622	0
LFQ	38	0	0	0	0	0	0	0	0	0	0	0	644	0	0	0	0	0	0	0	0	0	0	0	0	0	1891	0	0	0	0	0	0	0	0	0	0	0	64552	0
LFQ	39	0	0	0	0	0	0	0	0	0	0	0	648	0	0	0	0	0	0	0	0	0	0	0	0	0	1968	0	0	0	0	0	0	0	0	0	0	0	64471	0
LFQ	40	0	0	0	0	0	0	0	0	0	0	0	691	0	0	0	0	0	0	0	0	0	0	0	0	0	1902	0	0	0	0	0	0	0	0	0	0	0	64494	0
LFQ	41	0	0	1	0	0	0	0	0	0	0	0	657	0	0	0	0	0	0	0	0	0	0	0	0	0	1986	0	0	0	0	0	0	0	0	0	0	0	64443	0
LFQ	42	0	0	0	0	0	0	0	0	0	0	0	757	0	0	0	0	0	0	0	0	0	0	0	0	0	1988	0	0	0	0	0	0	0	0	0	0	0	64342	0
LFQ	43	0	0	0	0	0	0	0	0	0	0	0	677	0	0	0	0	0	0	0	0	0	0	0	0	0	1992	0	0	0	0	0	0	0	0	0	0	0	64418	0
LFQ	44	0	0	0	0	0	0	0	0	0	0	0	730	0	0	0	0	0	0	0	0	0	0	0	0	0	2007	0	0	0	0	0	0	0	0	0	0	0	64350	0
LFQ	45	0	0	0	0	0	0	0	0	0	0	0	715	0	0	0	0	0	0	0	0	0	0	0	0	0	1950	0	0	0	0	0	0	0	0	0	0	0	64422	0
LFQ	46	0	0	0	0	0	0	0	0	0	0	0	703	0	0	0	0	0	0	0	0	0	0	0	0	0	1893	0	0	0	0	0	0	0	0	0	0	0	64491	0
LFQ	47	0	0	0	0	0	0	0	0	0	0	0	719	0	0	0	0	0	0	0	0	0	0	0	0	0	2012	0	0	0	0	0	0	0	0	0	0	0	64356	0
LFQ	48	0	0	0	0	0	0	0	0	0	0	0	706	0	0	0	0	0	0	0	0	0	0	0	0	0	2021	0	0	0	0	0	0	0	0	0	0	0	64360	0
LFQ	49	0	0	0	0	0	0	0	0	0	0	0	702	0	0	0	0	0	0	0	0	0	0	0	0	0	2099	0	0	0	0	0	0	0	0	0	0	0	64286	0
LFQ	50	0	0	0	0	0	0	0	0	0	0	0	807	0	0	0	0	0	0	0	0	0	0	0	0	0	2062	0	0	0	0	0	0	0	0	0	0	0	64218	0
LFQ	51	0	0	0	0	0	0	0	0	0	0	0	775	0	0	0	0	0	0	0	0	0	0	0	0	0	2188	0	0	0	0	0	0	0	0	0	0	0	64124	0
LFQ	52	0	0	0	0	0	0	0	0	0	0	0	763	0	0	0	0	0	0	0	0	0	0	0	0	0	2103	0	0	0	0	0	0	0	0	0	0	0	64221	0
LFQ	53	0	0	0	0	0	0	0	0	0	0	0	751	0	0	0	0	0	0	0	0	0	0	0	0	0	2083	0	0	0	0	0	0	0	0	0	0	0	64253	0
LFQ	54	0	0	0	0	0	0	0	0	0	0	0	761	0	0	0	0	0	0	0	0	0	0	0	0	0	2053	0	0	0	0	0	0	0	0	0	0	0	64273	0
LFQ	55	0	0	0	0	0	0	0	0	0	0	0	703	0	0	0	0	0	0	0	0	0	0	0	0	0	2073	0	0	0	0	0	0	0	0	0	0	0	64311	0
LFQ	56	0	0	0	0	0	0	0	0	0	0	0	731	0	0	0	0	0	0	0	0	0	0	0	0	0	2112	0	0	0	0	0	0	0	0	0	0	0	64244	0
LFQ	57	0	0	0	0	0	0	0	0	0	0	0	745	0	0	0	0	0	0	0	0	0	0	0	0	0	2068	0	0	0	0	0	0	0	0	0	0	0	64274	0
LFQ	58	0	0	0	0	0	0	0	0	0	0	0	781	0	0	0	0	0	0	0	0	0	0	0	0	0	2209	0	0	0	0	0	0	0	0	0	0	0	64097	0
LFQ	59	0	0	0	0	0	0	0	0	0	0	0	821	0	0	0	0	0	0	0	0	0	0	0	0	0	2202	0	0	0	0	0	0	0	0	0	0	0	64064	0
LFQ	60	0	0	0	0	0	0	0	0	0	0	0	758	0	0	0	0	0	0	0	0	0	0	0	0	0	2208	0	0	0	0	0	0	0	0	0	0	0	64121	0
LFQ	61	0	0	0	0	0	0	0	0	0	0	0	836	0	0	0	0	0	0	0	0	0	0	0	0	0	2246	0	0	0	0	0	0	0	0	0	0	0	64005	0
LFQ	62	0	0	0	0	0	0	0	0	0	0	0	765	0	0	0	0	0	0	0	0	0	0	0	0	0	2207	0	0	0	0	0	0	0	0	0	0	0	64115	0
LFQ	63	0	0	0	0	0	0	0	0	0	0	0	812	0	0	0	0	0	0	0	0	0	0	0	0	0	2428	0	0	0	0	0	0	0	0	0	0	0	63847	0
LFQ	64	0	0	0	0	0	0	0	0	0	0	0	915	0	0	0	0	0	0	0	0	0	0	0	0	0	2378	0	0	0	0	0	0	0	0	0	0	0	63794	0
LFQ	65	0	0	0	0	0	0	0	0	0	0	0	924	0	0	0	0	0	0	0	0	0	0	0	0	0	2503	0	0	0	0	0	0	0	0	0	0	0	63660	0
LFQ	66	0	0	0	0	0	0	0	0	0	0	0	887	0	0	0	0	0	0	0	0	0	0	0	0	0	2519	0	0	0	0	0	0	0	0	0	0	0	63681	0
LFQ	67	0	0	0	0	0	0	0	0	0	0	0	953	0	0	0	0	0	0	0	0	0	0	0	0	0	2420	0	0	0	0	0	0	0	0	0	0	0	63714	0
LFQ	68	0	0	0	0	0	0	0	0	0	0	0	918	0	0	0	0	0	0	0	0	0	0	0	0	0	2435	0	0	0	0	0	0	0	0	0	0	0	63734	0
LFQ	69	0	0	0	0	0	0	0	0	0	0	0	889	0	0	0	0	0	0	0	0	0	0	0	0	0	2506	0	0	0	0	0	0	0	0	0	0	0	63692	0
LFQ	70	0	0	0	0	0	0	0	0	0	0	0	949	0	0	0	0	0	0	0	0	0	0	0	0	0	2681	0	0	0	0	0	0	0	0	0	0	0	63457	0
LFQ	71	0	0	2	0	0	0	0	0	0	0	0	819	0	0	0	0	0	0	0	0	0	0	0	0	0	2361	0	0	0	0	0	0	0	0	0	0	0	63905	0
LFQ	72	0	0	0	0	0	0	0	0	0	0	0	941	0	0	0	0	0	0	0	0	0	0	0	0	0	2419	0	0	0	0	0	0	0	0	0	0	0	63727	0
LFQ	73	0	0	0	0	0	0	0	0	0	0	0	923	0	0	0	0	0	0	0	0	0	0	0	0	0	2452	0	0	0	0	0	0	0	0	0	0	0	63712	0
LFQ	74	0	0	0	0	0	0	0	0	0	0	0	840	0	0	0	0	0	0	0	0	0	0	0	0	0	2415	0	0	0	0	0	0	0	0	0	0	0	63832	0
LFQ	75	0	0	0	0	0	0	0	0	0	0	0	943	0	0	0	0	0	0	0	0	0	0	0	0	0	2597	0	0	0	0	0	0	0	0	0	0	0	63547	0
LFQ	76	0	0	0	0	0	0	0	0	0	0	0	900	0	0	0	0	0	0	0	0	0	0	0	0	0	2547	0	0	0	0	0	0	0	0	0	0	0	63640	0
LFQ	77	0	0	0	0	0	0	0	0	0	0	0	913	0	0	0	0	0	0	0	0	0	0	0	0	0	2483	0	0	0	0	0	0	0	0	0	0	0	63691	0
LFQ	78	0	0	0	0	0	0	0	0	0	0	0	868	0	0	0	0	0	0	0	0	0	0	0	0	0	2413	0	0	0	0	0	0	0	0	0	0	0	63806	0
LFQ	79	0	0	0	0	0	0	0	0	0	0	0	873	0	0	0	0	0	0	0	0	0	0	0	0	0	2505	0	0	0	0	0	0	0	0	0	0	0	63709	0
LFQ	80	0	0	0	0	0	0	0	0	0	0	0	955	0	0	0	0	0	0	0	0	0	0	0	0	0	2608	0	0	0	0	0	0	0	0	0	0	0	63524	0
LFQ	81	0	0	0	0	0	0	0	0	0	0	0	867	0	0	0	0	0	0	0	0	0	0	0	0	0	2474	0	0	0	0	0	0	0	0	0	0	0	63746	0
LFQ	82	0	0	0	0	0	0	0	0	0	0	0	955	0	0	0	0	0	0	0	0	0	0	0	0	0	2461	0	0	0	0	0	0	0	0	0	0	0	63671	0
LFQ	83	0	0	0	0	0	0	0	0	0	0	0	1009	0	0	0	0	0	0	0	0	0	0	0	0	0	2677	0	0	0	0	0	0	0	0	0	0	0	63401	0
LFQ	84	0	0	0	0	0	0	0	0	0	0	0	928	0	0	0	0	0	0	0	0	0	0	0	0	0	2424	0	0	0	0	0	0	0	0	0	0	0	63735	0
LFQ	85	0	0	0	0	0	0	0	0	0	0	0	931	0	0	0	0	0	0	0	0	0	0	0	0	0	2530	0	0	0	0	0	0	0	0	0	0	0	63626	0
LFQ	86	0	0	0	0	0	0	0	0	0	0	0	936	0	0	0	0	0	0	0	0	0	0	0	0	0	2486	0	0	0	0	0	0	0	0	0	0	0	63665	0
LFQ	87	0	0	1	0	0	0	0	0	0	0	0	1062	0	0	0	0	0	0	0	0	0	0	0	0	0	2673	0	0	0	0	0	0	0	0	0	0	0	63351	0
LFQ	88	0	0	0	0	0	0	0	0	0	0	0	1099	0	0	0	0	0	0	0	0	0	0	0	0	0	2864	0	0	0	0	0	0	0	0	0	0	0	63124	0
LFQ	89	0	0	0	0	0	0	0	0	0	0	0	1105	0	0	0	0	0	0	0	0	0	0	0	0	0	2726	0	0	0	0	0	0	0	0	0	0	0	63256	0
LFQ	90	0	0	0	0	0	0	0	0	0	0	0	1047	0	0	0	0	0	0	0	0	0	0	0	0	0	2704	0	0	0	0	0	0	0	0	0	0	0	63336	0
LFQ	91	0	0	0	0	0	0	0	0	0	0	0	1046	0	0	0	0	0	0	0	0	0	0	0	0	0	2786	0	0	0	0	0	0	0	0	0	0	0	63255	0
LFQ	92	0	0	0	0	0	0	0	0	0	0	0	1010	0	0	0	0	0	0	0	0	0	0	0	0	0	2866	0	0	0	0	0	0	0	0	0	0	0	63211	0
LFQ	93	0	0	0	0	0	0	0	0	0	0	0	1086	0	0	0	0	0	0	0	0	0	0	0	0	0	2952	0	0	0	0	0	0	0	0	0	0	0	63049	0
LFQ	94	0	0	0	0	0	0	0	0	0	0	0	1109	0	0	0	0	0	0	0	0	0	0	0	0	0	2920	0	0	0	0	0	0	0	0	0	0	0	63058	0
LFQ	95	0	0	0	0	0	0	0	0	0	0	0	1047	0	0	0	0	0	0	0	0	0	0	0	0	0	2886	0	0	0	0	0	0	0	0	0	0	0	63154	0
LFQ	96	0	0	0	0	0	0	0	0	0	0	0	1128	0	0	0	0	0	0	0	0	0	0	0	0	0	2858	0	0	0	0	0	0	0	0	0	0	0	63101	0
LFQ	97	0	0	0	0	0	0	0	0	0	0	0	1037	0	0	0	0	0	0	0	0	0	0	0	0	0	2892	0	0	0	0	0	0	0	0	0	0	0	63158	0
LFQ	98	0	0	0	0	0	0	0	0	0	0	0	1081	0	0	0	0	0	0	0	0	0	0	0	0	0	2879	0	0	0	0	0	0	0	0	0	0	0	63127	0
LFQ	99	0	0	0	0	0	0	0	0	0	0	0	1267	0	0	0	0	0	0	0	0	0	0	0	0	0	3057	0	0	0	0	0	0	0	0	0	0	0	62763	0
LFQ	100	0	0	0	0	0	0	0	0	0	0	0	1118	0	0	0	0	0	0	0	0	0	0	0	0	0	2913	0	0	0	0	0	0	0	0	0	0	0	63056	0
LFQ	101	0	0	0	0	0	0	0	0	0	0	0	1103	0	0	0	0	0	0	0	0	0	0	0	0	0	2928	0	0	0	0	0	0	0	0	0	0	0	63056	0
LFQ	102	0	0	0	0	0	0	0	0	0	0	0	1120	0	0	0	0	0	0	0	0	0	0	0	0	0	2976	0	0	0	0	0	0	0	0	0	0	0	62991	0
LFQ	103	0	0	0	0	0	0	0	0	0	0	0	1153	0	0	0	0	0	0	0	0	0	0	0	0	0	3088	0	0	0	0	0	0	0	0	0	0	0	62846	0
LFQ	104	0	0	0	0	0	0	0	0	0	0	0	1235	0	0	0	0	0	0	0	0	0	0	0	0	0	3110	0	0	0	0	0	0	0	0	0	0	0	62742	0
LFQ	105	0	0	0	0	0	0	0	0	0	0	0	1160	0	0	0	0	0	0	0	0	0	0	0	0	0	2990	0	0	0	0	0	0	0	0	0	0	0	62937	0
LFQ	106	0	0	0	0	0	0	0	0	0	0	0	1160	0	0	0	0	0	0	0	0	0	0	0	0	0	3010	0	0	0	0	0	0	0	0	0	0	0	62917	0
LFQ	107	0	0	0	0	0	0	0	0	0	0	0	1198	0	0	0	0	0	0	0	0	0	0	0	0	0	2865	0	0	0	0	0	0	0	0	0	0	0	63024	0
LFQ	108	0	0	0	0	0	0	0	0	0	0	0	1299	0	0	0	0	0	0	0	0	0	0	0	0	0	3160	0	0	0	0	0	0	0	0	0	0	0	62628	0
LFQ	109	0	0	0	0	0	0	0	0	0	0	0	1213	0	0	0	0	0	0	0	0	0	0	0	0	0	3067	0	0	0	0	0	0	0	0	0	0	0	62807	0
LFQ	110	0	0	0	0	0	0	0	0	0	0	0	1354	0	0	0	0	0	0	0	0	0	0	0	0	0	3384	0	0	0	0	0	0	0	0	0	0	0	62349	0
LFQ	111	0	0	0	0	0	0	0	0	0	0	0	1299	0	0	0	0	0	0	0	0	0	0	0	0	0	3349	0	0	0	0	0	0	0	0	0	0	0	62439	0
LFQ	112	0	0	0	0	0	0	0	0	0	0	0	1314	0	0	0	0	0	0	0	0	0	0	0	0	0	3203	0	0	0	0	0	0	0	0	0	0	0	62570	0
LFQ	113	0	0	0	0	0	0	0	0	0	0	0	1216	0	0	0	0	0	0	0	0	0	0	0	0	0	3323	0	0	0	0	0	0	0	0	0	0	0	62548	0
LFQ	114	0	0	0	0	0	0	0	0	0	0	0	1369	0	0	0	0	0	0	0	0	0	0	0	0	0	3417	0	0	0	0	0	0	0	0	0	0	0	62301	0
LFQ	115	0	0	0	0	0	0	0	0	0	0	0	1370	0	0	0	0	0	0	0	0	0	0	0	0	0	3453	0	0	0	0	0	0	0	0	0	0	0	62264	0
LFQ	116	0	0	0	0	0	0	0	0	0	0	0	1433	0	0	0	0	0	0	0	0	0	0	0	0	0	3357	0	0	0	0	0	0	0	0	0	0	0	62297	0
LFQ	117	0	0	0	0	0	0	0	0	0	0	0	1370	0	0	0	0	0	0	0	0	0	0	0	0	0	3425	0	0	0	0	0	0	0	0	0	0	0	62292	0
LFQ	118	0	0	3	0	0	0	0	0	0	0	0	1471	0	0	0	0	0	0	0	0	0	0	0	0	0	3481	0	0	0	0	0	0	0	0	0	0	0	62132	0
LFQ	119	0	0	0	0	0	0	0	0	0	0	0	1474	0	0	0	0	0	0	0	0	0	0	0	0	0	3420	0	0	0	0	0	0	0	0	0	0	0	62193	0
LFQ	120	0	0	0	0	0	0	0	0	0	0	0	1521	0	0	0	0	0	0	0	0	0	0	0	0	0	3690	0	0	0	0	0	0	0	0	0	0	0	61876	0
LFQ	121	0	0	1	0	0	0	0	0	0	0	0	1431	0	0	0	0	0	0	0	0	0	0	0	0	0	3604	0	0	0	0	0	0	0	0	0	0	0	62051	0
LFQ	122	0	0	0	0	0	0	0	0	0	0	0	1398	0	0	0	0	0	0	0	0	0	0	0	0	0	3423	0	0	0	0	0	0	0	0	0	0	0	62266	0
LFQ	123	0	0	0	0	0	0	0	0	0	0	0	1471	0	0	0	0	0	0	0	0	0	0	0	0	0	3594	0	0	0	0	0	0	0	0	0	0	0	62022	0
LFQ	124	0	0	0	0	0	0	0	0	0	0	0	1624	0	0	0	0	0	0	0	0	0	0	0	0	0	3748	0	0	0	0	0	0	0	0	0	0	0	61715	0
LFQ	125	0	0	0	0	0	0	0	0	0	0	0	1662	0	0	0	0	0	0	0	0	0	0	0	0	0	3764	0	0	0	0	0	0	0	0	0	0	0	61661	0
LFQ	126	0	0	0	0	0	0	0	0	0	0	0	1685	0	0	0	0	0	0	0	0	0	0	0	0	0	3699	0	0	0	0	0	0	0	0	0	0	0	61703	0
LFQ	127	0	0	0	0	0	0	0	0	0	0	0	1648	0	0	0	0	0	0	0	0	0	0	0	0	0	3796	0	0	0	0	0	0	0	0	0	0	0	61643	0
LFQ	128	0	0	0	0	0	0	0	0	0	0	0	1628	0	0	0	0	0	0	0	0	0	0	0	0	0	3827	0	0	0	0	0	0	0	0	0	0	0	61632	0
LFQ	129	0	0	0	0	0	0	0	0	0	0	0	1693	0	0	0	0	0	0	0	0	0	0	0	0	0	3921	0	0	0	0	0	0	0	0	0	0	0	61473	0
LFQ	130	0	0	0	0	0	0	0	0	0	0	0	1794	0	0	0	0	0	0	0	0	0	0	0	0	0	4001	0	0	0	0	0	0	0	0	0	0	0	61292	0
LFQ	131	0	0	0	0	0	0	0	0	0	0	0	1804	0	0	0	0	0	0	0	0	0	0	0	0	0	4210	0	0	0	0	0	0	0	0	0	0	0	61073	0
LFQ	132	0	0	0	0	0	0	0	0	0	0	0	1875	0	0	0	0	0	0	0	0	0	0	0	0	0	4226	0	0	0	0	0	0	0	0	0	0	0	60986	0
LFQ	133	0	0	0	0	0	0	0	0	0	0	0	1893	0	0	0	0	0	0	0	0	0	0	0	0	0	4071	0	0	0	0	0	0	0	0	0	0	0	61123	0
LFQ	134	0	0	0	0	0	0	0	0	0	0	0	1803	0	0	0	0	0	0	0	0	0	0	0	0	0	4096	0	0	0	0	0	0	0	0	0	0	0	61188	0
LFQ	135	0	0	0	0	0	0	0	0	0	0	0	1750	0	0	0	0	0	0	0	0	0	0	0	0	0	3824	0	0	0	0	0	0	0	0	0	0	0	61513	0
LFQ	136	0	0	0	0	0	0	0	0	0	0	0	1788	0	0	0	0	0	0	0	0	0	0	0	0	0	4021	0	0	0	0	0	0	0	0	0	0	0	61278	0
LFQ	137	0	0	0	0	0	0	0	0	0	0	0	1884	0	0	0	0	0	0	0	0	0	0	0	0	0	4271	0	0	0	0	0	0	0	0	0	0	0	60932	0
LFQ	138	0	0	0	0	0	0	0	0	0	0	0	1800	0	0	0	0	0	0	0	0	0	0	0	0	0	4005	0	0	0	0	0	0	0	0	0	0	0	61238	0
LFQ	139	0	0	0	0	0	0	0	0	0	0	0	1686	0	0	0	0	0	0	0	0	0	0	0	0	0	3941	0	0	0	0	0	0	0	0	0	0	0	61389	0
LFQ	140	0	0	0	0	0	0	0	0	0	0	0	1965	0	0	0	0	0	0	0	0	0	0	0	0	0	4392	0	0	0	0	0	0	0	0	0	0	0	60611	0
LFQ	141	0	0	0	0	0	0	0	0	0	0	0	2198	0	0	0	0	0	0	0	0	0	0	0	0	0	4632	0	0	0	0	0	0	0	0	0	0	0	60097	0
LFQ	142	0	0	0	0	0	0	0	0	0	0	0	2151	0	0	0	0	0	0	0	0	0	0	0	0	0	4573	0	0	0	0	0	0	0	0	0	0	0	60150	0
LFQ	143	0	0	0	0	0	0	0	0	0	0	0	2018	0	0	0	0	0	0	0	0	0	0	0	0	0	4537	0	0	0	0	0	0	0	0	0	0	0	60268	0
LFQ	144	0	0	0	0	0	0	0	0	0	0	0	2024	0	0	0	0	0	0	0	0	0	0	0	0	0	4533	0	0	0	0	0	0	0	0	0	0	0	60208	0
LFQ	145	0	0	2	0	0	0	0	0	0	0	0	1902	0	0	0	0	0	0	0	0	0	0	0	0	0	4271	0	0	0	0	0	0	0	0	0	0	0	60543	0
LFQ	146	0	0	0	0	0	0	0	0	0	0	0	1987	0	0	0	0	0	0	0	0	0	0	0	0	0	4382	0	0	0	0	0	0	0	0	0	0	0	60315	0
LFQ	147	0	0	0	0	0	0	0	0	0	0	0	1939	0	0	0	0	0	0	0	0	0	0	0	0	0	4377	0	0	0	0	0	0	0	0	0	0	0	60176	0
LFQ	148	0	0	0	0	0	0	0	0	0	0	0	1845	0	0	0	0	0	0	0	0	0	0	0	0	0	4145	0	0	0	0	0	0	0	0	0	0	0	58535	0
LFQ	149	0	0	0	0	0	0	0	0	0	0	0	1914	0	0	0	0	0	0	0	0	0	0	0	0	0	4227	0	0	0	0	0	0	0	0	0	0	0	58384	0
LFQ	150	0	0	0	0	0	0	0	0	0	0	0	2017	0	0	0	0	0	0	0	0	0	0	0	0	0	4403	0	0	0	0	0	0	0	0	0	0	0	58078	0
# GC Content of first fragments. Use `grep ^GCF | cut -f 2-` to extract this part.
GCF	12.56	0
GCF	25.38	1
GCF	26.13	0
GCF	27.14	1
GCF	28.14	2
GCF	28.89	0
GCF	29.40	8
GCF	30.15	9
GCF	30.90	12
GCF	31.41	40
GCF	31.91	393
GCF	32.41	396
GCF	32.91	2037
GCF	33.42	1742
GCF	33.92	2241
GCF	34.42	4785
GCF	34.92	4780
GCF	35.43	3777
GCF	35.93	4426
GCF	36.43	4207
GCF	36.93	4038
GCF	37.44	2887
GCF	37.94	3633
GCF	38.44	3383
GCF	38.94	3358
GCF	39.45	3702
GCF	39.95	4045
GCF	40.45	4701
GCF	40.95	4792
GCF	41.46	3823
GCF	41.96	2429
GCF	42.46	1896
GCF	42.96	1899
GCF	43.47	5245
GCF	43.97	2030
GCF	44.47	1215
GCF	44.97	1232
GCF	45.48	446
GCF	45.98	878
GCF	46.73	76
GCF	47.49	14
GCF	47.99	1
GCF	48.74	0
GCF	49.50	3
GCF	53.02	0
GCF	56.78	2
GCF	57.54	1
# GC Content of last fragments. Use `grep ^GCL | cut -f 2-` to extract this part.
GCL	3.52	0
GCL	7.29	1
GCL	9.05	0
GCL	10.80	1
GCL	11.81	0
GCL	12.81	1
GCL	13.82	0
GCL	14.82	1
GCL	15.83	0
GCL	16.83	1
GCL	18.09	0
GCL	19.35	1
GCL	20.10	2
GCL	20.85	1
GCL	21.36	2
GCL	22.36	1
GCL	23.37	0
GCL	24.12	1
GCL	24.87	2
GCL	25.38	4
GCL	26.13	1
GCL	26.88	3
GCL	27.39	2
GCL	28.14	8
GCL	28.89	4
GCL	29.40	11
GCL	29.90	10
GCL	30.40	12
GCL	30.90	46
GCL	31.41	270
GCL	31.91	769
GCL	32.41	759
GCL	32.91	1159
GCL	33.42	2169
GCL	33.92	3369
GCL	34.42	3638
GCL	34.92	3591
GCL	35.43	4221
GCL	35.93	4049
GCL	36.43	3718
GCL	36.93	3724
GCL	37.44	4203
GCL	37.94	4202
GCL	38.44	3550
GCL	38.94	3703
GCL	39.45	3258
GCL	39.95	4297
GCL	40.45	3996
GCL	40.95	4068
GCL	41.46	3729
GCL	41.96	3246
GCL	42.46	2258
GCL	42.96	2473
GCL	43.47	3028
GCL	43.97	3390
GCL	44.47	1639
GCL	44.97	1582
GCL	45.48	1803
GCL	45.98	624
GCL	46.48	66
GCL	46.98	64
GCL	47.49	12
GCL	47.99	6
GCL	48.74	1
GCL	49.50	2
GCL	50.00	3
GCL	51.76	0
GCL	53.77	2
GCL	54.77	1
GCL	55.53	3
GCL	56.53	0
GCL	57.79	1
GCL	58.79	0
GCL	59.55	1
GCL	61.81	0
GCL	64.57	1
GCL	67.59	0
GCL	70.10	1
GCL	70.60	0
GCL	71.36	1
GCL	75.13	0
GCL	78.64	1
GCL	79.65	0
GCL	80.65	1
GCL	85.93	0
GCL	91.46	1
# ACGT content per cycle. Use `grep ^GCC | cut -f 2-` to extract this part. The columns are: cycle; A,C,G,T base counts as a percentage of all A/C/G/T bases [%]; and N and O counts as a percentage of all A/C/G/T bases [%]
GCC	1	22.70	23.38	36.93	16.99	0.00	0.00
GCC	2	30.05	14.91	31.02	24.02	0.00	0.00
GCC	3	29.54	15.07	32.79	22.60	0.00	0.00
GCC	4	30.94	17.90	28.02	23.15	0.00	0.00
GCC	5	29.60	16.87	26.04	27.48	0.00	0.00
GCC	6	33.73	16.70	22.37	27.20	0.01	0.00
GCC	7	29.51	14.70	18.92	36.87	0.00	0.00
GCC	8	30.05	15.02	22.01	32.93	0.00	0.00
GCC	9	29.68	14.72	23.47	32.13	0.00	0.00
GCC	10	34.40	12.39	20.30	32.91	0.00	0.00
GCC	11	28.68	16.08	23.15	32.09	0.00	0.00
GCC	12	26.30	18.23	25.88	29.59	0.00	0.00
GCC	13	27.42	16.39	23.49	32.70	0.00	0.00
GCC	14	29.61	17.80	21.15	31.44	0.00	0.00
GCC	15	31.05	18.58	20.50	29.86	0.00	0.00
GCC	16	32.15	15.06	22.84	29.94	0.00	0.00
GCC	17	31.05	16.36	22.38	30.21	0.00	0.00
GCC	18	31.40	15.94	22.17	30.48	0.00	0.00
GCC	19	29.33	15.75	22.95	31.97	0.00	0.00
GCC	20	29.57	15.02	25.67	29.73	0.00	0.00
GCC	21	30.96	16.04	23.43	29.57	0.00	0.00
GCC	22	28.45	15.26	23.86	32.43	0.00	0.00
GCC	23	32.31	14.13	22.91	30.65	0.00	0.00
GCC	24	29.72	16.56	23.57	30.15	0.00	0.00
GCC	25	29.20	15.40	21.79	33.61	0.00	0.00
GCC	26	31.50	16.28	20.07	32.15	0.00	0.00
GCC	27	29.81	14.31	24.43	31.45	0.00	0.00
GCC	28	29.50	13.23	25.12	32.15	0.00	0.00
GCC	29	30.72	15.61	20.06	33.61	0.00	0.00
GCC	30	30.10	14.92	23.74	31.24	0.00	0.00
GCC	31	29.09	16.17	22.90	31.84	0.00	0.00
GCC	32	29.85	15.73	23.29	31.13	0.00	0.00
GCC	33	30.66	16.68	21.95	30.70	0.00	0.00
GCC	34	31.11	17.37	22.48	29.04	0.00	0.00
GCC	35	30.27	15.53	23.46	30.75	0.00	0.00
GCC	36	30.19	16.38	22.33	31.10	0.00	0.00
GCC	37	29.60	15.34	23.68	31.38	0.00	0.00
GCC	38	29.04	16.84	21.67	32.45	0.00	0.00
GCC	39	29.82	15.56	21.82	32.81	0.00	0.00
GCC	40	29.33	14.35	24.71	31.61	0.00	0.00
GCC	41	30.40	14.76	24.90	29.94	0.00	0.00
GCC	42	32.62	15.25	23.27	28.86	0.00	0.00
GCC	43	28.18	15.59	23.81	32.43	0.00	0.00
GCC	44	29.30	16.88	23.65	30.17	0.00	0.00
GCC	45	30.52	15.60	22.60	31.28	0.00	0.00
GCC	46	31.35	15.09	20.89	32.67	0.00	0.00
GCC	47	31.30	15.35	21.73	31.61	0.00	0.00
GCC	48	31.58	16.21	20.97	31.23	0.00	0.00
GCC	49	31.41	15.19	24.06	29.34	0.00	0.00
GCC	50	31.41	16.61	22.85	29.13	0.00	0.00
GCC	51	32.71	15.61	21.79	29.90	0.00	0.00
GCC	52	32.19	15.69	22.43	29.69	0.00	0.00
GCC	53	30.71	15.95	23.35	29.99	0.00	0.00
GCC	54	29.04	16.15	22.90	31.91	0.00	0.00
GCC	55	27.82	15.39	23.54	33.24	0.00	0.00
GCC	56	29.16	15.29	25.11	30.44	0.00	0.00
GCC	57	28.67	15.21	23.84	32.28	0.00	0.00
GCC	58	29.67	15.08	24.73	30.53	0.00	0.00
GCC	59	29.01	15.37	22.19	33.43	0.00	0.00
GCC	60	29.08	15.98	22.59	32.35	0.00	0.00
GCC	61	30.40	15.65	22.10	31.85	0.00	0.00
GCC	62	27.14	15.95	23.03	33.89	0.00	0.00
GCC	63	30.17	16.00	21.58	32.25	0.00	0.00
GCC	64	30.07	16.20	22.58	31.15	0.00	0.00
GCC	65	29.70	16.69	23.01	30.60	0.00	0.00
GCC	66	28.62	17.20	21.91	32.27	0.00	0.00
GCC	67	31.01	15.66	20.85	32.48	0.00	0.00
GCC	68	32.27	15.00	20.38	32.36	0.00	0.00
GCC	69	32.28	14.37	21.93	31.42	0.00	0.00
GCC	70	30.58	15.66	21.69	32.07	0.00	0.00
GCC	71	31.27	14.59	21.03	33.10	0.00	0.00
GCC	72	30.02	14.54	23.25	32.18	0.00	0.00
GCC	73	29.31	15.05	23.83	31.81	0.00	0.00
GCC	74	29.21	15.96	24.42	30.41	0.00	0.00
GCC	75	29.92	14.05	24.53	31.50	0.00	0.00
GCC	76	30.03	13.52	24.37	32.08	0.00	0.00
GCC	77	30.38	13.98	24.33	31.31	0.00	0.00
GCC	78	28.46	15.07	22.06	34.41	0.00	0.00
GCC	79	30.11	14.24	24.14	31.51	0.00	0.00
GCC	80	28.91	15.72	22.69	32.68	0.00	0.00
GCC	81	27.11	17.38	26.38	29.12	0.00	0.00
GCC	82	29.63	16.05	23.80	30.52	0.00	0.00
GCC	83	28.52	16.25	24.14	31.09	0.00	0.00
GCC	84	28.94	14.76	25.38	30.92	0.00	0.00
GCC	85	29.18	15.25	23.14	32.44	0.00	0.00
GCC	86	30.48	14.79	23.03	31.69	0.00	0.00
GCC	87	32.74	13.96	21.22	32.08	0.00	0.00
GCC	88	31.07	14.03	22.52	32.39	0.00	0.00
GCC	89	32.33	13.67	23.48	30.52	0.00	0.00
GCC	90	31.90	15.79	21.67	30.63	0.00	0.00
GCC	91	30.05	16.63	23.85	29.47	0.00	0.00
GCC	92	31.04	15.31	24.07	29.58	0.00	0.00
GCC	93	31.52	16.58	21.95	29.95	0.00	0.00
GCC	94	30.55	16.16	21.82	31.47	0.00	0.00
GCC	95	32.38	16.63	20.50	30.49	0.00	0.00
GCC	96	29.67	17.04	20.96	32.33	0.00	0.00
GCC	97	27.67	16.09	23.32	32.93	0.00	0.00
GCC	98	29.34	15.12	23.67	31.88	0.00	0.00
GCC	99	29.08	16.57	22.99	31.36	0.00	0.00
GCC	100	30.95	14.00	22.62	32.43	0.00	0.00
GCC	101	31.06	16.55	21.90	30.48	0.00	0.00
GCC	102	32.64	14.83	22.94	29.59	0.00	0.00
GCC	103	31.77	15.45	22.75	30.02	0.00	0.00
GCC	104	30.06	17.02	22.45	30.47	0.00	0.00
GCC	105	31.56	15.71	22.91	29.83	0.00	0.00
GCC	106	30.68	16.65	23.77	28.90	0.00	0.00
GCC	107	29.62	15.73	24.35	30.30	0.00	0.00
GCC	108	28.84	15.38	26.36	29.43	0.00	0.00
GCC	109	30.11	14.81	24.89	30.19	0.00	0.00
GCC	110	30.34	15.76	21.68	32.22	0.00	0.00
GCC	111	29.46	17.06	23.45	30.03	0.00	0.00
GCC	112	32.25	14.71	22.98	30.06	0.00	0.00
GCC	113	33.23	15.11	22.18	29.48	0.00	0.00
GCC	114	32.56	13.37	25.01	29.06	0.00	0.00
GCC	115	31.34	14.62	23.93	30.11	0.00	0.00
GCC	116	30.46	14.23	23.87	31.43	0.00	0.00
GCC	117	30.52	17.24	23.17	29.08	0.00	0.00
GCC	118	32.02	15.65	20.52	31.82	0.00	0.00
GCC	119	32.80	15.60	20.34	31.26	0.00	0.00
GCC	120	32.90	16.04	20.02	31.04	0.00	0.00
GCC	121	30.64	14.78	23.30	31.28	0.00	0.00
GCC	122	31.06	15.24	23.48	30.22	0.00	0.00
GCC	123	32.01	14.67	23.39	29.93	0.00	0.00
GCC	124	27.53	16.12	25.23	31.13	0.00	0.00
GCC	125	29.21	15.55	24.67	30.57	0.00	0.00
GCC	126	30.80	15.07	22.96	31.16	0.00	0.00
GCC	127	28.61	15.54	21.57	34.27	0.00	0.00
GCC	128	29.97	15.13	22.47	32.43	0.00	0.00
GCC	129	32.32	14.72	22.14	30.81	0.00	0.00
GCC	130	30.71	14.67	22.07	32.54	0.00	0.00
GCC	131	31.11	14.47	22.95	31.47	0.00	0.00
GCC	132	29.87	13.78	23.34	33.01	0.00	0.00
GCC	133	29.86	13.09	24.01	33.03	0.00	0.00
GCC	134	29.41	13.65	23.98	32.96	0.00	0.00
GCC	135	28.77	14.60	23.51	33.12	0.00	0.00
GCC	136	29.93	14.91	24.21	30.95	0.00	0.00
GCC	137	30.79	14.39	24.89	29.94	0.00	0.00
GCC	138	32.35	13.96	22.30	31.40	0.00	0.00
GCC	139	31.17	14.75	22.47	31.61	0.00	0.00
GCC	140	30.73	15.07	24.74	29.47	0.00	0.00
GCC	141	31.34	15.71	22.05	30.90	0.00	0.00
GCC	142	31.89	14.68	21.48	31.94	0.00	0.00
GCC	143	31.16	15.62	23.28	29.94	0.00	0.00
GCC	144	31.55	16.78	22.64	29.02	0.00	0.00
GCC	145	30.56	17.30	22.48	29.66	0.00	0.00
GCC	146	28.83	17.14	23.27	30.76	0.00	0.00
GCC	147	30.36	17.92	23.43	28.28	0.00	0.00
GCC	148	29.09	15.36	22.05	33.50	0.00	0.00
GCC	149	29.71	14.52	23.65	32.11	0.00	0.00
GCC	150	29.27	13.83	25.01	31.89	0.00	0.00
# ACGT content per cycle for first fragments. Use `grep ^FBC | cut -f 2-` to extract this part. The columns are: cycle; A,C,G,T base counts as a percentage of all A/C/G/T bases [%]; and N and O counts as a percentage of all A/C/G/T bases [%]
FBC	1	13.88	23.73	46.23	16.16	0.00	0.00
FBC	2	27.93	19.51	36.03	16.53	0.00	0.00
FBC	3	24.85	15.83	43.21	16.12	0.00	0.00
FBC	4	26.04	23.09	30.65	20.22	0.00	0.00
FBC	5	23.77	22.02	25.73	28.48	0.00	0.00
FBC	6	24.92	19.99	24.70	30.39	0.03	0.00
FBC	7	36.74	13.06	18.67	31.53	0.00	0.00
FBC	8	33.94	10.82	21.92	33.32	0.01	0.00
FBC	9	34.02	11.16	23.34	31.48	0.00	0.00
FBC	10	30.72	11.53	19.10	38.65	0.00	0.00
FBC	11	23.21	14.95	23.24	38.61	0.00	0.00
FBC	12	24.60	18.41	26.69	30.29	0.00	0.00
FBC	13	26.31	16.59	22.73	34.37	0.00	0.00
FBC	14	28.96	18.12	20.87	32.05	0.00	0.00
FBC	15	30.92	18.51	19.25	31.32	0.00	0.00
FBC	16	32.74	16.02	21.97	29.26	0.00	0.00
FBC	17	33.18	16.96	19.92	29.94	0.00	0.00
FBC	18	32.82	15.20	21.96	30.03	0.00	0.00
FBC	19	30.40	12.86	24.13	32.61	0.00	0.00
FBC	20	31.69	13.05	28.10	27.16	0.00	0.00
FBC	21	29.33	15.11	25.16	30.40	0.00	0.00
FBC	22	25.59	14.94	24.52	34.96	0.00	0.00
FBC	23	30.60	13.42	24.77	31.21	0.00	0.00
FBC	24	27.92	16.52	24.67	30.89	0.00	0.00
FBC	25	28.05	16.75	21.87	33.34	0.00	0.00
FBC	26	30.66	16.06	19.20	34.08	0.00	0.00
FBC	27	30.23	13.64	25.26	30.87	0.00	0.00
FBC	28	27.68	12.05	26.08	34.19	0.00	0.00
FBC	29	27.78	16.12	19.80	36.30	0.00	0.00
FBC	30	28.63	14.45	25.09	31.83	0.00	0.00
FBC	31	28.38	13.89	24.09	33.64	0.00	0.00
FBC	32	29.93	16.50	22.19	31.38	0.00	0.00
FBC	33	30.20	16.47	21.88	31.46	0.00	0.00
FBC	34	32.43	19.57	22.09	25.91	0.00	0.00
FBC	35	29.06	17.74	23.23	29.96	0.00	0.00
FBC	36	29.74	16.91	20.41	32.94	0.00	0.00
FBC	37	28.84	14.11	23.79	33.26	0.00	0.00
FBC	38	27.62	17.19	21.65	33.53	0.00	0.00
FBC	39	28.82	16.20	21.21	33.76	0.00	0.00
FBC	40	28.86	13.29	26.71	31.14	0.00	0.00
FBC	41	28.50	13.92	25.61	31.97	0.00	0.00
FBC	42	32.76	13.89	23.62	29.73	0.00	0.00
FBC	43	27.44	14.53	23.62	34.41	0.00	0.00
FBC	44	29.21	16.78	23.60	30.41	0.00	0.00
FBC	45	31.74	13.57	23.48	31.22	0.00	0.00
FBC	46	31.55	14.39	18.94	35.11	0.00	0.00
FBC	47	33.02	13.76	20.00	33.22	0.00	0.00
FBC	48	31.98	16.54	19.82	31.66	0.00	0.00
FBC	49	31.89	14.94	25.43	27.74	0.00	0.00
FBC	50	35.86	15.85	22.09	26.20	0.00	0.00
FBC	51	33.97	14.70	23.04	28.29	0.00	0.00
FBC	52	34.06	13.50	22.74	29.70	0.00	0.00
FBC	53	31.42	15.15	24.13	29.31	0.00	0.00
FBC	54	28.21	16.46	24.21	31.11	0.00	0.00
FBC	55	29.12	15.44	22.17	33.27	0.00	0.00
FBC	56	30.64	14.56	26.65	28.16	0.00	0.00
FBC	57	28.10	13.08	26.17	32.64	0.00	0.00
FBC	58	28.80	13.44	27.27	30.50	0.00	0.00
FBC	59	27.30	13.91	23.45	35.33	0.00	0.00
FBC	60	29.28	14.16	23.35	33.21	0.00	0.00
FBC	61	31.76	14.51	22.07	31.66	0.00	0.00
FBC	62	26.44	14.42	23.13	36.01	0.00	0.00
FBC	63	30.46	16.37	19.29	33.88	0.00	0.00
FBC	64	31.59	17.02	21.12	30.27	0.00	0.00
FBC	65	30.36	18.11	20.05	31.47	0.00	0.00
FBC	66	28.75	18.56	21.24	31.44	0.00	0.00
FBC	67	30.71	16.68	21.05	31.57	0.00	0.00
FBC	68	32.84	13.89	18.54	34.73	0.00	0.00
FBC	69	32.81	14.36	21.50	31.33	0.00	0.00
FBC	70	30.18	16.28	18.94	34.61	0.00	0.00
FBC	71	31.80	13.70	19.74	34.76	0.00	0.00
FBC	72	27.33	14.98	22.65	35.04	0.00	0.00
FBC	73	27.66	15.57	24.07	32.69	0.00	0.00
FBC	74	28.03	16.85	25.44	29.67	0.00	0.00
FBC	75	28.19	12.41	25.95	33.45	0.00	0.00
FBC	76	31.20	11.56	25.08	32.16	0.00	0.00
FBC	77	30.52	13.50	24.38	31.60	0.00	0.00
FBC	78	26.07	13.77	21.51	38.65	0.00	0.00
FBC	79	31.09	11.84	24.57	32.50	0.00	0.00
FBC	80	29.39	16.53	21.76	32.32	0.00	0.00
FBC	81	27.05	18.48	26.66	27.81	0.00	0.00
FBC	82	29.96	16.84	24.41	28.79	0.00	0.00
FBC	83	27.22	17.49	24.12	31.17	0.00	0.00
FBC	84	28.35	13.75	25.92	31.99	0.00	0.00
FBC	85	28.84	14.88	23.58	32.70	0.00	0.00
FBC	86	31.95	13.09	23.28	31.68	0.00	0.00
FBC	87	35.06	13.48	20.95	30.51	0.00	0.00
FBC	88	34.86	12.00	20.49	32.65	0.00	0.00
FBC	89	34.26	11.99	24.55	29.20	0.00	0.00
FBC	90	32.86	16.78	21.71	28.66	0.00	0.00
FBC	91	31.78	16.17	24.81	27.25	0.00	0.00
FBC	92	32.03	16.78	23.97	27.21	0.00	0.00
FBC	93	34.06	16.38	21.16	28.40	0.00	0.00
FBC	94	30.56	16.77	21.13	31.54	0.00	0.00
FBC	95	32.42	17.76	17.97	31.86	0.00	0.00
FBC	96	28.99	17.38	21.43	32.20	0.00	0.00
FBC	97	27.90	16.87	21.89	33.35	0.00	0.00
FBC	98	29.23	14.42	25.36	30.99	0.00	0.00
FBC	99	28.59	17.44	21.63	32.33	0.00	0.00
FBC	100	31.01	13.46	22.26	33.27	0.00	0.00
FBC	101	32.86	16.09	20.67	30.38	0.00	0.00
FBC	102	34.46	14.71	21.14	29.70	0.00	0.00
FBC	103	31.85	15.89	24.21	28.04	0.00	0.00
FBC	104	31.11	17.73	21.38	29.78	0.00	0.00
FBC	105	32.61	13.10	22.66	31.64	0.00	0.00
FBC	106	30.15	16.89	25.16	27.79	0.00	0.00
FBC	107	28.34	15.31	24.79	31.56	0.00	0.00
FBC	108	27.96	13.92	30.11	28.01	0.00	0.00
FBC	109	30.64	15.03	25.53	28.81	0.00	0.00
FBC	110	30.67	16.37	20.39	32.56	0.00	0.00
FBC	111	30.63	16.91	23.27	29.18	0.00	0.00
FBC	112	33.03	13.89	22.30	30.78	0.00	0.00
FBC	113	35.13	13.80	21.64	29.42	0.00	0.00
FBC	114	33.97	12.78	24.90	28.35	0.00	0.00
FBC	115	32.37	12.85	25.58	29.20	0.00	0.00
FBC	116	30.66	14.71	22.97	31.66	0.00	0.00
FBC	117	32.11	19.27	21.00	27.62	0.00	0.00
FBC	118	32.93	17.22	18.70	31.15	0.00	0.00
FBC	119	35.72	16.61	17.57	30.10	0.00	0.00
FBC	120	34.14	16.13	19.63	30.10	0.00	0.00
FBC	121	30.47	14.94	21.99	32.60	0.00	0.00
FBC	122	31.74	14.70	23.90	29.66	0.00	0.00
FBC	123	33.79	13.37	23.55	29.30	0.00	0.00
FBC	124	27.69	15.81	24.46	32.04	0.00	0.00
FBC	125	29.85	14.08	25.44	30.63	0.00	0.00
FBC	126	31.29	14.16	24.44	30.12	0.00	0.00
FBC	127	28.64	14.37	20.95	36.04	0.00	0.00
FBC	128	29.28	14.33	22.10	34.29	0.00	0.00
FBC	129	33.82	11.82	21.69	32.67	0.00	0.00
FBC	130	31.49	13.13	21.96	33.42	0.00	0.00
FBC	131	33.02	13.83	23.27	29.88	0.00	0.00
FBC	132	29.70	13.10	23.96	33.23	0.00	0.00
FBC	133	28.97	12.59	25.41	33.03	0.00	0.00
FBC	134	29.44	12.71	23.23	34.63	0.00	0.00
FBC	135	26.81	13.99	23.69	35.51	0.00	0.00
FBC	136	28.72	15.04	24.05	32.18	0.00	0.00
FBC	137	26.93	15.74	27.32	30.01	0.00	0.00
FBC	138	32.03	12.93	22.44	32.60	0.00	0.00
FBC	139	30.66	16.16	21.35	31.83	0.00	0.00
FBC	140	31.51	15.31	24.36	28.82	0.00	0.00
FBC	141	31.15	15.63	23.05	30.17	0.00	0.00
FBC	142	31.04	15.37	21.10	32.49	0.00	0.00
FBC	143	31.91	16.12	21.71	30.27	0.00	0.00
FBC	144	31.12	18.95	22.10	27.82	0.00	0.00
FBC	145	29.37	19.13	22.53	28.97	0.00	0.00
FBC	146	27.12	17.92	24.26	30.70	0.00	0.00
FBC	147	31.80	17.77	24.29	26.15	0.00	0.00
FBC	148	28.89	15.68	22.78	32.66	0.00	0.00
FBC	149	31.23	14.03	22.87	31.88	0.00	0.00
FBC	150	28.52	15.12	24.07	32.29	0.00	0.00
# ACGT content per cycle for last fragments. Use `grep ^LBC | cut -f 2-` to extract this part. The columns are: cycle; A,C,G,T base counts as a percentage of all A/C/G/T bases [%]; and N and O counts as a percentage of all A/C/G/T bases [%]
LBC	1	31.11	23.04	28.07	17.78	0.00	0.00
LBC	2	32.06	10.53	26.25	31.15	0.00	0.00
LBC	3	34.02	14.34	22.86	28.79	0.00	0.00
LBC	4	35.60	12.95	25.50	25.94	0.00	0.00
LBC	5	35.16	11.97	26.34	26.53	0.00	0.00
LBC	6	42.12	13.57	20.15	24.15	0.00	0.00
LBC	7	22.62	16.27	19.16	41.96	0.00	0.00
LBC	8	26.34	19.01	22.09	32.56	0.00	0.00
LBC	9	25.55	18.11	23.59	32.76	0.00	0.00
LBC	10	37.91	13.21	21.44	27.44	0.00	0.00
LBC	11	33.90	17.17	23.06	25.87	0.00	0.00
LBC	12	27.91	18.06	25.11	28.91	0.00	0.00
LBC	13	28.47	16.20	24.21	31.12	0.00	0.00
LBC	14	30.23	17.50	21.41	30.86	0.00	0.00
LBC	15	31.18	18.65	21.69	28.48	0.00	0.00
LBC	16	31.58	14.15	23.68	30.59	0.00	0.00
LBC	17	29.02	15.79	24.72	30.47	0.00	0.00
LBC	18	30.05	16.65	22.38	30.91	0.00	0.00
LBC	19	28.31	18.50	21.83	31.36	0.00	0.00
LBC	20	27.56	16.90	23.35	32.19	0.00	0.00
LBC	21	32.52	16.92	21.78	28.78	0.00	0.00
LBC	22	31.18	15.57	23.23	30.03	0.00	0.00
LBC	23	33.94	14.80	21.15	30.11	0.00	0.00
LBC	24	31.44	16.59	22.52	29.44	0.00	0.00
LBC	25	30.31	14.11	21.71	33.87	0.00	0.00
LBC	26	32.31	16.48	20.91	30.31	0.00	0.00
LBC	27	29.40	14.96	23.64	31.99	0.00	0.00
LBC	28	31.24	14.35	24.21	30.20	0.00	0.00
LBC	29	33.52	15.12	20.31	31.05	0.00	0.00
LBC	30	31.49	15.36	22.46	30.69	0.00	0.00
LBC	31	29.76	18.35	21.76	30.13	0.00	0.00
LBC	32	29.77	15.00	24.34	30.89	0.00	0.00
LBC	33	31.10	16.89	22.02	29.99	0.00	0.00
LBC	34	29.85	15.27	22.85	32.03	0.00	0.00
LBC	35	31.42	13.42	23.67	31.50	0.00	0.00
LBC	36	30.62	15.87	24.16	29.34	0.00	0.00
LBC	37	30.31	16.52	23.58	29.59	0.00	0.00
LBC	38	30.39	16.51	21.68	31.41	0.00	0.00
LBC	39	30.77	14.94	22.39	31.90	0.00	0.00
LBC	40	29.79	15.36	22.81	32.05	0.00	0.00
LBC	41	32.20	15.57	24.22	28.01	0.00	0.00
LBC	42	32.48	16.54	22.93	28.04	0.00	0.00
LBC	43	28.88	16.61	23.98	30.53	0.00	0.00
LBC	44	29.39	16.98	23.69	29.94	0.00	0.00
LBC	45	29.35	17.54	21.77	31.34	0.00	0.00
LBC	46	31.15	15.76	22.75	30.34	0.00	0.00
LBC	47	29.65	16.87	23.39	30.08	0.00	0.00
LBC	48	31.20	15.90	22.07	30.83	0.00	0.00
LBC	49	30.94	15.44	22.77	30.85	0.00	0.00
LBC	50	27.17	17.34	23.56	31.93	0.00	0.00
LBC	51	31.50	16.47	20.59	31.44	0.00	0.00
LBC	52	30.40	17.78	22.13	29.69	0.00	0.00
LBC	53	30.03	16.72	22.62	30.63	0.00	0.00
LBC	54	29.83	15.86	21.64	32.67	0.00	0.00
LBC	55	26.59	15.34	24.85	33.22	0.00	0.00
LBC	56	27.75	15.99	23.65	32.61	0.00	0.00
LBC	57	29.21	17.24	21.61	31.94	0.00	0.00
LBC	58	30.50	16.65	22.30	30.55	0.00	0.00
LBC	59	30.65	16.76	20.98	31.62	0.00	0.00
LBC	60	28.90	17.71	21.87	31.52	0.00	0.00
LBC	61	29.10	16.74	22.13	32.02	0.00	0.00
LBC	62	27.80	17.40	22.93	31.87	0.00	0.00
LBC	63	29.89	15.66	23.76	30.69	0.00	0.00
LBC	64	28.63	15.41	23.97	31.99	0.00	0.00
LBC	65	29.07	15.33	25.83	29.77	0.00	0.00
LBC	66	28.50	15.90	22.54	33.06	0.00	0.00
LBC	67	31.30	14.68	20.66	33.35	0.00	0.00
LBC	68	31.72	16.05	22.13	30.10	0.00	0.00
LBC	69	31.78	14.38	22.34	31.50	0.00	0.00
LBC	70	30.96	15.07	24.32	29.65	0.00	0.00
LBC	71	30.77	15.45	22.26	31.52	0.00	0.00
LBC	72	32.59	14.13	23.82	29.46	0.00	0.00
LBC	73	30.89	14.55	23.60	30.96	0.00	0.00
LBC	74	30.34	15.11	23.44	31.11	0.00	0.00
LBC	75	31.57	15.62	23.17	29.64	0.00	0.00
LBC	76	28.92	15.40	23.68	32.00	0.00	0.00
LBC	77	30.25	14.43	24.27	31.04	0.00	0.00
LBC	78	30.73	16.30	22.60	30.38	0.00	0.00
LBC	79	29.17	16.54	23.72	30.57	0.00	0.00
LBC	80	28.45	14.95	23.56	33.03	0.00	0.00
LBC	81	27.17	16.34	26.12	30.37	0.00	0.00
LBC	82	29.32	15.29	23.21	32.17	0.00	0.00
LBC	83	29.77	15.06	24.16	31.01	0.00	0.00
LBC	84	29.51	15.73	24.86	29.90	0.00	0.00
LBC	85	29.50	15.59	22.72	32.18	0.00	0.00
LBC	86	29.08	16.42	22.79	31.70	0.00	0.00
LBC	87	30.53	14.41	21.48	33.58	0.00	0.00
LBC	88	27.45	15.97	24.44	32.14	0.00	0.00
LBC	89	30.50	15.27	22.46	31.78	0.00	0.00
LBC	90	30.99	14.85	21.63	32.52	0.00	0.00
LBC	91	28.41	17.06	22.94	31.59	0.00	0.00
LBC	92	30.09	13.91	24.16	31.84	0.00	0.00
LBC	93	29.10	16.78	22.70	31.42	0.00	0.00
LBC	94	30.54	15.57	22.48	31.41	0.00	0.00
LBC	95	32.34	15.56	22.91	29.19	0.00	0.00
LBC	96	30.33	16.71	20.50	32.46	0.00	0.00
LBC	97	27.45	15.34	24.68	32.53	0.00	0.00
LBC	98	29.44	15.78	22.05	32.73	0.00	0.00
LBC	99	29.53	15.74	24.29	30.44	0.00	0.00
LBC	100	30.89	14.51	22.98	31.62	0.00	0.00
LBC	101	29.34	17.00	23.08	30.58	0.00	0.00
LBC	102	30.91	14.95	24.66	29.48	0.00	0.00
LBC	103	31.70	15.03	21.36	31.91	0.00	0.00
LBC	104	29.05	16.35	23.47	31.13	0.00	0.00
LBC	105	30.56	18.19	23.15	28.10	0.00	0.00
LBC	106	31.19	16.41	22.44	29.96	0.00	0.00
LBC	107	30.83	16.13	23.94	29.10	0.00	0.00
LBC	108	29.68	16.77	22.78	30.77	0.00	0.00
LBC	109	29.60	14.61	24.27	31.51	0.00	0.00
LBC	110	30.03	15.18	22.90	31.89	0.00	0.00
LBC	111	28.35	17.20	23.61	30.84	0.00	0.00
LBC	112	31.51	15.48	23.63	29.38	0.00	0.00
LBC	113	31.42	16.35	22.70	29.53	0.00	0.00
LBC	114	31.21	13.94	25.11	29.73	0.00	0.00
LBC	115	30.36	16.31	22.35	30.98	0.00	0.00
LBC	116	30.28	13.77	24.74	31.21	0.00	0.00
LBC	117	29.00	15.30	25.23	30.46	0.00	0.00
LBC	118	31.15	14.14	22.25	32.45	0.00	0.00
LBC	119	30.02	14.63	22.99	32.36	0.00	0.00
LBC	120	31.71	15.97	20.39	31.94	0.00	0.00
LBC	121	30.79	14.63	24.55	30.02	0.00	0.00
LBC	122	30.42	15.76	23.08	30.74	0.00	0.00
LBC	123	30.31	15.91	23.23	30.54	0.00	0.00
LBC	124	27.37	16.41	25.96	30.25	0.00	0.00
LBC	125	28.60	16.96	23.95	30.50	0.00	0.00
LBC	126	30.34	15.94	21.56	32.16	0.00	0.00
LBC	127	28.58	16.66	22.17	32.59	0.00	0.00
LBC	128	30.62	15.90	22.82	30.66	0.00	0.00
LBC	129	30.90	17.49	22.57	29.04	0.00	0.00
LBC	130	29.97	16.14	22.18	31.71	0.00	0.00
LBC	131	29.30	15.08	22.64	32.98	0.00	0.00
LBC	132	30.03	14.42	22.75	32.80	0.00	0.00
LBC	133	30.72	13.57	22.68	33.03	0.00	0.00
LBC	134	29.38	14.55	24.70	31.36	0.00	0.00
LBC	135	30.63	15.18	23.34	30.85	0.00	0.00
LBC	136	31.08	14.79	24.36	29.77	0.00	0.00
LBC	137	34.46	13.10	22.57	29.88	0.00	0.00
LBC	138	32.65	14.93	22.16	30.26	0.00	0.00
LBC	139	31.65	13.41	23.54	31.40	0.00	0.00
LBC	140	29.98	14.84	25.10	30.08	0.00	0.00
LBC	141	31.52	15.79	21.08	31.60	0.00	0.00
LBC	142	32.71	14.03	21.84	31.41	0.00	0.00
LBC	143	30.44	15.15	24.79	29.62	0.00	0.00
LBC	144	31.96	14.71	23.15	30.18	0.00	0.00
LBC	145	31.71	15.54	22.42	30.33	0.00	0.00
LBC	146	30.47	16.39	22.33	30.82	0.00	0.00
LBC	147	28.98	18.07	22.62	30.33	0.00	0.00
LBC	148	29.28	15.06	21.35	34.31	0.00	0.00
LBC	149	28.26	15.00	24.40	32.34	0.00	0.00
LBC	150	29.99	12.59	25.92	31.50	0.00	0.00
# Insert sizes. Use `grep ^IS | cut -f 2-` to extract this part. The columns are: insert size, pairs total, inward oriented pairs, outward oriented pairs, other pairs
IS	0	141	18	123	0
IS	1	0	0	0	0
IS	2	0	0	0	0
IS	3	0	0	0	0
IS	4	0	0	0	0
IS	5	0	0	0	0
IS	6	0	0	0	0
IS	7	0	0	0	0
IS	8	0	0	0	0
IS	9	0	0	0	0
IS	10	0	0	0	0
IS	11	0	0	0	0
IS	12	0	0	0	0
IS	13	0	0	0	0
IS	14	0	0	0	0
IS	15	0	0	0	0
IS	16	0	0	0	0
IS	17	0	0	0	0
IS	18	0	0	0	0
IS	19	0	0	0	0
IS	20	0	0	0	0
IS	21	0	0	0	0
IS	22	0	0	0	0
IS	23	0	0	0	0
IS	24	0	0	0	0
IS	25	0	0	0	0
IS	26	0	0	0	0
IS	27	0	0	0	0
IS	28	0	0	0	0
IS	29	0	0	0	0
IS	30	0	0	0	0
IS	31	0	0	0	0
IS	32	0	0	0	0
IS	33	0	0	0	0
IS	34	0	0	0	0
IS	35	0	0	0	0
IS	36	0	0	0	0
IS	37	0	0	0	0
IS	38	0	0	0	0
IS	39	0	0	0	0
IS	40	0	0	0	0
IS	41	0	0	0	0
IS	42	0	0	0	0
IS	43	0	0	0	0
IS	44	0	0	0	0
IS	45	0	0	0	0
IS	46	0	0	0	0
IS	47	0	0	0	0
IS	48	0	0	0	0
IS	49	0	0	0	0
IS	50	0	0	0	0
IS	51	0	0	0	0
IS	52	0	0	0	0
IS	53	0	0	0	0
IS	54	0	0	0	0
IS	55	0	0	0	0
IS	56	0	0	0	0
IS	57	0	0	0	0
IS	58	0	0	0	0
IS	59	0	0	0	0
IS	60	0	0	0	0
IS	61	0	0	0	0
IS	62	0	0	0	0
IS	63	0	0	0	0
IS	64	0	0	0	0
IS	65	0	0	0	0
IS	66	0	0	0	0
IS	67	0	0	0	0
IS	68	0	0	0	0
IS	69	0	0	0	0
IS	70	0	0	0	0
IS	71	0	0	0	0
IS	72	0	0	0	0
IS	73	0	0	0	0
IS	74	0	0	0	0
IS	75	0	0	0	0
IS	76	0	0	0	0
IS	77	0	0	0	0
IS	78	0	0	0	0
IS	79	0	0	0	0
IS	80	0	0	0	0
IS	81	0	0	0	0
IS	82	0	0	0	0
IS	83	0	0	0	0
IS	84	0	0	0	0
IS	85	0	0	0	0
IS	86	0	0	0	0
IS	87	0	0	0	0
IS	88	0	0	0	0
IS	89	0	0	0	0
IS	90	0	0	0	0
IS	91	0	0	0	0
IS	92	0	0	0	0
IS	93	0	0	0	0
IS	94	0	0	0	0
IS	95	0	0	0	0
IS	96	0	0	0	0
IS	97	0	0	0	0
IS	98	0	0	0	0
IS	99	0	0	0	0
IS	100	0	0	0	0
IS	101	0	0	0	0
IS	102	0	0	0	0
IS	103	0	0	0	0
IS	104	0	0	0	0
IS	105	0	0	0	0
IS	106	0	0	0	0
IS	107	0	0	0	0
IS	108	0	0	0	0
IS	109	0	0	0	0
IS	110	0	0	0	0
IS	111	0	0	0	0
IS	112	0	0	0	0
IS	113	0	0	0	0
IS	114	0	0	0	0
IS	115	0	0	0	0
IS	116	0	0	0	0
IS	117	0	0	0	0
IS	118	0	0	0	0
IS	119	0	0	0	0
IS	120	0	0	0	0
IS	121	0	0	0	0
IS	122	0	0	0	0
IS	123	0	0	0	0
IS	124	0	0	0	0
IS	125	0	0	0	0
IS	126	0	0	0	0
IS	127	0	0	0	0
IS	128	0	0	0	0
IS	129	0	0	0	0
IS	130	0	0	0	0
IS	131	0	0	0	0
IS	132	0	0	0	0
IS	133	0	0	0	0
IS	134	0	0	0	0
IS	135	0	0	0	0
IS	136	0	0	0	0
IS	137	0	0	0	0
IS	138	0	0	0	0
IS	139	0	0	0	0
IS	140	0	0	0	0
IS	141	0	0	0	0
IS	142	0	0	0	0
IS	143	0	0	0	0
IS	144	0	0	0	0
IS	145	0	0	0	0
IS	146	0	0	0	0
IS	147	0	0	0	0
IS	148	0	0	0	0
IS	149	0	0	0	0
IS	150	68	9	59	0
IS	151	555	155	400	0
IS	152	137	95	42	0
IS	153	121	78	43	0
IS	154	106	101	5	0
IS	155	110	108	2	0
IS	156	93	91	2	0
IS	157	111	111	0	0
IS	158	131	130	1	0
IS	159	114	112	2	0
IS	160	136	136	0	0
IS	161	137	137	0	0
IS	162	139	139	0	0
IS	163	123	122	1	0
IS	164	121	121	0	0
IS	165	132	104	28	0
IS	166	164	143	21	0
IS	167	145	131	14	0
IS	168	146	129	17	0
IS	169	179	169	10	0
IS	170	140	127	13	0
IS	171	185	170	15	0
IS	172	201	189	12	0
IS	173	204	188	16	0
IS	174	198	181	17	0
IS	175	220	206	14	0
IS	176	205	194	11	0
IS	177	193	188	5	0
IS	178	238	235	3	0
IS	179	236	231	5	0
IS	180	248	248	0	0
IS	181	232	232	0	0
IS	182	243	243	0	0
IS	183	256	256	0	0
IS	184	274	274	0	0
IS	185	283	283	0	0
IS	186	266	266	0	0
IS	187	267	267	0	0
IS	188	302	302	0	0
IS	189	356	356	0	0
IS	190	397	397	0	0
IS	191	421	421	0	0
IS	192	422	422	0	0
IS	193	313	313	0	0
IS	194	386	386	0	0
IS	195	392	392	0	0
IS	196	351	351	0	0
IS	197	384	384	0	0
IS	198	370	370	0	0
IS	199	395	395	0	0
IS	200	400	400	0	0
IS	201	475	475	0	0
IS	202	418	418	0	0
IS	203	377	377	0	0
IS	204	501	501	0	0
IS	205	468	468	0	0
IS	206	486	486	0	0
IS	207	482	482	0	0
IS	208	447	447	0	0
IS	209	460	460	0	0
IS	210	453	453	0	0
IS	211	441	441	0	0
IS	212	478	478	0	0
IS	213	476	476	0	0
IS	214	543	543	0	0
IS	215	496	496	0	0
IS	216	519	519	0	0
IS	217	492	492	0	0
IS	218	503	503	0	0
IS	219	533	533	0	0
IS	220	524	524	0	0
IS	221	573	573	0	0
IS	222	542	542	0	0
IS	223	611	611	0	0
IS	224	623	623	0	0
IS	225	614	614	0	0
IS	226	532	532	0	0
IS	227	607	607	0	0
IS	228	602	602	0	0
IS	229	618	618	0	0
IS	230	628	628	0	0
IS	231	592	591	1	0
IS	232	566	566	0	0
IS	233	535	535	0	0
IS	234	531	531	0	0
IS	235	505	505	0	0
IS	236	509	509	0	0
IS	237	552	552	0	0
IS	238	514	514	0	0
IS	239	528	528	0	0
IS	240	516	516	0	0
IS	241	549	549	0	0
IS	242	495	495	0	0
IS	243	526	526	0	0
IS	244	493	493	0	0
IS	245	558	558	0	0
IS	246	578	578	0	0
IS	247	522	522	0	0
IS	248	486	486	0	0
IS	249	378	378	0	0
IS	250	461	461	0	0
IS	251	441	441	0	0
IS	252	464	464	0	0
IS	253	395	395	0	0
IS	254	432	432	0	0
IS	255	405	405	0	0
IS	256	467	467	0	0
IS	257	488	488	0	0
IS	258	386	386	0	0
IS	259	373	373	0	0
IS	260	370	370	0	0
IS	261	432	432	0	0
IS	262	343	343	0	0
IS	263	422	422	0	0
IS	264	426	426	0	0
IS	265	321	321	0	0
IS	266	327	327	0	0
IS	267	325	325	0	0
IS	268	310	310	0	0
IS	269	254	254	0	0
IS	270	266	266	0	0
IS	271	252	252	0	0
IS	272	339	339	0	0
IS	273	342	342	0	0
IS	274	293	293	0	0
IS	275	319	319	0	0
IS	276	298	298	0	0
IS	277	270	270	0	0
IS	278	260	260	0	0
IS	279	221	221	0	0
IS	280	228	228	0	0
IS	281	236	236	0	0
IS	282	249	249	0	0
IS	283	242	242	0	0
IS	284	268	268	0	0
IS	285	225	225	0	0
IS	286	223	223	0	0
IS	287	185	185	0	0
IS	288	218	218	0	0
IS	289	201	201	0	0
IS	290	195	195	0	0
IS	291	201	201	0	0
IS	292	202	202	0	0
IS	293	200	200	0	0
IS	294	183	183	0	0
IS	295	165	165	0	0
IS	296	214	214	0	0
IS	297	169	169	0	0
IS	298	209	209	0	0
IS	299	160	160	0	0
IS	300	149	149	0	0
IS	301	151	151	0	0
IS	302	199	199	0	0
IS	303	168	168	0	0
IS	304	148	148	0	0
IS	305	145	145	0	0
IS	306	114	114	0	0
IS	307	121	121	0	0
IS	308	122	122	0	0
IS	309	132	132	0	0
IS	310	149	149	0	0
IS	311	135	135	0	0
IS	312	105	105	0	0
IS	313	105	105	0	0
IS	314	119	119	0	0
IS	315	99	99	0	0
IS	316	112	112	0	0
IS	317	90	90	0	0
IS	318	64	64	0	0
IS	319	103	103	0	0
IS	320	94	94	0	0
IS	321	85	85	0	0
IS	322	99	99	0	0
IS	323	90	90	0	0
IS	324	78	78	0	0
IS	325	59	59	0	0
IS	326	72	72	0	0
IS	327	77	77	0	0
IS	328	68	68	0	0
IS	329	76	76	0	0
IS	330	85	85	0	0
IS	331	68	68	0	0
IS	332	102	102	0	0
IS	333	71	71	0	0
IS	334	52	52	0	0
IS	335	41	41	0	0
IS	336	68	68	0	0
IS	337	63	63	0	0
IS	338	57	57	0	0
IS	339	47	47	0	0
IS	340	41	41	0	0
IS	341	52	52	0	0
IS	342	52	52	0	0
IS	343	44	44	0	0
IS	344	39	39	0	0
IS	345	35	35	0	0
IS	346	31	31	0	0
IS	347	37	37	0	0
IS	348	40	40	0	0
IS	349	18	18	0	0
IS	350	27	27	0	0
IS	351	28	28	0	0
IS	352	34	34	0	0
IS	353	23	23	0	0
IS	354	22	22	0	0
IS	355	40	40	0	0
IS	356	26	26	0	0
IS	357	30	30	0	0
IS	358	26	26	0	0
IS	359	32	32	0	0
IS	360	31	31	0	0
IS	361	25	25	0	0
IS	362	31	31	0	0
IS	363	19	19	0	0
IS	364	12	12	0	0
IS	365	34	34	0	0
IS	366	16	16	0	0
IS	367	21	21	0	0
# Read lengths. Use `grep ^RL | cut -f 2-` to extract this part. The columns are: read length, count
RL	137	44
RL	138	27
RL	139	48
RL	140	41
RL	141	53
RL	142	51
RL	143	59
RL	144	134
RL	145	96
RL	146	312
RL	147	3740
RL	149	27
RL	150	126398
# Read lengths - first fragments. Use `grep ^FRL | cut -f 2-` to extract this part. The columns are: read length, count
FRL	143	1
FRL	144	87
FRL	145	62
FRL	146	120
FRL	147	1773
FRL	150	61900
# Read lengths - last fragments. Use `grep ^LRL | cut -f 2-` to extract this part. The columns are: read length, count
LRL	137	44
LRL	138	27
LRL	139	48
LRL	140	41
LRL	141	53
LRL	142	51
LRL	143	58
LRL	144	47
LRL	145	34
LRL	146	192
LRL	147	1967
LRL	149	27
LRL	150	64498
# Indel distribution. Use `grep ^ID | cut -f 2-` to extract this part. The columns are: length, number of insertions, number of deletions
ID	1	28	355
ID	2	0	110
ID	3	0	18
# Indels per cycle. Use `grep ^IC | cut -f 2-` to extract this part. The columns are: cycle, number of insertions (fwd), .. (rev) , number of deletions (fwd), .. (rev)
IC	5	0	0	0	35
IC	6	0	0	0	7
IC	7	0	0	0	18
IC	16	0	0	0	2
IC	18	0	0	1	0
IC	20	0	0	0	1
IC	21	0	1	0	4
IC	22	0	0	1	1
IC	24	0	0	0	5
IC	25	0	0	2	3
IC	26	1	0	1	0
IC	27	0	0	2	1
IC	28	0	1	2	8
IC	29	0	0	2	0
IC	30	0	0	0	3
IC	31	0	0	1	0
IC	32	0	0	2	3
IC	33	0	0	3	4
IC	34	0	1	4	1
IC	37	0	0	1	4
IC	38	0	0	1	0
IC	39	0	0	1	5
IC	40	1	0	1	4
IC	41	0	0	2	0
IC	42	0	0	0	2
IC	43	0	0	0	2
IC	44	0	0	0	4
IC	45	0	0	0	1
IC	46	0	1	0	2
IC	47	0	0	1	1
IC	48	0	0	3	1
IC	49	0	0	4	2
IC	50	0	0	0	3
IC	51	0	0	1	2
IC	52	0	0	1	1
IC	53	1	0	1	1
IC	55	1	0	0	3
IC	56	0	1	0	5
IC	57	0	0	1	2
IC	58	0	1	4	4
IC	59	0	0	2	2
IC	60	0	0	9	0
IC	61	0	0	1	3
IC	62	0	0	2	0
IC	63	2	0	2	0
IC	64	0	0	5	0
IC	65	0	0	1	1
IC	66	0	0	0	2
IC	67	0	0	1	2
IC	68	0	0	0	1
IC	69	0	0	1	1
IC	70	0	0	0	2
IC	71	0	0	3	2
IC	72	0	0	0	1
IC	73	1	0	2	2
IC	74	0	0	1	0
IC	75	0	0	1	5
IC	77	2	0	0	2
IC	78	0	0	8	1
IC	79	0	0	5	4
IC	80	1	1	1	2
IC	81	0	0	4	1
IC	82	0	0	2	2
IC	83	0	0	5	1
IC	85	0	0	2	3
IC	86	0	0	0	8
IC	87	1	0	3	0
IC	88	0	0	4	1
IC	89	0	0	1	4
IC	90	0	2	0	3
IC	91	0	0	1	1
IC	92	0	0	3	3
IC	93	0	0	3	3
IC	94	0	0	1	0
IC	95	0	0	0	1
IC	96	0	0	3	1
IC	97	0	0	1	4
IC	98	0	0	4	1
IC	99	0	1	3	1
IC	100	0	0	1	3
IC	101	0	0	4	6
IC	102	0	0	4	3
IC	103	0	0	2	1
IC	104	0	1	2	1
IC	105	0	0	0	2
IC	106	0	0	0	1
IC	107	0	0	2	0
IC	108	0	0	4	4
IC	109	0	0	0	5
IC	110	0	1	0	0
IC	111	0	0	1	2
IC	112	0	0	3	3
IC	114	1	0	0	0
IC	115	0	0	1	4
IC	117	0	0	0	3
IC	118	0	0	3	1
IC	119	1	0	3	0
IC	120	0	0	2	2
IC	122	0	0	1	1
IC	123	0	0	0	3
IC	124	0	0	1	0
IC	125	0	0	1	0
IC	126	0	1	0	0
IC	127	0	0	1	0
IC	128	0	0	4	2
IC	129	0	0	1	2
IC	130	0	0	2	1
IC	131	0	0	1	0
IC	132	0	0	2	0
IC	133	0	0	1	0
IC	134	2	0	1	1
IC	135	0	0	2	0
IC	143	0	0	19	0
IC	144	0	0	6	0
IC	145	0	0	13	0
# Coverage distribution. Use `grep ^COV | cut -f 2-` to extract this part.
COV	[1-1]	1	457
COV	[2-2]	2	274
COV	[3-3]	3	80
COV	[4-4]	4	8
COV	[5-5]	5	1
COV	[6-6]	6	1
COV	[7-7]	7	2
COV	[8-8]	8	7
COV	[9-9]	9	2
COV	[10-10]	10	4
COV	[11-11]	11	25
COV	[12-12]	12	12
COV	[15-15]	15	8
COV	[16-16]	16	1
COV	[17-17]	17	2
COV	[18-18]	18	11
COV	[19-19]	19	2
COV	[20-20]	20	1
COV	[21-21]	21	3
COV	[22-22]	22	81
COV	[23-23]	23	3
COV	[24-24]	24	1
COV	[26-26]	26	4
COV	[27-27]	27	2
COV	[28-28]	28	2
COV	[29-29]	29	11
COV	[30-30]	30	3
COV	[31-31]	31	3
COV	[32-32]	32	1
COV	[33-33]	33	78
COV	[35-35]	35	7
COV	[36-36]	36	3
COV	[37-37]	37	11
COV	[38-38]	38	6
COV	[39-39]	39	4
COV	[40-40]	40	29
COV	[41-41]	41	3
COV	[42-42]	42	8
COV	[44-44]	44	17
COV	[46-46]	46	2
COV	[51-51]	51	1
COV	[56-56]	56	2
COV	[57-57]	57	3
COV	[58-58]	58	1
COV	[60-60]	60	1
COV	[65-65]	65	42
COV	[66-66]	66	21
COV	[67-67]	67	15
COV	[68-68]	68	39
COV	[71-71]	71	1
COV	[96-96]	96	1
COV	[131-131]	131	1
COV	[132-132]	132	1
COV	[136-136]	136	1
COV	[139-139]	139	2
COV	[140-140]	140	9
COV	[149-149]	149	5
COV	[211-211]	211	1
COV	[219-219]	219	1
COV	[221-221]	221	1
COV	[235-235]	235	1
COV	[253-253]	253	1
COV	[274-274]	274	1
COV	[290-290]	290	1
COV	[325-325]	325	1
COV	[340-340]	340	1
COV	[352-352]	352	1
COV	[354-354]	354	1
COV	[355-355]	355	1
COV	[357-357]	357	3
COV	[362-362]	362	1
COV	[364-364]	364	2
COV	[366-366]	366	1
COV	[367-367]	367	1
COV	[368-368]	368	3
COV	[370-370]	370	3
COV	[375-375]	375	1
COV	[376-376]	376	1
COV	[381-381]	381	1
COV	[391-391]	391	1
COV	[405-405]	405	1
COV	[409-409]	409	1
COV	[431-431]	431	1
COV	[433-433]	433	1
COV	[438-438]	438	2
COV	[444-444]	444	1
COV	[446-446]	446	1
COV	[453-453]	453	1
COV	[455-455]	455	1
COV	[456-456]	456	1
COV	[464-464]	464	2
COV	[472-472]	472	1
COV	[494-494]	494	1
COV	[496-496]	496	1
COV	[498-498]	498	1
COV	[508-508]	508	1
COV	[516-516]	516	1
COV	[518-518]	518	1
COV	[521-521]	521	2
COV	[536-536]	536	1
COV	[560-560]	560	1
COV	[561-561]	561	1
COV	[563-563]	563	1
COV	[567-567]	567	1
COV	[568-568]	568	1
COV	[595-595]	595	1
COV	[606-606]	606	5
COV	[631-631]	631	1
COV	[635-635]	635	1
COV	[642-642]	642	1
COV	[643-643]	643	1
COV	[644-644]	644	1
COV	[647-647]	647	1
COV	[650-650]	650	1
COV	[654-654]	654	2
COV	[659-659]	659	1
COV	[663-663]	663	1
COV	[669-669]	669	1
COV	[677-677]	677	1
COV	[678-678]	678	1
COV	[683-683]	683	1
COV	[687-687]	687	1
COV	[690-690]	690	1
COV	[696-696]	696	4
COV	[699-699]	699	1
COV	[717-717]	717	1
COV	[727-727]	727	1
COV	[763-763]	763	1
COV	[769-769]	769	1
COV	[772-772]	772	1
COV	[782-782]	782	1
COV	[806-806]	806	1
COV	[860-860]	860	1
COV	[874-874]	874	1
COV	[889-889]	889	1
COV	[895-895]	895	1
COV	[899-899]	899	1
COV	[902-902]	902	1
COV	[911-911]	911	1
COV	[915-915]	915	1
COV	[916-916]	916	2
COV	[931-931]	931	1
COV	[942-942]	942	1
COV	[947-947]	947	2
COV	[950-950]	950	1
COV	[968-968]	968	1
COV	[992-992]	992	1
COV	[1000<]	1000	2913
# GC-depth. Use `grep ^GCD | cut -f 2-` to extract this part. The columns are: GC%, unique sequence percentiles, 10th, 25th, 50th, 75th and 90th depth percentile
GCD	0.0	100.000	0.000	0.000	0.000	0.000	0.000
